MID19,SID19,67,2017-03-8 06:00:00,.000,32,2.1629403933702966
MID18,SID18,67,2017-03-8 06:00:00,.000,29,2.071015917717843
MID17,SID17,67,2017-03-8 06:00:00,.000,33,2.2439498055157214
MID16,SID16,67,2017-03-8 06:00:00,.000,28,2.2217550498576877
MID15,SID15,67,2017-03-8 06:00:00,.000,29,2.4745271289351773
MID14,SID14,67,2017-03-8 06:00:00,.000,26,2.036432929588264
MID13,SID13,67,2017-03-8 06:00:00,.000,27,2.332968188866936
MID12,SID12,67,2017-03-8 06:00:00,.000,25,2.46877745199677
MID11,SID11,67,2017-03-8 06:00:00,.000,31,2.33218664454983
MID99,SID99,67,2017-03-8 06:00:00,.000,32,2.195992823989068
MID10,SID10,67,2017-03-8 06:00:00,.000,29,2.1030099986015025
MID98,SID98,67,2017-03-8 06:00:00,.000,27,2.184046226225559
MID97,SID97,67,2017-03-8 06:00:00,.000,31,2.183434672467221
MID96,SID96,67,2017-03-8 06:00:00,.000,32,2.3494449455909874
MID95,SID95,67,2017-03-8 06:00:00,.000,27,2.0507576048141756
MID94,SID94,67,2017-03-8 06:00:00,.000,33,2.347314298696495
MID93,SID93,67,2017-03-8 06:00:00,.000,28,2.0665194498831316
MID92,SID92,67,2017-03-8 06:00:00,.000,31,2.1724157131966773
MID91,SID91,67,2017-03-8 06:00:00,.000,30,2.3883563657328484
MID4,SID4,67,2017-03-8 06:00:00,.000,27,2.2326131966729417
MID5,SID5,67,2017-03-8 06:00:00,.000,26,2.4445501275741393
MID6,SID6,67,2017-03-8 06:00:00,.000,30,2.1795654948927146
MID7,SID7,67,2017-03-8 06:00:00,.000,28,2.058526978042627
MID1,SID1,67,2017-03-8 06:00:00,.000,28,2.2026086660926554
MID2,SID2,67,2017-03-8 06:00:00,.000,33,2.170302919821618
MID3,SID3,67,2017-03-8 06:00:00,.000,26,2.0388620813495657
MID29,SID29,67,2017-03-8 06:00:00,.000,28,2.269386193624298
MID28,SID28,67,2017-03-8 06:00:00,.000,29,2.069716139004305
MID27,SID27,67,2017-03-8 06:00:00,.000,32,2.036606997971588
MID26,SID26,67,2017-03-8 06:00:00,.000,25,2.1296635191887976
MID8,SID8,67,2017-03-8 06:00:00,.000,30,2.1676726301233984
MID25,SID25,67,2017-03-8 06:00:00,.000,30,2.434534121927922
MID9,SID9,67,2017-03-8 06:00:00,.000,29,2.164744464243905
MID24,SID24,67,2017-03-8 06:00:00,.000,29,2.262524756906523
MID23,SID23,67,2017-03-8 06:00:00,.000,28,2.479346215560463
MID22,SID22,67,2017-03-8 06:00:00,.000,30,2.0161704147934105
MID21,SID21,67,2017-03-8 06:00:00,.000,33,2.351225322889047
MID20,SID20,67,2017-03-8 06:00:00,.000,26,2.3266328426806497
MID100,SID100,67,2017-03-8 06:00:00,.000,33,2.4813341123385055
MID79,SID79,67,2017-03-8 06:00:00,.000,31,2.2266805443421993
MID78,SID78,67,2017-03-8 06:00:00,.000,32,2.0138719795849993
MID77,SID77,67,2017-03-8 06:00:00,.000,25,2.1199944440426766
MID76,SID76,67,2017-03-8 06:00:00,.000,30,2.2754260650562075
MID75,SID75,67,2017-03-8 06:00:00,.000,32,2.0974915023540928
MID74,SID74,67,2017-03-8 06:00:00,.000,34,2.476447076725631
MID73,SID73,67,2017-03-8 06:00:00,.000,30,2.3426720153118024
MID72,SID72,67,2017-03-8 06:00:00,.000,30,2.0130822285193624
MID71,SID71,67,2017-03-8 06:00:00,.000,29,2.369710640145423
MID70,SID70,67,2017-03-8 06:00:00,.000,34,2.292941722293166
MID90,SID90,67,2017-03-8 06:00:00,.000,28,2.130889593130599
MID89,SID89,67,2017-03-8 06:00:00,.000,25,2.174505176786992
MID88,SID88,67,2017-03-8 06:00:00,.000,30,2.210108004820931
MID87,SID87,67,2017-03-8 06:00:00,.000,30,2.160486353633184
MID86,SID86,67,2017-03-8 06:00:00,.000,32,2.1079939919244746
MID85,SID85,67,2017-03-8 06:00:00,.000,30,2.2362204234554035
MID84,SID84,67,2017-03-8 06:00:00,.000,28,2.0187402616071224
MID83,SID83,67,2017-03-8 06:00:00,.000,29,2.145883213099194
MID82,SID82,67,2017-03-8 06:00:00,.000,33,2.225434185711029
MID81,SID81,67,2017-03-8 06:00:00,.000,33,2.027618759066918
MID80,SID80,67,2017-03-8 06:00:00,.000,33,2.021917072588212
MID59,SID59,67,2017-03-8 06:00:00,.000,26,2.3127621055250844
MID58,SID58,67,2017-03-8 06:00:00,.000,27,2.3978976703520023
MID57,SID57,67,2017-03-8 06:00:00,.000,29,2.359340929435465
MID56,SID56,67,2017-03-8 06:00:00,.000,34,2.3602845721939105
MID55,SID55,67,2017-03-8 06:00:00,.000,31,2.2066911920489045
MID54,SID54,67,2017-03-8 06:00:00,.000,29,2.04733600269665
MID53,SID53,67,2017-03-8 06:00:00,.000,34,2.103666087122595
MID52,SID52,67,2017-03-8 06:00:00,.000,33,2.3070209173624305
MID51,SID51,67,2017-03-8 06:00:00,.000,30,2.068901587349707
MID50,SID50,67,2017-03-8 06:00:00,.000,31,2.320908529489414
MID69,SID69,67,2017-03-8 06:00:00,.000,31,2.1069937847785116
MID68,SID68,67,2017-03-8 06:00:00,.000,27,2.310744691486379
MID67,SID67,67,2017-03-8 06:00:00,.000,33,2.059732787128902
MID66,SID66,67,2017-03-8 06:00:00,.000,28,2.3085374604541054
MID65,SID65,67,2017-03-8 06:00:00,.000,27,2.3750716290194234
MID64,SID64,67,2017-03-8 06:00:00,.000,28,2.2972178213911527
MID63,SID63,67,2017-03-8 06:00:00,.000,32,2.0731992419414977
MID62,SID62,67,2017-03-8 06:00:00,.000,25,2.2777471005855268
MID61,SID61,67,2017-03-8 06:00:00,.000,29,2.106212382469812
MID60,SID60,67,2017-03-8 06:00:00,.000,32,2.4094139884610657
MID39,SID39,67,2017-03-8 06:00:00,.000,29,2.498120898388459
MID38,SID38,67,2017-03-8 06:00:00,.000,25,2.223727718516586
MID37,SID37,67,2017-03-8 06:00:00,.000,29,2.0649572460389156
MID36,SID36,67,2017-03-8 06:00:00,.000,29,2.3339754280216227
MID35,SID35,67,2017-03-8 06:00:00,.000,26,2.251497197421619
MID34,SID34,67,2017-03-8 06:00:00,.000,25,2.1219147238355176
MID33,SID33,67,2017-03-8 06:00:00,.000,34,2.305707535828076
MID32,SID32,67,2017-03-8 06:00:00,.000,31,2.301464503327447
MID31,SID31,67,2017-03-8 06:00:00,.000,28,2.1838528003122755
MID30,SID30,67,2017-03-8 06:00:00,.000,26,2.2515855357166368
MID49,SID49,67,2017-03-8 06:00:00,.000,25,2.3470354047025808
MID48,SID48,67,2017-03-8 06:00:00,.000,30,2.1612890732489305
MID47,SID47,67,2017-03-8 06:00:00,.000,26,2.0943800120658023
MID46,SID46,67,2017-03-8 06:00:00,.000,29,2.425252937207616
MID45,SID45,67,2017-03-8 06:00:00,.000,29,2.0291896313535074
MID44,SID44,67,2017-03-8 06:00:00,.000,28,2.0200256382512047
MID43,SID43,67,2017-03-8 06:00:00,.000,31,2.3458171144327125
MID42,SID42,67,2017-03-8 06:00:00,.000,25,2.2698864436667803
MID41,SID41,67,2017-03-8 06:00:00,.000,27,2.2572098730731063
MID40,SID40,67,2017-03-8 06:00:00,.000,29,2.0263372638503347
MID19,SID19,67,2017-03-08 06:00:10,.022,32,2.305565458155689
MID18,SID18,67,2017-03-08 06:00:10,.019,30,2.148327362321303
MID17,SID17,67,2017-03-08 06:00:10,.022,33,2.042193230642392
MID16,SID16,67,2017-03-08 06:00:10,.019,25,2.2329969006182884
MID15,SID15,67,2017-03-08 06:00:10,.014,31,2.470571969636237
MID14,SID14,67,2017-03-08 06:00:10,.022,25,2.3136368907473543
MID13,SID13,67,2017-03-08 06:00:10,.025,31,2.3049585429622055
MID12,SID12,67,2017-03-08 06:00:10,.022,34,2.145009491617884
MID11,SID11,67,2017-03-08 06:00:10,.028,25,2.446490863004531
MID99,SID99,67,2017-03-08 06:00:10,.019,34,2.2518874250895276
MID10,SID10,67,2017-03-08 06:00:10,.014,28,2.009553975591795
MID98,SID98,67,2017-03-08 06:00:10,.025,34,2.2833603341622144
MID97,SID97,67,2017-03-08 06:00:10,.014,25,2.4959540736254526
MID96,SID96,67,2017-03-08 06:00:10,.025,31,2.3318915393889412
MID95,SID95,67,2017-03-08 06:00:10,.028,25,2.159207870230983
MID94,SID94,67,2017-03-08 06:00:10,.028,29,2.285872091859641
MID93,SID93,67,2017-03-08 06:00:10,.028,34,2.499101711316684
MID92,SID92,67,2017-03-08 06:00:10,.019,28,2.1983500475655027
MID91,SID91,67,2017-03-08 06:00:10,.028,27,2.0756788030390534
MID4,SID4,67,2017-03-08 06:00:10,.014,25,2.0295604990122165
MID5,SID5,67,2017-03-08 06:00:10,.022,29,2.435203254566783
MID6,SID6,67,2017-03-08 06:00:10,.017,25,2.208778056361099
MID7,SID7,67,2017-03-08 06:00:10,.028,25,2.215125034360903
MID1,SID1,67,2017-03-08 06:00:10,.019,29,2.3467819155716216
MID2,SID2,67,2017-03-08 06:00:10,.028,31,2.1557756562405297
MID3,SID3,67,2017-03-08 06:00:10,.025,30,2.147962897422316
MID29,SID29,67,2017-03-08 06:00:10,.025,31,2.29246363413925
MID28,SID28,67,2017-03-08 06:00:10,.019,32,2.056556145677699
MID27,SID27,67,2017-03-08 06:00:10,.017,31,2.2649113451970475
MID26,SID26,67,2017-03-08 06:00:10,.017,26,2.3871945330641386
MID8,SID8,67,2017-03-08 06:00:10,.019,28,2.043063737674703
MID25,SID25,67,2017-03-08 06:00:10,.014,29,2.213076831775603
MID9,SID9,67,2017-03-08 06:00:10,.022,33,2.27312105516503
MID24,SID24,67,2017-03-08 06:00:10,.014,30,2.400984770332024
MID23,SID23,67,2017-03-08 06:00:10,.022,28,2.4600202339072896
MID22,SID22,67,2017-03-08 06:00:10,.019,34,2.1129339600041948
MID21,SID21,67,2017-03-08 06:00:10,.017,32,2.409118745411614
MID20,SID20,67,2017-03-08 06:00:10,.019,31,2.2801608582301087
MID100,SID100,67,2017-03-08 06:00:10,.022,33,2.2342242596309685
MID79,SID79,67,2017-03-08 06:00:10,.014,32,2.170205078826329
MID78,SID78,67,2017-03-08 06:00:10,.022,26,2.03435669353275
MID77,SID77,67,2017-03-08 06:00:10,.014,27,2.095967253070912
MID76,SID76,67,2017-03-08 06:00:10,.017,31,2.3118404306482745
MID75,SID75,67,2017-03-08 06:00:10,.019,29,2.2626313108679597
MID74,SID74,67,2017-03-08 06:00:10,.022,33,2.0760588151054202
MID73,SID73,67,2017-03-08 06:00:10,.017,31,2.3543052619052953
MID72,SID72,67,2017-03-08 06:00:10,.028,30,2.024268966757689
MID71,SID71,67,2017-03-08 06:00:10,.017,29,2.295743855419901
MID70,SID70,67,2017-03-08 06:00:10,.017,28,2.4772701918824462
MID90,SID90,67,2017-03-08 06:00:10,.022,27,2.4275681282276773
MID89,SID89,67,2017-03-08 06:00:10,.028,34,2.2750484839520153
MID88,SID88,67,2017-03-08 06:00:10,.022,27,2.188195292372764
MID87,SID87,67,2017-03-08 06:00:10,.025,31,2.2968293760415057
MID86,SID86,67,2017-03-08 06:00:10,.017,28,2.390791735058159
MID85,SID85,67,2017-03-08 06:00:10,.028,25,2.3842229138108864
MID84,SID84,67,2017-03-08 06:00:10,.017,34,2.1590527262570394
MID83,SID83,67,2017-03-08 06:00:10,.017,29,2.2424378272998178
MID82,SID82,67,2017-03-08 06:00:10,.025,34,2.1463334740893156
MID81,SID81,67,2017-03-08 06:00:10,.025,27,2.206110168182036
MID80,SID80,67,2017-03-08 06:00:10,.025,29,2.3318297057907675
MID59,SID59,67,2017-03-08 06:00:10,.017,33,2.135591160346389
MID58,SID58,67,2017-03-08 06:00:10,.017,34,2.353141686357385
MID57,SID57,67,2017-03-08 06:00:10,.028,33,2.4238144417081338
MID56,SID56,67,2017-03-08 06:00:10,.014,26,2.41837650469546
MID55,SID55,67,2017-03-08 06:00:10,.022,28,2.424033430464306
MID54,SID54,67,2017-03-08 06:00:10,.014,32,2.4991809395860205
MID53,SID53,67,2017-03-08 06:00:10,.019,34,2.0386663652866277
MID52,SID52,67,2017-03-08 06:00:10,.028,32,2.218028472745709
MID51,SID51,67,2017-03-08 06:00:10,.025,29,2.040180919562953
MID50,SID50,67,2017-03-08 06:00:10,.014,32,2.1078146781978098
MID69,SID69,67,2017-03-08 06:00:10,.028,28,2.022108564954992
MID68,SID68,67,2017-03-08 06:00:10,.019,25,2.327937316316123
MID67,SID67,67,2017-03-08 06:00:10,.025,28,2.3680401195815297
MID66,SID66,67,2017-03-08 06:00:10,.017,30,2.228881820321839
MID65,SID65,67,2017-03-08 06:00:10,.025,32,2.258019655834608
MID64,SID64,67,2017-03-08 06:00:10,.022,32,2.4230372493223307
MID63,SID63,67,2017-03-08 06:00:10,.017,33,2.2932601701749613
MID62,SID62,67,2017-03-08 06:00:10,.028,32,2.1046326590123416
MID61,SID61,67,2017-03-08 06:00:10,.025,31,2.377437557078836
MID60,SID60,67,2017-03-08 06:00:10,.025,27,2.1877155571261047
MID39,SID39,67,2017-03-08 06:00:10,.022,31,2.462176564529424
MID38,SID38,67,2017-03-08 06:00:10,.019,26,2.3239349479148514
MID37,SID37,67,2017-03-08 06:00:10,.022,31,2.314727458566049
MID36,SID36,67,2017-03-08 06:00:10,.025,34,2.216230105312529
MID35,SID35,67,2017-03-08 06:00:10,.025,30,2.28276239267149
MID34,SID34,67,2017-03-08 06:00:10,.014,26,2.1829981529009226
MID33,SID33,67,2017-03-08 06:00:10,.028,27,2.0111467233117093
MID32,SID32,67,2017-03-08 06:00:10,.025,29,2.463610355097863
MID31,SID31,67,2017-03-08 06:00:10,.014,31,2.14284807856188
MID30,SID30,67,2017-03-08 06:00:10,.019,29,2.277010246277362
MID49,SID49,67,2017-03-08 06:00:10,.019,29,2.1109838755723547
MID48,SID48,67,2017-03-08 06:00:10,.025,30,2.34965562161491
MID47,SID47,67,2017-03-08 06:00:10,.019,26,2.3144378911624175
MID46,SID46,67,2017-03-08 06:00:10,.022,32,2.187499147274344
MID45,SID45,67,2017-03-08 06:00:10,.019,25,2.08608376714557
MID44,SID44,67,2017-03-08 06:00:10,.014,34,2.4510282284323286
MID43,SID43,67,2017-03-08 06:00:10,.017,33,2.272581083953256
MID42,SID42,67,2017-03-08 06:00:10,.025,29,2.188615074718249
MID41,SID41,67,2017-03-08 06:00:10,.025,29,2.3603784063290574
MID40,SID40,67,2017-03-08 06:00:10,.028,32,2.4344816736519457
MID19,SID19,67,2017-03-08 06:00:20,.044,28,2.0127008000173277
MID18,SID18,67,2017-03-08 06:00:20,.039,32,2.4739700756800747
MID17,SID17,67,2017-03-08 06:00:20,.044,27,2.19487173092688
MID16,SID16,67,2017-03-08 06:00:20,.039,33,2.1867362130908705
MID15,SID15,67,2017-03-08 06:00:20,.028,33,2.321694212130925
MID14,SID14,67,2017-03-08 06:00:20,.044,31,2.41959358537709
MID13,SID13,67,2017-03-08 06:00:20,.050,30,2.488627914530203
MID12,SID12,67,2017-03-08 06:00:20,.044,33,2.202990709520713
MID11,SID11,67,2017-03-08 06:00:20,.056,33,2.0122679916336836
MID99,SID99,67,2017-03-08 06:00:20,.039,32,2.2302326763298432
MID10,SID10,67,2017-03-08 06:00:20,.028,33,2.1783294539630016
MID98,SID98,67,2017-03-08 06:00:20,.050,32,2.1451378925615394
MID97,SID97,67,2017-03-08 06:00:20,.028,33,2.320932803095958
MID96,SID96,67,2017-03-08 06:00:20,.050,29,2.4261965597013018
MID95,SID95,67,2017-03-08 06:00:20,.056,25,2.153209149610131
MID94,SID94,67,2017-03-08 06:00:20,.056,34,2.2669370685465946
MID93,SID93,67,2017-03-08 06:00:20,.056,32,2.1799978082372036
MID92,SID92,67,2017-03-08 06:00:20,.039,27,2.2461194711075145
MID91,SID91,67,2017-03-08 06:00:20,.056,29,2.0320279490752595
MID4,SID4,67,2017-03-08 06:00:20,.028,34,2.387210307922234
MID5,SID5,67,2017-03-08 06:00:20,.044,26,2.28633935400717
MID6,SID6,67,2017-03-08 06:00:20,.033,32,2.465341715148721
MID7,SID7,67,2017-03-08 06:00:20,.056,32,2.441765260473851
MID1,SID1,67,2017-03-08 06:00:20,.039,32,2.3189700991548436
MID2,SID2,67,2017-03-08 06:00:20,.056,28,2.412124362111294
MID3,SID3,67,2017-03-08 06:00:20,.050,27,2.0281856061719115
MID29,SID29,67,2017-03-08 06:00:20,.050,31,2.105770797109885
MID28,SID28,67,2017-03-08 06:00:20,.039,27,2.197795466485234
MID27,SID27,67,2017-03-08 06:00:20,.033,26,2.4382729678496107
MID26,SID26,67,2017-03-08 06:00:20,.033,28,2.2946951582885537
MID8,SID8,67,2017-03-08 06:00:20,.039,30,2.0632507508570117
MID25,SID25,67,2017-03-08 06:00:20,.028,34,2.20415685524486
MID9,SID9,67,2017-03-08 06:00:20,.044,29,2.2882862343919683
MID24,SID24,67,2017-03-08 06:00:20,.028,29,2.309301822439878
MID23,SID23,67,2017-03-08 06:00:20,.044,31,2.1852311609827084
MID22,SID22,67,2017-03-08 06:00:20,.039,30,2.2288451287805913
MID21,SID21,67,2017-03-08 06:00:20,.033,34,2.3321272355657827
MID20,SID20,67,2017-03-08 06:00:20,.039,31,2.391944189803147
MID100,SID100,67,2017-03-08 06:00:20,.044,32,2.0568962404248787
MID79,SID79,67,2017-03-08 06:00:20,.028,29,2.395297878838565
MID78,SID78,67,2017-03-08 06:00:20,.044,32,2.2375429925811683
MID77,SID77,67,2017-03-08 06:00:20,.028,28,2.138841640280071
MID76,SID76,67,2017-03-08 06:00:20,.033,29,2.4000144856648187
MID75,SID75,67,2017-03-08 06:00:20,.039,28,2.481190431911228
MID74,SID74,67,2017-03-08 06:00:20,.044,30,2.3345001450894536
MID73,SID73,67,2017-03-08 06:00:20,.033,31,2.0273766106856828
MID72,SID72,67,2017-03-08 06:00:20,.056,25,2.3049001185888756
MID71,SID71,67,2017-03-08 06:00:20,.033,33,2.396254401149702
MID70,SID70,67,2017-03-08 06:00:20,.033,34,2.2305013179410462
MID90,SID90,67,2017-03-08 06:00:20,.044,30,2.372318777732413
MID89,SID89,67,2017-03-08 06:00:20,.056,32,2.3997727144864203
MID88,SID88,67,2017-03-08 06:00:20,.044,34,2.4471604759965504
MID87,SID87,67,2017-03-08 06:00:20,.050,27,2.0975791555283276
MID86,SID86,67,2017-03-08 06:00:20,.033,26,2.269721163113344
MID85,SID85,67,2017-03-08 06:00:20,.056,26,2.259753838376197
MID84,SID84,67,2017-03-08 06:00:20,.033,30,2.499670700051356
MID83,SID83,67,2017-03-08 06:00:20,.033,30,2.3834932841528147
MID82,SID82,67,2017-03-08 06:00:20,.050,32,2.365844076228761
MID81,SID81,67,2017-03-08 06:00:20,.050,27,2.0119089157544403
MID80,SID80,67,2017-03-08 06:00:20,.050,25,2.4775692013911685
MID59,SID59,67,2017-03-08 06:00:20,.033,28,2.0536044101476705
MID58,SID58,67,2017-03-08 06:00:20,.033,25,2.0526429100561336
MID57,SID57,67,2017-03-08 06:00:20,.056,25,2.361923222634723
MID56,SID56,67,2017-03-08 06:00:20,.028,27,2.4597870913061124
MID55,SID55,67,2017-03-08 06:00:20,.044,33,2.099333775419892
MID54,SID54,67,2017-03-08 06:00:20,.028,31,2.285523855326235
MID53,SID53,67,2017-03-08 06:00:20,.039,27,2.1428285862636858
MID52,SID52,67,2017-03-08 06:00:20,.056,30,2.1246892976996063
MID51,SID51,67,2017-03-08 06:00:20,.050,26,2.1941465173141896
MID50,SID50,67,2017-03-08 06:00:20,.028,27,2.092766528636999
MID69,SID69,67,2017-03-08 06:00:20,.056,27,2.327634203403978
MID68,SID68,67,2017-03-08 06:00:20,.039,31,2.1301792915781994
MID67,SID67,67,2017-03-08 06:00:20,.050,32,2.2047181674445855
MID66,SID66,67,2017-03-08 06:00:20,.033,27,2.0605790599738816
MID65,SID65,67,2017-03-08 06:00:20,.050,28,2.180082918259826
MID64,SID64,67,2017-03-08 06:00:20,.044,31,2.000962800652748
MID63,SID63,67,2017-03-08 06:00:20,.033,32,2.1878349986827685
MID62,SID62,67,2017-03-08 06:00:20,.056,27,2.1804385609648187
MID61,SID61,67,2017-03-08 06:00:20,.050,33,2.244153707767632
MID60,SID60,67,2017-03-08 06:00:20,.050,31,2.2417324126629343
MID39,SID39,67,2017-03-08 06:00:20,.044,32,2.236600590415221
MID38,SID38,67,2017-03-08 06:00:20,.039,30,2.355058408326252
MID37,SID37,67,2017-03-08 06:00:20,.044,32,2.076185563800385
MID36,SID36,67,2017-03-08 06:00:20,.050,33,2.0186361641608106
MID35,SID35,67,2017-03-08 06:00:20,.050,31,2.2977980809026617
MID34,SID34,67,2017-03-08 06:00:20,.028,32,2.0079452244033913
MID33,SID33,67,2017-03-08 06:00:20,.056,31,2.2509420962850064
MID32,SID32,67,2017-03-08 06:00:20,.050,31,2.061618349243776
MID31,SID31,67,2017-03-08 06:00:20,.028,25,2.177402891111632
MID30,SID30,67,2017-03-08 06:00:20,.039,28,2.3346442762313533
MID49,SID49,67,2017-03-08 06:00:20,.039,34,2.4657204186517325
MID48,SID48,67,2017-03-08 06:00:20,.050,27,2.0388312699621105
MID47,SID47,67,2017-03-08 06:00:20,.039,34,2.471832693475013
MID46,SID46,67,2017-03-08 06:00:20,.044,34,2.428707729475187
MID45,SID45,67,2017-03-08 06:00:20,.039,26,2.0181129251831478
MID44,SID44,67,2017-03-08 06:00:20,.028,28,2.116810134570873
MID43,SID43,67,2017-03-08 06:00:20,.033,26,2.28496806978054
MID42,SID42,67,2017-03-08 06:00:20,.050,29,2.302784842359497
MID41,SID41,67,2017-03-08 06:00:20,.050,32,2.246095224805343
MID40,SID40,67,2017-03-08 06:00:20,.056,31,2.481268500972779
MID19,SID19,67,2017-03-08 06:00:30,.067,30,2.1376713691017017
MID18,SID18,67,2017-03-08 06:00:30,.058,32,2.032600331029072
MID17,SID17,67,2017-03-08 06:00:30,.067,27,2.4979312729838603
MID16,SID16,67,2017-03-08 06:00:30,.058,28,2.441188561731767
MID15,SID15,67,2017-03-08 06:00:30,.042,27,2.1538448293239747
MID14,SID14,67,2017-03-08 06:00:30,.067,32,2.301571661319698
MID13,SID13,67,2017-03-08 06:00:30,.075,31,2.2940372467239984
MID12,SID12,67,2017-03-08 06:00:30,.067,31,2.1290955528813758
MID11,SID11,67,2017-03-08 06:00:30,.083,25,2.033227341178329
MID99,SID99,67,2017-03-08 06:00:30,.058,29,2.103996844927054
MID10,SID10,67,2017-03-08 06:00:30,.042,33,2.4883686359808608
MID98,SID98,67,2017-03-08 06:00:30,.075,26,2.2490914945247753
MID97,SID97,67,2017-03-08 06:00:30,.042,34,2.394995602246324
MID96,SID96,67,2017-03-08 06:00:30,.075,33,2.1675126390052912
MID95,SID95,67,2017-03-08 06:00:30,.083,32,2.2076884232500174
MID94,SID94,67,2017-03-08 06:00:30,.083,34,2.024127824907138
MID93,SID93,67,2017-03-08 06:00:30,.083,27,2.4583654650820694
MID92,SID92,67,2017-03-08 06:00:30,.058,31,2.2123163137457196
MID91,SID91,67,2017-03-08 06:00:30,.083,25,2.2603297575808354
MID4,SID4,67,2017-03-08 06:00:30,.042,27,2.1330193027115127
MID5,SID5,67,2017-03-08 06:00:30,.067,27,2.421585833830131
MID6,SID6,67,2017-03-08 06:00:30,.050,28,2.0434271644437456
MID7,SID7,67,2017-03-08 06:00:30,.083,29,2.1112579801445808
MID1,SID1,67,2017-03-08 06:00:30,.058,29,2.1024526224596727
MID2,SID2,67,2017-03-08 06:00:30,.083,30,2.2525152652513487
MID3,SID3,67,2017-03-08 06:00:30,.075,25,2.0429441939414725
MID29,SID29,67,2017-03-08 06:00:30,.075,30,2.2477695583632404
MID28,SID28,67,2017-03-08 06:00:30,.058,28,2.2601416853747827
MID27,SID27,67,2017-03-08 06:00:30,.050,27,2.347538354730821
MID26,SID26,67,2017-03-08 06:00:30,.050,28,2.4533755776409634
MID8,SID8,67,2017-03-08 06:00:30,.058,25,2.41649118820356
MID25,SID25,67,2017-03-08 06:00:30,.042,33,2.442667968329309
MID9,SID9,67,2017-03-08 06:00:30,.067,34,2.43384070641047
MID24,SID24,67,2017-03-08 06:00:30,.042,33,2.0057933966461206
MID23,SID23,67,2017-03-08 06:00:30,.067,33,2.4605878516612902
MID22,SID22,67,2017-03-08 06:00:30,.058,30,2.159784592714177
MID21,SID21,67,2017-03-08 06:00:30,.050,29,2.4420823517656443
MID20,SID20,67,2017-03-08 06:00:30,.058,34,2.248419143211813
MID100,SID100,67,2017-03-08 06:00:30,.067,33,2.28483024015507
MID79,SID79,67,2017-03-08 06:00:30,.042,27,2.4966311160433645
MID78,SID78,67,2017-03-08 06:00:30,.067,32,2.329690426845986
MID77,SID77,67,2017-03-08 06:00:30,.042,30,2.3602941536147832
MID76,SID76,67,2017-03-08 06:00:30,.050,25,2.114867812787297
MID75,SID75,67,2017-03-08 06:00:30,.058,29,2.1334753341106634
MID74,SID74,67,2017-03-08 06:00:30,.067,30,2.4658614292973287
MID73,SID73,67,2017-03-08 06:00:30,.050,33,2.3046937799127187
MID72,SID72,67,2017-03-08 06:00:30,.083,27,2.119455425518717
MID71,SID71,67,2017-03-08 06:00:30,.050,29,2.1556373893958387
MID70,SID70,67,2017-03-08 06:00:30,.050,33,2.04001061736876
MID90,SID90,67,2017-03-08 06:00:30,.067,32,2.008545219771963
MID89,SID89,67,2017-03-08 06:00:30,.083,32,2.06867884820298
MID88,SID88,67,2017-03-08 06:00:30,.067,34,2.3778240826529515
MID87,SID87,67,2017-03-08 06:00:30,.075,28,2.418429721242964
MID86,SID86,67,2017-03-08 06:00:30,.050,29,2.1135275573677292
MID85,SID85,67,2017-03-08 06:00:30,.083,27,2.090665938269331
MID84,SID84,67,2017-03-08 06:00:30,.050,34,2.3413570736291813
MID83,SID83,67,2017-03-08 06:00:30,.050,32,2.3111292744234975
MID82,SID82,67,2017-03-08 06:00:30,.075,27,2.215872454295244
MID81,SID81,67,2017-03-08 06:00:30,.075,25,2.47141333466455
MID80,SID80,67,2017-03-08 06:00:30,.075,31,2.0903529952790905
MID59,SID59,67,2017-03-08 06:00:30,.050,27,2.458533850395555
MID58,SID58,67,2017-03-08 06:00:30,.050,29,2.43500725224295
MID57,SID57,67,2017-03-08 06:00:30,.083,28,2.2993176420560006
MID56,SID56,67,2017-03-08 06:00:30,.042,25,2.2926180753388956
MID55,SID55,67,2017-03-08 06:00:30,.067,33,2.2834621647516276
MID54,SID54,67,2017-03-08 06:00:30,.042,25,2.4503580265644533
MID53,SID53,67,2017-03-08 06:00:30,.058,31,2.2779219911815636
MID52,SID52,67,2017-03-08 06:00:30,.083,28,2.4929718170086983
MID51,SID51,67,2017-03-08 06:00:30,.075,26,2.1978295641118892
MID50,SID50,67,2017-03-08 06:00:30,.042,32,2.42719035052743
MID69,SID69,67,2017-03-08 06:00:30,.083,33,2.1139356175841244
MID68,SID68,67,2017-03-08 06:00:30,.058,32,2.171191312667305
MID67,SID67,67,2017-03-08 06:00:30,.075,34,2.098605145356316
MID66,SID66,67,2017-03-08 06:00:30,.050,28,2.4306169977749867
MID65,SID65,67,2017-03-08 06:00:30,.075,30,2.4598141699339764
MID64,SID64,67,2017-03-08 06:00:30,.067,32,2.2850176042038686
MID63,SID63,67,2017-03-08 06:00:30,.050,32,2.226551037923926
MID62,SID62,67,2017-03-08 06:00:30,.083,34,2.4954619388933237
MID61,SID61,67,2017-03-08 06:00:30,.075,31,2.111101351979801
MID60,SID60,67,2017-03-08 06:00:30,.075,29,2.1507637665464747
MID39,SID39,67,2017-03-08 06:00:30,.067,25,2.1281456296904766
MID38,SID38,67,2017-03-08 06:00:30,.058,27,2.461876181676977
MID37,SID37,67,2017-03-08 06:00:30,.067,30,2.4256773585908316
MID36,SID36,67,2017-03-08 06:00:30,.075,33,2.4979734143351093
MID35,SID35,67,2017-03-08 06:00:30,.075,33,2.128130526821905
MID34,SID34,67,2017-03-08 06:00:30,.042,28,2.0627246461654805
MID33,SID33,67,2017-03-08 06:00:30,.083,26,2.227598516319886
MID32,SID32,67,2017-03-08 06:00:30,.075,33,2.3913727355427237
MID31,SID31,67,2017-03-08 06:00:30,.042,31,2.2507422880689614
MID30,SID30,67,2017-03-08 06:00:30,.058,30,2.0516266232798075
MID49,SID49,67,2017-03-08 06:00:30,.058,27,2.49246547760761
MID48,SID48,67,2017-03-08 06:00:30,.075,34,2.13134046694299
MID47,SID47,67,2017-03-08 06:00:30,.058,28,2.3428837269209644
MID46,SID46,67,2017-03-08 06:00:30,.067,25,2.214906983689354
MID45,SID45,67,2017-03-08 06:00:30,.058,34,2.0098062449930407
MID44,SID44,67,2017-03-08 06:00:30,.042,26,2.144033887474089
MID43,SID43,67,2017-03-08 06:00:30,.050,33,2.144039504984089
MID42,SID42,67,2017-03-08 06:00:30,.075,33,2.0703292099743766
MID41,SID41,67,2017-03-08 06:00:30,.075,27,2.2051522596864643
MID40,SID40,67,2017-03-08 06:00:30,.083,32,2.113108888236657
MID19,SID19,67,2017-03-08 06:00:40,.089,26,2.4076522458007568
MID18,SID18,67,2017-03-08 06:00:40,.078,30,2.283485646762522
MID17,SID17,67,2017-03-08 06:00:40,.089,30,2.256694328797635
MID16,SID16,67,2017-03-08 06:00:40,.078,34,2.2686091226890044
MID15,SID15,67,2017-03-08 06:00:40,.056,27,2.436366991349395
MID14,SID14,67,2017-03-08 06:00:40,.089,32,2.220014816383873
MID13,SID13,67,2017-03-08 06:00:40,.100,29,2.07122457559832
MID12,SID12,67,2017-03-08 06:00:40,.089,31,2.0540232229859123
MID11,SID11,67,2017-03-08 06:00:40,.111,26,2.421629530913597
MID99,SID99,67,2017-03-08 06:00:40,.078,29,2.2039586568100398
MID10,SID10,67,2017-03-08 06:00:40,.056,34,2.033156213537381
MID98,SID98,67,2017-03-08 06:00:40,.100,28,2.0257768700436296
MID97,SID97,67,2017-03-08 06:00:40,.056,31,2.4739858635642777
MID96,SID96,67,2017-03-08 06:00:40,.100,30,2.162809311633826
MID95,SID95,67,2017-03-08 06:00:40,.111,33,2.023512888766765
MID94,SID94,67,2017-03-08 06:00:40,.111,29,2.1918179565601936
MID93,SID93,67,2017-03-08 06:00:40,.111,25,2.3182358432406485
MID92,SID92,67,2017-03-08 06:00:40,.078,32,2.2843220270113407
MID91,SID91,67,2017-03-08 06:00:40,.111,30,2.160378022742585
MID4,SID4,67,2017-03-08 06:00:40,.056,31,2.0431641123223496
MID5,SID5,67,2017-03-08 06:00:40,.089,29,2.242942311372925
MID6,SID6,67,2017-03-08 06:00:40,.067,25,2.440951670248725
MID7,SID7,67,2017-03-08 06:00:40,.111,32,2.3928440429025817
MID1,SID1,67,2017-03-08 06:00:40,.078,30,2.373371267386394
MID2,SID2,67,2017-03-08 06:00:40,.111,25,2.2577901843097266
MID3,SID3,67,2017-03-08 06:00:40,.100,29,2.434754773685098
MID29,SID29,67,2017-03-08 06:00:40,.100,30,2.3996426720807555
MID28,SID28,67,2017-03-08 06:00:40,.078,30,2.1467131013379523
MID27,SID27,67,2017-03-08 06:00:40,.067,25,2.2506402817824225
MID26,SID26,67,2017-03-08 06:00:40,.067,29,2.3965836019308058
MID8,SID8,67,2017-03-08 06:00:40,.078,26,2.237852226472176
MID25,SID25,67,2017-03-08 06:00:40,.056,25,2.48102573383641
MID9,SID9,67,2017-03-08 06:00:40,.089,32,2.2017290836965953
MID24,SID24,67,2017-03-08 06:00:40,.056,33,2.279583668031247
MID23,SID23,67,2017-03-08 06:00:40,.089,30,2.2190856605459044
MID22,SID22,67,2017-03-08 06:00:40,.078,31,2.4847276966928526
MID21,SID21,67,2017-03-08 06:00:40,.067,33,2.1759442528902793
MID20,SID20,67,2017-03-08 06:00:40,.078,31,2.26747883648879
MID100,SID100,67,2017-03-08 06:00:40,.089,31,2.3740404804409625
MID79,SID79,67,2017-03-08 06:00:40,.056,26,2.3933472863784413
MID78,SID78,67,2017-03-08 06:00:40,.089,26,2.0681578600209187
MID77,SID77,67,2017-03-08 06:00:40,.056,27,2.156623460264325
MID76,SID76,67,2017-03-08 06:00:40,.067,25,2.1266961907234325
MID75,SID75,67,2017-03-08 06:00:40,.078,27,2.160553659487868
MID74,SID74,67,2017-03-08 06:00:40,.089,31,2.2918314967015068
MID73,SID73,67,2017-03-08 06:00:40,.067,26,2.2676890923188058
MID72,SID72,67,2017-03-08 06:00:40,.111,33,2.374707658411717
MID71,SID71,67,2017-03-08 06:00:40,.067,33,2.0614451621103385
MID70,SID70,67,2017-03-08 06:00:40,.067,25,2.0344153815916295
MID90,SID90,67,2017-03-08 06:00:40,.089,25,2.426601634823982
MID89,SID89,67,2017-03-08 06:00:40,.111,34,2.1199070404899727
MID88,SID88,67,2017-03-08 06:00:40,.089,25,2.0562539845763625
MID87,SID87,67,2017-03-08 06:00:40,.100,25,2.04584857446069
MID86,SID86,67,2017-03-08 06:00:40,.067,26,2.3879795834709316
MID85,SID85,67,2017-03-08 06:00:40,.111,25,2.389351165958271
MID84,SID84,67,2017-03-08 06:00:40,.067,33,2.0800091661221742
MID83,SID83,67,2017-03-08 06:00:40,.067,33,2.150747001098554
MID82,SID82,67,2017-03-08 06:00:40,.100,34,2.0019244658809803
MID81,SID81,67,2017-03-08 06:00:40,.100,32,2.162750305087189
MID80,SID80,67,2017-03-08 06:00:40,.100,26,2.0069273688878146
MID59,SID59,67,2017-03-08 06:00:40,.067,31,2.3344109114351754
MID58,SID58,67,2017-03-08 06:00:40,.067,26,2.4789884735891077
MID57,SID57,67,2017-03-08 06:00:40,.111,26,2.0358663330708318
MID56,SID56,67,2017-03-08 06:00:40,.056,29,2.41574125939411
MID55,SID55,67,2017-03-08 06:00:40,.089,32,2.3331999294574177
MID54,SID54,67,2017-03-08 06:00:40,.056,28,2.360542932433733
MID53,SID53,67,2017-03-08 06:00:40,.078,28,2.401629269024959
MID52,SID52,67,2017-03-08 06:00:40,.111,28,2.346621625889349
MID51,SID51,67,2017-03-08 06:00:40,.100,26,2.2458721132849804
MID50,SID50,67,2017-03-08 06:00:40,.056,28,2.108532756930221
MID69,SID69,67,2017-03-08 06:00:40,.111,27,2.019402271262546
MID68,SID68,67,2017-03-08 06:00:40,.078,32,2.445945325131176
MID67,SID67,67,2017-03-08 06:00:40,.100,27,2.2562004775268814
MID66,SID66,67,2017-03-08 06:00:40,.067,29,2.0034555670323733
MID65,SID65,67,2017-03-08 06:00:40,.100,30,2.225672180069578
MID64,SID64,67,2017-03-08 06:00:40,.089,27,2.1845397696294886
MID63,SID63,67,2017-03-08 06:00:40,.067,26,2.258644869476541
MID62,SID62,67,2017-03-08 06:00:40,.111,28,2.0997949050646705
MID61,SID61,67,2017-03-08 06:00:40,.100,29,2.3501967322107173
MID60,SID60,67,2017-03-08 06:00:40,.100,25,2.372806130142151
MID39,SID39,67,2017-03-08 06:00:40,.089,32,2.119965825771055
MID38,SID38,67,2017-03-08 06:00:40,.078,34,2.158060079526819
MID37,SID37,67,2017-03-08 06:00:40,.089,25,2.3449051426404313
MID36,SID36,67,2017-03-08 06:00:40,.100,33,2.264969242566539
MID35,SID35,67,2017-03-08 06:00:40,.100,26,2.2368022298839967
MID34,SID34,67,2017-03-08 06:00:40,.056,25,2.1422331111137067
MID33,SID33,67,2017-03-08 06:00:40,.111,31,2.473376784111413
MID32,SID32,67,2017-03-08 06:00:40,.100,28,2.106747480699412
MID31,SID31,67,2017-03-08 06:00:40,.056,34,2.2736115247122513
MID30,SID30,67,2017-03-08 06:00:40,.078,29,2.361013968495992
MID49,SID49,67,2017-03-08 06:00:40,.078,29,2.0007875378755235
MID48,SID48,67,2017-03-08 06:00:40,.100,28,2.304406931552897
MID47,SID47,67,2017-03-08 06:00:40,.078,33,2.250342281053353
MID46,SID46,67,2017-03-08 06:00:40,.089,34,2.2457029474813237
MID45,SID45,67,2017-03-08 06:00:40,.078,30,2.173982143379979
MID44,SID44,67,2017-03-08 06:00:40,.056,29,2.004837607550023
MID43,SID43,67,2017-03-08 06:00:40,.067,25,2.4181495860271185
MID42,SID42,67,2017-03-08 06:00:40,.100,34,2.378538850589859
MID41,SID41,67,2017-03-08 06:00:40,.100,25,2.288647755966746
MID40,SID40,67,2017-03-08 06:00:40,.111,30,2.042501447373607
MID19,SID19,67,2017-03-08 06:00:50,.111,34,2.220402039637328
MID18,SID18,67,2017-03-08 06:00:50,.097,31,2.1857379119503624
MID17,SID17,67,2017-03-08 06:00:50,.111,27,2.4377512948322937
MID16,SID16,67,2017-03-08 06:00:50,.097,26,2.319505955858229
MID15,SID15,67,2017-03-08 06:00:50,.069,28,2.249019769857107
MID14,SID14,67,2017-03-08 06:00:50,.111,34,2.4508320007161166
MID13,SID13,67,2017-03-08 06:00:50,.125,33,2.4452854948458644
MID12,SID12,67,2017-03-08 06:00:50,.111,34,2.095438455433907
MID11,SID11,67,2017-03-08 06:00:50,.139,25,2.0125418370045884
MID99,SID99,67,2017-03-08 06:00:50,.097,33,2.311306444178056
MID10,SID10,67,2017-03-08 06:00:50,.069,28,2.1685539800916023
MID98,SID98,67,2017-03-08 06:00:50,.125,25,2.0149705946089838
MID97,SID97,67,2017-03-08 06:00:50,.069,25,2.4445681234576258
MID96,SID96,67,2017-03-08 06:00:50,.125,29,2.1532150746594843
MID95,SID95,67,2017-03-08 06:00:50,.139,27,2.364061670287779
MID94,SID94,67,2017-03-08 06:00:50,.139,31,2.1459753485880504
MID93,SID93,67,2017-03-08 06:00:50,.139,34,2.3673401481574046
MID92,SID92,67,2017-03-08 06:00:50,.097,31,2.082030741306726
MID91,SID91,67,2017-03-08 06:00:50,.139,28,2.478363719970342
MID4,SID4,67,2017-03-08 06:00:50,.069,30,2.3762393023433592
MID5,SID5,67,2017-03-08 06:00:50,.111,31,2.438105195827042
MID6,SID6,67,2017-03-08 06:00:50,.083,30,2.0102499037158967
MID7,SID7,67,2017-03-08 06:00:50,.139,28,2.3687764046840356
MID1,SID1,67,2017-03-08 06:00:50,.097,28,2.259523729613722
MID2,SID2,67,2017-03-08 06:00:50,.139,31,2.441076670051155
MID3,SID3,67,2017-03-08 06:00:50,.125,27,2.2309685562756885
MID29,SID29,67,2017-03-08 06:00:50,.125,34,2.2007747843752488
MID28,SID28,67,2017-03-08 06:00:50,.097,32,2.311726754230137
MID27,SID27,67,2017-03-08 06:00:50,.083,26,2.00872367748256
MID26,SID26,67,2017-03-08 06:00:50,.083,34,2.157407033840699
MID8,SID8,67,2017-03-08 06:00:50,.097,30,2.1627995363517662
MID25,SID25,67,2017-03-08 06:00:50,.069,25,2.260550876722742
MID9,SID9,67,2017-03-08 06:00:50,.111,25,2.4954680062958956
MID24,SID24,67,2017-03-08 06:00:50,.069,30,2.271618800413703
MID23,SID23,67,2017-03-08 06:00:50,.111,34,2.383968023143502
MID22,SID22,67,2017-03-08 06:00:50,.097,25,2.3328867602929098
MID21,SID21,67,2017-03-08 06:00:50,.083,27,2.0041283445164044
MID20,SID20,67,2017-03-08 06:00:50,.097,31,2.3191879183514996
MID100,SID100,67,2017-03-08 06:00:50,.111,31,2.418288058407385
MID79,SID79,67,2017-03-08 06:00:50,.069,28,2.3328999743039747
MID78,SID78,67,2017-03-08 06:00:50,.111,25,2.0078475284647297
MID77,SID77,67,2017-03-08 06:00:50,.069,26,2.4706685576450305
MID76,SID76,67,2017-03-08 06:00:50,.083,25,2.3918368136269934
MID75,SID75,67,2017-03-08 06:00:50,.097,28,2.3953472754940557
MID74,SID74,67,2017-03-08 06:00:50,.111,29,2.393838421946239
MID73,SID73,67,2017-03-08 06:00:50,.083,30,2.160413330821054
MID72,SID72,67,2017-03-08 06:00:50,.139,33,2.2268046959385046
MID71,SID71,67,2017-03-08 06:00:50,.083,32,2.4244383902969155
MID70,SID70,67,2017-03-08 06:00:50,.083,25,2.4120560407160205
MID90,SID90,67,2017-03-08 06:00:50,.111,29,2.437518069223814
MID89,SID89,67,2017-03-08 06:00:50,.139,34,2.2562200702947375
MID88,SID88,67,2017-03-08 06:00:50,.111,26,2.2430447330400427
MID87,SID87,67,2017-03-08 06:00:50,.125,25,2.1661082250282986
MID86,SID86,67,2017-03-08 06:00:50,.083,33,2.130267984800643
MID85,SID85,67,2017-03-08 06:00:50,.139,33,2.443591863171398
MID84,SID84,67,2017-03-08 06:00:50,.083,25,2.3517630771011286
MID83,SID83,67,2017-03-08 06:00:50,.083,31,2.042786914544158
MID82,SID82,67,2017-03-08 06:00:50,.125,25,2.0104742757379253
MID81,SID81,67,2017-03-08 06:00:50,.125,34,2.19195379438571
MID80,SID80,67,2017-03-08 06:00:50,.125,28,2.421212577884884
MID59,SID59,67,2017-03-08 06:00:50,.083,25,2.4041640465210126
MID58,SID58,67,2017-03-08 06:00:50,.083,30,2.2716433717248505
MID57,SID57,67,2017-03-08 06:00:50,.139,29,2.1212135762208395
MID56,SID56,67,2017-03-08 06:00:50,.069,30,2.4587778259117354
MID55,SID55,67,2017-03-08 06:00:50,.111,34,2.424526608133131
MID54,SID54,67,2017-03-08 06:00:50,.069,34,2.218658324432446
MID53,SID53,67,2017-03-08 06:00:50,.097,33,2.354858698626039
MID52,SID52,67,2017-03-08 06:00:50,.139,27,2.2653509004065584
MID51,SID51,67,2017-03-08 06:00:50,.125,26,2.2966911370999923
MID50,SID50,67,2017-03-08 06:00:50,.069,25,2.2955154650755545
MID69,SID69,67,2017-03-08 06:00:50,.139,25,2.3137173669155846
MID68,SID68,67,2017-03-08 06:00:50,.097,28,2.2258037484566087
MID67,SID67,67,2017-03-08 06:00:50,.125,31,2.1235883410451004
MID66,SID66,67,2017-03-08 06:00:50,.083,27,2.361471798571978
MID65,SID65,67,2017-03-08 06:00:50,.125,32,2.0850521647905675
MID64,SID64,67,2017-03-08 06:00:50,.111,28,2.4004895421712082
MID63,SID63,67,2017-03-08 06:00:50,.083,33,2.3568722421004824
MID62,SID62,67,2017-03-08 06:00:50,.139,27,2.1918246814673563
MID61,SID61,67,2017-03-08 06:00:50,.125,34,2.006705654682639
MID60,SID60,67,2017-03-08 06:00:50,.125,31,2.212355231694985
MID39,SID39,67,2017-03-08 06:00:50,.111,27,2.367973104203606
MID38,SID38,67,2017-03-08 06:00:50,.097,30,2.49115791984536
MID37,SID37,67,2017-03-08 06:00:50,.111,34,2.0976366662928547
MID36,SID36,67,2017-03-08 06:00:50,.125,30,2.2967410038699483
MID35,SID35,67,2017-03-08 06:00:50,.125,34,2.455747025351115
MID34,SID34,67,2017-03-08 06:00:50,.069,26,2.1334130930651414
MID33,SID33,67,2017-03-08 06:00:50,.139,34,2.0957530108666402
MID32,SID32,67,2017-03-08 06:00:50,.125,30,2.186631563600175
MID31,SID31,67,2017-03-08 06:00:50,.069,30,2.3743157236693415
MID30,SID30,67,2017-03-08 06:00:50,.097,31,2.0774466275952284
MID49,SID49,67,2017-03-08 06:00:50,.097,27,2.4566441922517943
MID48,SID48,67,2017-03-08 06:00:50,.125,27,2.2120378032598174
MID47,SID47,67,2017-03-08 06:00:50,.097,31,2.0180649212124155
MID46,SID46,67,2017-03-08 06:00:50,.111,32,2.304222062708758
MID45,SID45,67,2017-03-08 06:00:50,.097,26,2.0462927467533856
MID44,SID44,67,2017-03-08 06:00:50,.069,34,2.3290780313729753
MID43,SID43,67,2017-03-08 06:00:50,.083,28,2.1634280286908543
MID42,SID42,67,2017-03-08 06:00:50,.125,26,2.1853255945977375
MID41,SID41,67,2017-03-08 06:00:50,.125,32,2.437302380700615
MID40,SID40,67,2017-03-08 06:00:50,.139,28,2.2437882794681094
MID19,SID19,67,2017-03-08 06:01:00,.133,29,2.2675899517748688
MID18,SID18,67,2017-03-08 06:01:00,.117,27,2.4811468745098884
MID17,SID17,67,2017-03-08 06:01:00,.133,33,2.329161338314335
MID16,SID16,67,2017-03-08 06:01:00,.117,30,2.141859562609181
MID15,SID15,67,2017-03-08 06:01:00,.083,34,2.0135277013154966
MID14,SID14,67,2017-03-08 06:01:00,.133,28,2.3507902427760876
MID13,SID13,67,2017-03-08 06:01:00,.150,26,2.058521741754155
MID12,SID12,67,2017-03-08 06:01:00,.133,29,2.280271327112958
MID11,SID11,67,2017-03-08 06:01:00,.167,30,2.0515664530589817
MID99,SID99,67,2017-03-08 06:01:00,.117,29,2.096143487848981
MID10,SID10,67,2017-03-08 06:01:00,.083,29,2.048206702179526
MID98,SID98,67,2017-03-08 06:01:00,.150,32,2.330693522199707
MID97,SID97,67,2017-03-08 06:01:00,.083,30,2.2309021911620333
MID96,SID96,67,2017-03-08 06:01:00,.150,32,2.16748111051988
MID95,SID95,67,2017-03-08 06:01:00,.167,27,2.4098662534134787
MID94,SID94,67,2017-03-08 06:01:00,.167,25,2.2261364301724393
MID93,SID93,67,2017-03-08 06:01:00,.167,34,2.1952092899162117
MID92,SID92,67,2017-03-08 06:01:00,.117,31,2.391660809337011
MID91,SID91,67,2017-03-08 06:01:00,.167,34,2.456783893452557
MID4,SID4,67,2017-03-08 06:01:00,.083,31,2.3563879186710115
MID5,SID5,67,2017-03-08 06:01:00,.133,34,2.024717235429573
MID6,SID6,67,2017-03-08 06:01:00,.100,29,2.4709765791886404
MID7,SID7,67,2017-03-08 06:01:00,.167,28,2.0669064222154727
MID1,SID1,67,2017-03-08 06:01:00,.117,30,2.319330407672403
MID2,SID2,67,2017-03-08 06:01:00,.167,31,2.0146887666701
MID3,SID3,67,2017-03-08 06:01:00,.150,26,2.2872442006967018
MID29,SID29,67,2017-03-08 06:01:00,.150,31,2.427236505146072
MID28,SID28,67,2017-03-08 06:01:00,.117,29,2.476191290847527
MID27,SID27,67,2017-03-08 06:01:00,.100,31,2.2818301775593466
MID26,SID26,67,2017-03-08 06:01:00,.100,34,2.331539673929587
MID8,SID8,67,2017-03-08 06:01:00,.117,31,2.196053787286456
MID25,SID25,67,2017-03-08 06:01:00,.083,34,2.0141291892615745
MID9,SID9,67,2017-03-08 06:01:00,.133,33,2.4621045730573305
MID24,SID24,67,2017-03-08 06:01:00,.083,26,2.498646360213517
MID23,SID23,67,2017-03-08 06:01:00,.133,34,2.3391524282499008
MID22,SID22,67,2017-03-08 06:01:00,.117,32,2.003948872317077
MID21,SID21,67,2017-03-08 06:01:00,.100,28,2.3415241110096923
MID20,SID20,67,2017-03-08 06:01:00,.117,25,2.185972693478309
MID100,SID100,67,2017-03-08 06:01:00,.133,33,2.3354078113277623
MID79,SID79,67,2017-03-08 06:01:00,.083,26,2.226215265783059
MID78,SID78,67,2017-03-08 06:01:00,.133,29,2.0122636197957546
MID77,SID77,67,2017-03-08 06:01:00,.083,34,2.169664667546819
MID76,SID76,67,2017-03-08 06:01:00,.100,32,2.0303422581644686
MID75,SID75,67,2017-03-08 06:01:00,.117,34,2.4939091015347055
MID74,SID74,67,2017-03-08 06:01:00,.133,34,2.497094645394697
MID73,SID73,67,2017-03-08 06:01:00,.100,31,2.2608251318267127
MID72,SID72,67,2017-03-08 06:01:00,.167,27,2.402147905754724
MID71,SID71,67,2017-03-08 06:01:00,.100,34,2.4341166792686124
MID70,SID70,67,2017-03-08 06:01:00,.100,33,2.3835110781490054
MID90,SID90,67,2017-03-08 06:01:00,.133,31,2.0430210428908304
MID89,SID89,67,2017-03-08 06:01:00,.167,34,2.439843818517746
MID88,SID88,67,2017-03-08 06:01:00,.133,29,2.299921757604441
MID87,SID87,67,2017-03-08 06:01:00,.150,30,2.047664272567284
MID86,SID86,67,2017-03-08 06:01:00,.100,28,2.4761405398935468
MID85,SID85,67,2017-03-08 06:01:00,.167,27,2.0701363703650593
MID84,SID84,67,2017-03-08 06:01:00,.100,25,2.421402978137978
MID83,SID83,67,2017-03-08 06:01:00,.100,33,2.284007863725895
MID82,SID82,67,2017-03-08 06:01:00,.150,29,2.1324131124208052
MID81,SID81,67,2017-03-08 06:01:00,.150,31,2.2783618474510754
MID80,SID80,67,2017-03-08 06:01:00,.150,29,2.4370591292556854
MID59,SID59,67,2017-03-08 06:01:00,.100,30,2.1578381422173774
MID58,SID58,67,2017-03-08 06:01:00,.100,33,2.4662396726790616
MID57,SID57,67,2017-03-08 06:01:00,.167,25,2.1536016198873185
MID56,SID56,67,2017-03-08 06:01:00,.083,33,2.1855534051514116
MID55,SID55,67,2017-03-08 06:01:00,.133,31,2.1415184556441775
MID54,SID54,67,2017-03-08 06:01:00,.083,28,2.377588031621441
MID53,SID53,67,2017-03-08 06:01:00,.117,32,2.4015133094494505
MID52,SID52,67,2017-03-08 06:01:00,.167,33,2.180044900360908
MID51,SID51,67,2017-03-08 06:01:00,.150,32,2.0811536728798585
MID50,SID50,67,2017-03-08 06:01:00,.083,34,2.3311386700993393
MID69,SID69,67,2017-03-08 06:01:00,.167,25,2.1369665715562713
MID68,SID68,67,2017-03-08 06:01:00,.117,27,2.300943035353879
MID67,SID67,67,2017-03-08 06:01:00,.150,31,2.395178651439695
MID66,SID66,67,2017-03-08 06:01:00,.100,28,2.2458454822707887
MID65,SID65,67,2017-03-08 06:01:00,.150,33,2.3233540360546674
MID64,SID64,67,2017-03-08 06:01:00,.133,28,2.496304437164911
MID63,SID63,67,2017-03-08 06:01:00,.100,32,2.048188252995952
MID62,SID62,67,2017-03-08 06:01:00,.167,29,2.0204740058233637
MID61,SID61,67,2017-03-08 06:01:00,.150,25,2.328147677813985
MID60,SID60,67,2017-03-08 06:01:00,.150,29,2.0481144001286076
MID39,SID39,67,2017-03-08 06:01:00,.133,32,2.448853923819488
MID38,SID38,67,2017-03-08 06:01:00,.117,26,2.487166214212019
MID37,SID37,67,2017-03-08 06:01:00,.133,30,2.1226627861812553
MID36,SID36,67,2017-03-08 06:01:00,.150,34,2.0287830737725976
MID35,SID35,67,2017-03-08 06:01:00,.150,32,2.439002021277413
MID34,SID34,67,2017-03-08 06:01:00,.083,30,2.218230496506121
MID33,SID33,67,2017-03-08 06:01:00,.167,30,2.07916781796958
MID32,SID32,67,2017-03-08 06:01:00,.150,27,2.219915940913993
MID31,SID31,67,2017-03-08 06:01:00,.083,25,2.4526144337542664
MID30,SID30,67,2017-03-08 06:01:00,.117,30,2.346644543118835
MID49,SID49,67,2017-03-08 06:01:00,.117,30,2.089465717133069
MID48,SID48,67,2017-03-08 06:01:00,.150,29,2.2668906544383605
MID47,SID47,67,2017-03-08 06:01:00,.117,26,2.424174060843783
MID46,SID46,67,2017-03-08 06:01:00,.133,27,2.382130446014493
MID45,SID45,67,2017-03-08 06:01:00,.117,33,2.1655100279021964
MID44,SID44,67,2017-03-08 06:01:00,.083,30,2.1665859737431488
MID43,SID43,67,2017-03-08 06:01:00,.100,26,2.2542340865735273
MID42,SID42,67,2017-03-08 06:01:00,.150,31,2.0675134221575084
MID41,SID41,67,2017-03-08 06:01:00,.150,27,2.1369164287043017
MID40,SID40,67,2017-03-08 06:01:00,.167,29,2.055149429771738
MID19,SID19,67,2017-03-08 06:01:10,.156,28,2.0497373733636204
MID18,SID18,67,2017-03-08 06:01:10,.136,27,2.3022787682153876
MID17,SID17,67,2017-03-08 06:01:10,.156,28,2.281808700139141
MID16,SID16,67,2017-03-08 06:01:10,.136,30,2.136127195416062
MID15,SID15,67,2017-03-08 06:01:10,.097,33,2.1065282598441617
MID14,SID14,67,2017-03-08 06:01:10,.156,33,2.2406793947056522
MID13,SID13,67,2017-03-08 06:01:10,.175,26,2.001533003716563
MID12,SID12,67,2017-03-08 06:01:10,.156,29,2.211466709602001
MID11,SID11,67,2017-03-08 06:01:10,.194,25,2.3121851648497027
MID99,SID99,67,2017-03-08 06:01:10,.136,26,2.2689157171258616
MID10,SID10,67,2017-03-08 06:01:10,.097,33,2.2273295637541417
MID98,SID98,67,2017-03-08 06:01:10,.175,27,2.182880763264091
MID97,SID97,67,2017-03-08 06:01:10,.097,32,2.4280821267391057
MID96,SID96,67,2017-03-08 06:01:10,.175,33,2.1562638403383523
MID95,SID95,67,2017-03-08 06:01:10,.194,28,2.002198938383664
MID94,SID94,67,2017-03-08 06:01:10,.194,32,2.0657997883872095
MID93,SID93,67,2017-03-08 06:01:10,.194,30,2.0865398604302996
MID92,SID92,67,2017-03-08 06:01:10,.136,31,2.4908349000967354
MID91,SID91,67,2017-03-08 06:01:10,.194,31,2.0061425450499617
MID4,SID4,67,2017-03-08 06:01:10,.097,27,2.099223160139453
MID5,SID5,67,2017-03-08 06:01:10,.156,25,2.4528334171030957
MID6,SID6,67,2017-03-08 06:01:10,.117,27,2.140270760820863
MID7,SID7,67,2017-03-08 06:01:10,.194,27,2.0976087825201755
MID1,SID1,67,2017-03-08 06:01:10,.136,32,2.007649961214373
MID2,SID2,67,2017-03-08 06:01:10,.194,27,2.1568887568027897
MID3,SID3,67,2017-03-08 06:01:10,.175,25,2.467876679607512
MID29,SID29,67,2017-03-08 06:01:10,.175,25,2.404473509554753
MID28,SID28,67,2017-03-08 06:01:10,.136,25,2.380236910689807
MID27,SID27,67,2017-03-08 06:01:10,.117,25,2.4897466252306475
MID26,SID26,67,2017-03-08 06:01:10,.117,31,2.0150039315655324
MID8,SID8,67,2017-03-08 06:01:10,.136,32,2.3681909336825013
MID25,SID25,67,2017-03-08 06:01:10,.097,29,2.3501304954065234
MID9,SID9,67,2017-03-08 06:01:10,.156,28,2.3797024257726602
MID24,SID24,67,2017-03-08 06:01:10,.097,33,2.4277921561756424
MID23,SID23,67,2017-03-08 06:01:10,.156,33,2.3899233051433213
MID22,SID22,67,2017-03-08 06:01:10,.136,32,2.202181268748541
MID21,SID21,67,2017-03-08 06:01:10,.117,33,2.477924875049646
MID20,SID20,67,2017-03-08 06:01:10,.136,31,2.471459395074811
MID100,SID100,67,2017-03-08 06:01:10,.156,30,2.4923758958923936
MID79,SID79,67,2017-03-08 06:01:10,.097,33,2.073933636609434
MID78,SID78,67,2017-03-08 06:01:10,.156,27,2.0952763676948827
MID77,SID77,67,2017-03-08 06:01:10,.097,27,2.367733032811666
MID76,SID76,67,2017-03-08 06:01:10,.117,26,2.216140410465665
MID75,SID75,67,2017-03-08 06:01:10,.136,32,2.1083836485803373
MID74,SID74,67,2017-03-08 06:01:10,.156,29,2.0606517839028395
MID73,SID73,67,2017-03-08 06:01:10,.117,31,2.0727373153197486
MID72,SID72,67,2017-03-08 06:01:10,.194,26,2.460401179738353
MID71,SID71,67,2017-03-08 06:01:10,.117,28,2.015957420081536
MID70,SID70,67,2017-03-08 06:01:10,.117,30,2.1805669839421715
MID90,SID90,67,2017-03-08 06:01:10,.156,34,2.0006714356656583
MID89,SID89,67,2017-03-08 06:01:10,.194,32,2.190174065734493
MID88,SID88,67,2017-03-08 06:01:10,.156,31,2.45022799828817
MID87,SID87,67,2017-03-08 06:01:10,.175,25,2.0938584589985374
MID86,SID86,67,2017-03-08 06:01:10,.117,25,2.307462823480489
MID85,SID85,67,2017-03-08 06:01:10,.194,30,2.37481352918429
MID84,SID84,67,2017-03-08 06:01:10,.117,32,2.2591016560055057
MID83,SID83,67,2017-03-08 06:01:10,.117,28,2.3839372164327948
MID82,SID82,67,2017-03-08 06:01:10,.175,28,2.359203720512687
MID81,SID81,67,2017-03-08 06:01:10,.175,27,2.2040310487782606
MID80,SID80,67,2017-03-08 06:01:10,.175,30,2.245538300508926
MID59,SID59,67,2017-03-08 06:01:10,.117,33,2.0517340496567877
MID58,SID58,67,2017-03-08 06:01:10,.117,29,2.1558414915787543
MID57,SID57,67,2017-03-08 06:01:10,.194,34,2.1260160815318483
MID56,SID56,67,2017-03-08 06:01:10,.097,32,2.152514259149411
MID55,SID55,67,2017-03-08 06:01:10,.156,33,2.158746053516678
MID54,SID54,67,2017-03-08 06:01:10,.097,31,2.3701894813244784
MID53,SID53,67,2017-03-08 06:01:10,.136,33,2.098638995055121
MID52,SID52,67,2017-03-08 06:01:10,.194,30,2.392022872797913
MID51,SID51,67,2017-03-08 06:01:10,.175,32,2.1436535550459137
MID50,SID50,67,2017-03-08 06:01:10,.097,33,2.3724410782774146
MID69,SID69,67,2017-03-08 06:01:10,.194,34,2.4989160105677377
MID68,SID68,67,2017-03-08 06:01:10,.136,34,2.1663157307873853
MID67,SID67,67,2017-03-08 06:01:10,.175,29,2.0984094857493045
MID66,SID66,67,2017-03-08 06:01:10,.117,28,2.27264725820674
MID65,SID65,67,2017-03-08 06:01:10,.175,34,2.4544445775039407
MID64,SID64,67,2017-03-08 06:01:10,.156,27,2.2821333560134653
MID63,SID63,67,2017-03-08 06:01:10,.117,33,2.3280126020361336
MID62,SID62,67,2017-03-08 06:01:10,.194,29,2.479522648090186
MID61,SID61,67,2017-03-08 06:01:10,.175,29,2.2122875537173914
MID60,SID60,67,2017-03-08 06:01:10,.175,30,2.2323698270698666
MID39,SID39,67,2017-03-08 06:01:10,.156,28,2.2578719651625474
MID38,SID38,67,2017-03-08 06:01:10,.136,28,2.297315296387854
MID37,SID37,67,2017-03-08 06:01:10,.156,34,2.2327156210821775
MID36,SID36,67,2017-03-08 06:01:10,.175,26,2.333794094882024
MID35,SID35,67,2017-03-08 06:01:10,.175,33,2.1298619836036883
MID34,SID34,67,2017-03-08 06:01:10,.097,34,2.12158756098646
MID33,SID33,67,2017-03-08 06:01:10,.194,26,2.4397596096445224
MID32,SID32,67,2017-03-08 06:01:10,.175,27,2.268726152285478
MID31,SID31,67,2017-03-08 06:01:10,.097,25,2.386686915162395
MID30,SID30,67,2017-03-08 06:01:10,.136,33,2.350041757628656
MID49,SID49,67,2017-03-08 06:01:10,.136,25,2.4620978753791873
MID48,SID48,67,2017-03-08 06:01:10,.175,26,2.1806091736361437
MID47,SID47,67,2017-03-08 06:01:10,.136,34,2.118161930280829
MID46,SID46,67,2017-03-08 06:01:10,.156,30,2.4007821809935486
MID45,SID45,67,2017-03-08 06:01:10,.136,28,2.259732563970456
MID44,SID44,67,2017-03-08 06:01:10,.097,25,2.405383886028816
MID43,SID43,67,2017-03-08 06:01:10,.117,29,2.2160051101344367
MID42,SID42,67,2017-03-08 06:01:10,.175,30,2.216705750450676
MID41,SID41,67,2017-03-08 06:01:10,.175,25,2.3829205633090758
MID40,SID40,67,2017-03-08 06:01:10,.194,30,2.386353957804477
MID19,SID19,67,2017-03-08 06:01:20,.178,33,2.3001538275725086
MID18,SID18,67,2017-03-08 06:01:20,.156,31,2.3054988926338704
MID17,SID17,67,2017-03-08 06:01:20,.178,33,2.0161245871567033
MID16,SID16,67,2017-03-08 06:01:20,.156,30,2.188426381154662
MID15,SID15,67,2017-03-08 06:01:20,.111,31,2.2231461236711314
MID14,SID14,67,2017-03-08 06:01:20,.178,26,2.0523493406399527
MID13,SID13,67,2017-03-08 06:01:20,.200,32,2.210324032764314
MID12,SID12,67,2017-03-08 06:01:20,.178,25,2.1196596599793613
MID11,SID11,67,2017-03-08 06:01:20,.222,30,2.3433835020249623
MID99,SID99,67,2017-03-08 06:01:20,.156,27,2.201645520351255
MID10,SID10,67,2017-03-08 06:01:20,.111,28,2.0777445353090878
MID98,SID98,67,2017-03-08 06:01:20,.200,25,2.4395280665533923
MID97,SID97,67,2017-03-08 06:01:20,.111,34,2.4683373534424264
MID96,SID96,67,2017-03-08 06:01:20,.200,27,2.2404869143617807
MID95,SID95,67,2017-03-08 06:01:20,.222,34,2.3364583607256297
MID94,SID94,67,2017-03-08 06:01:20,.222,34,2.2457862869844107
MID93,SID93,67,2017-03-08 06:01:20,.222,29,2.3150193059881112
MID92,SID92,67,2017-03-08 06:01:20,.156,30,2.4177516628513533
MID91,SID91,67,2017-03-08 06:01:20,.222,34,2.0875545861158327
MID4,SID4,67,2017-03-08 06:01:20,.111,26,2.4512445540527565
MID5,SID5,67,2017-03-08 06:01:20,.178,25,2.32738409622955
MID6,SID6,67,2017-03-08 06:01:20,.133,34,2.3630956298840697
MID7,SID7,67,2017-03-08 06:01:20,.222,30,2.291082652417858
MID1,SID1,67,2017-03-08 06:01:20,.156,26,2.4935668639315436
MID2,SID2,67,2017-03-08 06:01:20,.222,30,2.079622163903267
MID3,SID3,67,2017-03-08 06:01:20,.200,27,2.241081934283327
MID29,SID29,67,2017-03-08 06:01:20,.200,33,2.4139247661312875
MID28,SID28,67,2017-03-08 06:01:20,.156,30,2.190325556751173
MID27,SID27,67,2017-03-08 06:01:20,.133,31,2.3708036256161793
MID26,SID26,67,2017-03-08 06:01:20,.133,32,2.365243250992691
MID8,SID8,67,2017-03-08 06:01:20,.156,33,2.345879908850108
MID25,SID25,67,2017-03-08 06:01:20,.111,29,2.2079787797380472
MID9,SID9,67,2017-03-08 06:01:20,.178,33,2.1582072378371286
MID24,SID24,67,2017-03-08 06:01:20,.111,33,2.0094237176555865
MID23,SID23,67,2017-03-08 06:01:20,.178,27,2.192014005433154
MID22,SID22,67,2017-03-08 06:01:20,.156,31,2.4953461300996906
MID21,SID21,67,2017-03-08 06:01:20,.133,29,2.2356487205392575
MID20,SID20,67,2017-03-08 06:01:20,.156,30,2.271120729347615
MID100,SID100,67,2017-03-08 06:01:20,.178,34,2.2179284363191996
MID79,SID79,67,2017-03-08 06:01:20,.111,28,2.1351632585498352
MID78,SID78,67,2017-03-08 06:01:20,.178,34,2.283657727846531
MID77,SID77,67,2017-03-08 06:01:20,.111,34,2.015599663781441
MID76,SID76,67,2017-03-08 06:01:20,.133,31,2.499340081836465
MID75,SID75,67,2017-03-08 06:01:20,.156,26,2.3759761424826076
MID74,SID74,67,2017-03-08 06:01:20,.178,33,2.297263728534635
MID73,SID73,67,2017-03-08 06:01:20,.133,34,2.4402537562380706
MID72,SID72,67,2017-03-08 06:01:20,.222,26,2.1308099668421434
MID71,SID71,67,2017-03-08 06:01:20,.133,34,2.1089208247655167
MID70,SID70,67,2017-03-08 06:01:20,.133,31,2.257882410803088
MID90,SID90,67,2017-03-08 06:01:20,.178,34,2.396644052852062
MID89,SID89,67,2017-03-08 06:01:20,.222,27,2.4558772187468865
MID88,SID88,67,2017-03-08 06:01:20,.178,34,2.1314932242549784
MID87,SID87,67,2017-03-08 06:01:20,.200,25,2.169088547136444
MID86,SID86,67,2017-03-08 06:01:20,.133,33,2.155160375150845
MID85,SID85,67,2017-03-08 06:01:20,.222,25,2.3422129864009955
MID84,SID84,67,2017-03-08 06:01:20,.133,30,2.3491327706712073
MID83,SID83,67,2017-03-08 06:01:20,.133,32,2.0691303718339995
MID82,SID82,67,2017-03-08 06:01:20,.200,33,2.019426708770133
MID81,SID81,67,2017-03-08 06:01:20,.200,28,2.1126560225011963
MID80,SID80,67,2017-03-08 06:01:20,.200,31,2.1416359047392564
MID59,SID59,67,2017-03-08 06:01:20,.133,30,2.4590421599191483
MID58,SID58,67,2017-03-08 06:01:20,.133,29,2.4977646777041764
MID57,SID57,67,2017-03-08 06:01:20,.222,30,2.480229333793567
MID56,SID56,67,2017-03-08 06:01:20,.111,34,2.1585635910791945
MID55,SID55,67,2017-03-08 06:01:20,.178,27,2.3983109764848747
MID54,SID54,67,2017-03-08 06:01:20,.111,31,2.098836392665328
MID53,SID53,67,2017-03-08 06:01:20,.156,32,2.49623657436038
MID52,SID52,67,2017-03-08 06:01:20,.222,34,2.4978837817152852
MID51,SID51,67,2017-03-08 06:01:20,.200,33,2.026190503529598
MID50,SID50,67,2017-03-08 06:01:20,.111,26,2.2149144790680015
MID69,SID69,67,2017-03-08 06:01:20,.222,26,2.0947417552639243
MID68,SID68,67,2017-03-08 06:01:20,.156,28,2.0964765079502143
MID67,SID67,67,2017-03-08 06:01:20,.200,30,2.1607838868865508
MID66,SID66,67,2017-03-08 06:01:20,.133,26,2.1761248066807792
MID65,SID65,67,2017-03-08 06:01:20,.200,26,2.244856892430545
MID64,SID64,67,2017-03-08 06:01:20,.178,27,2.175146221423861
MID63,SID63,67,2017-03-08 06:01:20,.133,31,2.4589747534229094
MID62,SID62,67,2017-03-08 06:01:20,.222,32,2.1493478303512683
MID61,SID61,67,2017-03-08 06:01:20,.200,31,2.289976025236826
MID60,SID60,67,2017-03-08 06:01:20,.200,32,2.3869913278030754
MID39,SID39,67,2017-03-08 06:01:20,.178,30,2.0984151278606356
MID38,SID38,67,2017-03-08 06:01:20,.156,29,2.194498661867558
MID37,SID37,67,2017-03-08 06:01:20,.178,27,2.14362719106929
MID36,SID36,67,2017-03-08 06:01:20,.200,29,2.141609537033591
MID35,SID35,67,2017-03-08 06:01:20,.200,27,2.147082598782192
MID34,SID34,67,2017-03-08 06:01:20,.111,30,2.0890793684051006
MID33,SID33,67,2017-03-08 06:01:20,.222,25,2.3339543212287643
MID32,SID32,67,2017-03-08 06:01:20,.200,34,2.283698439926568
MID31,SID31,67,2017-03-08 06:01:20,.111,31,2.066323065232218
MID30,SID30,67,2017-03-08 06:01:20,.156,28,2.073230227696318
MID49,SID49,67,2017-03-08 06:01:20,.156,34,2.40571549443374
MID48,SID48,67,2017-03-08 06:01:20,.200,30,2.378898484834874
MID47,SID47,67,2017-03-08 06:01:20,.156,29,2.3473074559089566
MID46,SID46,67,2017-03-08 06:01:20,.178,34,2.451624681556133
MID45,SID45,67,2017-03-08 06:01:20,.156,26,2.1654406103814896
MID44,SID44,67,2017-03-08 06:01:20,.111,25,2.108897987748529
MID43,SID43,67,2017-03-08 06:01:20,.133,30,2.4747378466329777
MID42,SID42,67,2017-03-08 06:01:20,.200,28,2.1508380070158197
MID41,SID41,67,2017-03-08 06:01:20,.200,34,2.1602773492792657
MID40,SID40,67,2017-03-08 06:01:20,.222,34,2.361520558238754
MID19,SID19,67,2017-03-08 06:01:30,.200,26,2.300436298679494
MID18,SID18,67,2017-03-08 06:01:30,.175,31,2.084217069940937
MID17,SID17,67,2017-03-08 06:01:30,.200,33,2.2688574478363384
MID16,SID16,67,2017-03-08 06:01:30,.175,27,2.202282516815618
MID15,SID15,67,2017-03-08 06:01:30,.125,29,2.429116495629846
MID14,SID14,67,2017-03-08 06:01:30,.200,28,2.167569891565253
MID13,SID13,67,2017-03-08 06:01:30,.225,29,2.1943868573811454
MID12,SID12,67,2017-03-08 06:01:30,.200,29,2.041183558297744
MID11,SID11,67,2017-03-08 06:01:30,.250,34,2.1186603394856554
MID99,SID99,67,2017-03-08 06:01:30,.175,27,2.0661528110798417
MID10,SID10,67,2017-03-08 06:01:30,.125,34,2.077814021023025
MID98,SID98,67,2017-03-08 06:01:30,.225,29,2.0529934750584617
MID97,SID97,67,2017-03-08 06:01:30,.125,25,2.4200119134606215
MID96,SID96,67,2017-03-08 06:01:30,.225,28,2.338393401110393
MID95,SID95,67,2017-03-08 06:01:30,.250,32,2.1631030713313404
MID94,SID94,67,2017-03-08 06:01:30,.250,33,2.4150144974323813
MID93,SID93,67,2017-03-08 06:01:30,.250,29,2.1723599824336426
MID92,SID92,67,2017-03-08 06:01:30,.175,32,2.4895785800339465
MID91,SID91,67,2017-03-08 06:01:30,.250,30,2.1766601828511627
MID4,SID4,67,2017-03-08 06:01:30,.125,30,2.043186781437463
MID5,SID5,67,2017-03-08 06:01:30,.200,28,2.3589806114619245
MID6,SID6,67,2017-03-08 06:01:30,.150,31,2.190236614927433
MID7,SID7,67,2017-03-08 06:01:30,.250,28,2.0472029987773595
MID1,SID1,67,2017-03-08 06:01:30,.175,34,2.0568448832400037
MID2,SID2,67,2017-03-08 06:01:30,.250,32,2.283251273021839
MID3,SID3,67,2017-03-08 06:01:30,.225,31,2.443967080152538
MID29,SID29,67,2017-03-08 06:01:30,.225,25,2.323140648049693
MID28,SID28,67,2017-03-08 06:01:30,.175,27,2.389922358282114
MID27,SID27,67,2017-03-08 06:01:30,.150,34,2.1954603910962067
MID26,SID26,67,2017-03-08 06:01:30,.150,25,2.1229265901527246
MID8,SID8,67,2017-03-08 06:01:30,.175,34,2.2696026861541947
MID25,SID25,67,2017-03-08 06:01:30,.125,27,2.1649481917532567
MID9,SID9,67,2017-03-08 06:01:30,.200,32,2.081242180137787
MID24,SID24,67,2017-03-08 06:01:30,.125,33,2.1456151537307755
MID23,SID23,67,2017-03-08 06:01:30,.200,30,2.4719107709217716
MID22,SID22,67,2017-03-08 06:01:30,.175,30,2.2740300648862823
MID21,SID21,67,2017-03-08 06:01:30,.150,29,2.1777709080753405
MID20,SID20,67,2017-03-08 06:01:30,.175,25,2.4138564778469203
MID100,SID100,67,2017-03-08 06:01:30,.200,26,2.3475642457270407
MID79,SID79,67,2017-03-08 06:01:30,.125,33,2.294797509208193
MID78,SID78,67,2017-03-08 06:01:30,.200,28,2.0600510666219938
MID77,SID77,67,2017-03-08 06:01:30,.125,25,2.2872121406504076
MID76,SID76,67,2017-03-08 06:01:30,.150,32,2.4403979892824794
MID75,SID75,67,2017-03-08 06:01:30,.175,28,2.000137093266553
MID74,SID74,67,2017-03-08 06:01:30,.200,30,2.2092938882746287
MID73,SID73,67,2017-03-08 06:01:30,.150,26,2.476162551998657
MID72,SID72,67,2017-03-08 06:01:30,.250,27,2.20058583714204
MID71,SID71,67,2017-03-08 06:01:30,.150,31,2.3973547797541417
MID70,SID70,67,2017-03-08 06:01:30,.150,28,2.071005564406511
MID90,SID90,67,2017-03-08 06:01:30,.200,32,2.2260761143642918
MID89,SID89,67,2017-03-08 06:01:30,.250,25,2.2913058931155836
MID88,SID88,67,2017-03-08 06:01:30,.200,28,2.2683406332066998
MID87,SID87,67,2017-03-08 06:01:30,.225,33,2.330715401449116
MID86,SID86,67,2017-03-08 06:01:30,.150,28,2.2647007485012374
MID85,SID85,67,2017-03-08 06:01:30,.250,32,2.1599823780200307
MID84,SID84,67,2017-03-08 06:01:30,.150,27,2.1169158329582816
MID83,SID83,67,2017-03-08 06:01:30,.150,30,2.426469735835406
MID82,SID82,67,2017-03-08 06:01:30,.225,33,2.337773328585861
MID81,SID81,67,2017-03-08 06:01:30,.225,32,2.384988027637568
MID80,SID80,67,2017-03-08 06:01:30,.225,26,2.339190150920502
MID59,SID59,67,2017-03-08 06:01:30,.150,31,2.0879776740553795
MID58,SID58,67,2017-03-08 06:01:30,.150,29,2.387661995572209
MID57,SID57,67,2017-03-08 06:01:30,.250,33,2.3462307536206
MID56,SID56,67,2017-03-08 06:01:30,.125,30,2.3041890143529935
MID55,SID55,67,2017-03-08 06:01:30,.200,33,2.1650516823076726
MID54,SID54,67,2017-03-08 06:01:30,.125,26,2.2992233055071454
MID53,SID53,67,2017-03-08 06:01:30,.175,34,2.1507586843764837
MID52,SID52,67,2017-03-08 06:01:30,.250,26,2.180051667514867
MID51,SID51,67,2017-03-08 06:01:30,.225,33,2.110166247066502
MID50,SID50,67,2017-03-08 06:01:30,.125,26,2.2577143870494183
MID69,SID69,67,2017-03-08 06:01:30,.250,28,2.4323099339343135
MID68,SID68,67,2017-03-08 06:01:30,.175,26,2.443250603838708
MID67,SID67,67,2017-03-08 06:01:30,.225,28,2.4535334703978857
MID66,SID66,67,2017-03-08 06:01:30,.150,28,2.414813932713332
MID65,SID65,67,2017-03-08 06:01:30,.225,28,2.4245531882017186
MID64,SID64,67,2017-03-08 06:01:30,.200,33,2.063508340409061
MID63,SID63,67,2017-03-08 06:01:30,.150,30,2.3982493052377354
MID62,SID62,67,2017-03-08 06:01:30,.250,32,2.35029250729786
MID61,SID61,67,2017-03-08 06:01:30,.225,34,2.1976704258646653
MID60,SID60,67,2017-03-08 06:01:30,.225,29,2.37251250290392
MID39,SID39,67,2017-03-08 06:01:30,.200,33,2.380294022388476
MID38,SID38,67,2017-03-08 06:01:30,.175,30,2.3303003994865565
MID37,SID37,67,2017-03-08 06:01:30,.200,29,2.3012807790754635
MID36,SID36,67,2017-03-08 06:01:30,.225,26,2.28628690266988
MID35,SID35,67,2017-03-08 06:01:30,.225,25,2.240412158855399
MID34,SID34,67,2017-03-08 06:01:30,.125,27,2.0058204012737506
MID33,SID33,67,2017-03-08 06:01:30,.250,34,2.2688673947607736
MID32,SID32,67,2017-03-08 06:01:30,.225,34,2.0728716533926232
MID31,SID31,67,2017-03-08 06:01:30,.125,26,2.223370304869696
MID30,SID30,67,2017-03-08 06:01:30,.175,33,2.17478285537564
MID49,SID49,67,2017-03-08 06:01:30,.175,32,2.0790230628990938
MID48,SID48,67,2017-03-08 06:01:30,.225,25,2.2764306761432365
MID47,SID47,67,2017-03-08 06:01:30,.175,34,2.0219458878530574
MID46,SID46,67,2017-03-08 06:01:30,.200,27,2.096821224287504
MID45,SID45,67,2017-03-08 06:01:30,.175,27,2.4989952421114037
MID44,SID44,67,2017-03-08 06:01:30,.125,29,2.413215224437288
MID43,SID43,67,2017-03-08 06:01:30,.150,32,2.2224665933923147
MID42,SID42,67,2017-03-08 06:01:30,.225,28,2.3160224220224865
MID41,SID41,67,2017-03-08 06:01:30,.225,33,2.125681031111967
MID40,SID40,67,2017-03-08 06:01:30,.250,25,2.2937648179086323
MID19,SID19,67,2017-03-08 06:01:40,.222,28,2.404544387550291
MID18,SID18,67,2017-03-08 06:01:40,.194,30,2.2655649159169626
MID17,SID17,67,2017-03-08 06:01:40,.222,34,2.1458811238055797
MID16,SID16,67,2017-03-08 06:01:40,.194,28,2.3727722368224913
MID15,SID15,67,2017-03-08 06:01:40,.139,26,2.1868191372720913
MID14,SID14,67,2017-03-08 06:01:40,.222,26,2.2680170267747166
MID13,SID13,67,2017-03-08 06:01:40,.250,26,2.05315244154876
MID12,SID12,67,2017-03-08 06:01:40,.222,26,2.1474124949807893
MID11,SID11,67,2017-03-08 06:01:40,.278,26,2.217847954472855
MID99,SID99,67,2017-03-08 06:01:40,.194,30,2.0112363718528545
MID10,SID10,67,2017-03-08 06:01:40,.139,29,2.0470837948135667
MID98,SID98,67,2017-03-08 06:01:40,.250,27,2.337765023773409
MID97,SID97,67,2017-03-08 06:01:40,.139,32,2.1275526776522415
MID96,SID96,67,2017-03-08 06:01:40,.250,33,2.4963754510575944
MID95,SID95,67,2017-03-08 06:01:40,.278,33,2.044677982172044
MID94,SID94,67,2017-03-08 06:01:40,.278,34,2.1807111177020393
MID93,SID93,67,2017-03-08 06:01:40,.278,31,2.2139320153581075
MID92,SID92,67,2017-03-08 06:01:40,.194,29,2.3682655095940737
MID91,SID91,67,2017-03-08 06:01:40,.278,29,2.114368546308275
MID4,SID4,67,2017-03-08 06:01:40,.139,29,2.4518904433295288
MID5,SID5,67,2017-03-08 06:01:40,.222,25,2.025108519192309
MID6,SID6,67,2017-03-08 06:01:40,.167,29,2.1307472292205496
MID7,SID7,67,2017-03-08 06:01:40,.278,27,2.453793767966502
MID1,SID1,67,2017-03-08 06:01:40,.194,30,2.2173459174186454
MID2,SID2,67,2017-03-08 06:01:40,.278,26,2.356261796284044
MID3,SID3,67,2017-03-08 06:01:40,.250,26,2.2831346204699763
MID29,SID29,67,2017-03-08 06:01:40,.250,28,2.0443132354622966
MID28,SID28,67,2017-03-08 06:01:40,.194,27,2.3795274413887935
MID27,SID27,67,2017-03-08 06:01:40,.167,32,2.2381098697574826
MID26,SID26,67,2017-03-08 06:01:40,.167,25,2.0054923330322096
MID8,SID8,67,2017-03-08 06:01:40,.194,33,2.339387785276379
MID25,SID25,67,2017-03-08 06:01:40,.139,31,2.1216467173396705
MID9,SID9,67,2017-03-08 06:01:40,.222,26,2.181126052167296
MID24,SID24,67,2017-03-08 06:01:40,.139,30,2.000873000591519
MID23,SID23,67,2017-03-08 06:01:40,.222,27,2.0480917419250284
MID22,SID22,67,2017-03-08 06:01:40,.194,27,2.248168844690546
MID21,SID21,67,2017-03-08 06:01:40,.167,30,2.094529690690385
MID20,SID20,67,2017-03-08 06:01:40,.194,34,2.1287752004326643
MID100,SID100,67,2017-03-08 06:01:40,.222,29,2.2872589569780537
MID79,SID79,67,2017-03-08 06:01:40,.139,32,2.176024278638744
MID78,SID78,67,2017-03-08 06:01:40,.222,26,2.286165867369901
MID77,SID77,67,2017-03-08 06:01:40,.139,30,2.4450096059407986
MID76,SID76,67,2017-03-08 06:01:40,.167,26,2.0984395019413973
MID75,SID75,67,2017-03-08 06:01:40,.194,28,2.0583815059642214
MID74,SID74,67,2017-03-08 06:01:40,.222,26,2.0620672623432035
MID73,SID73,67,2017-03-08 06:01:40,.167,31,2.337873261903533
MID72,SID72,67,2017-03-08 06:01:40,.278,26,2.4098722917551134
MID71,SID71,67,2017-03-08 06:01:40,.167,34,2.309660098596437
MID70,SID70,67,2017-03-08 06:01:40,.167,29,2.259148699490976
MID90,SID90,67,2017-03-08 06:01:40,.222,29,2.310261134993701
MID89,SID89,67,2017-03-08 06:01:40,.278,30,2.1790451862746676
MID88,SID88,67,2017-03-08 06:01:40,.222,32,2.082957680578462
MID87,SID87,67,2017-03-08 06:01:40,.250,31,2.476788486700934
MID86,SID86,67,2017-03-08 06:01:40,.167,30,2.1032105622534703
MID85,SID85,67,2017-03-08 06:01:40,.278,28,2.2077588278958395
MID84,SID84,67,2017-03-08 06:01:40,.167,26,2.3384050324597645
MID83,SID83,67,2017-03-08 06:01:40,.167,29,2.2790183831876547
MID82,SID82,67,2017-03-08 06:01:40,.250,26,2.359920734686822
MID81,SID81,67,2017-03-08 06:01:40,.250,33,2.4913068828197584
MID80,SID80,67,2017-03-08 06:01:40,.250,30,2.488712901804398
MID59,SID59,67,2017-03-08 06:01:40,.167,30,2.0002601637415514
MID58,SID58,67,2017-03-08 06:01:40,.167,26,2.3863528511704772
MID57,SID57,67,2017-03-08 06:01:40,.278,26,2.2042043374455274
MID56,SID56,67,2017-03-08 06:01:40,.139,30,2.4559420124237152
MID55,SID55,67,2017-03-08 06:01:40,.222,25,2.157340186398299
MID54,SID54,67,2017-03-08 06:01:40,.139,30,2.3955752415980056
MID53,SID53,67,2017-03-08 06:01:40,.194,25,2.1836536183676807
MID52,SID52,67,2017-03-08 06:01:40,.278,34,2.082803325141519
MID51,SID51,67,2017-03-08 06:01:40,.250,28,2.4042212288457505
MID50,SID50,67,2017-03-08 06:01:40,.139,25,2.0155966375836853
MID69,SID69,67,2017-03-08 06:01:40,.278,27,2.3396554664467737
MID68,SID68,67,2017-03-08 06:01:40,.194,27,2.371353161314931
MID67,SID67,67,2017-03-08 06:01:40,.250,34,2.116918459746853
MID66,SID66,67,2017-03-08 06:01:40,.167,34,2.395036643951306
MID65,SID65,67,2017-03-08 06:01:40,.250,33,2.3958572304794465
MID64,SID64,67,2017-03-08 06:01:40,.222,27,2.252492023767963
MID63,SID63,67,2017-03-08 06:01:40,.167,26,2.0530154978037607
MID62,SID62,67,2017-03-08 06:01:40,.278,25,2.0253513559870706
MID61,SID61,67,2017-03-08 06:01:40,.250,25,2.2504443088972375
MID60,SID60,67,2017-03-08 06:01:40,.250,28,2.1941334387871767
MID39,SID39,67,2017-03-08 06:01:40,.222,26,2.183843947818929
MID38,SID38,67,2017-03-08 06:01:40,.194,30,2.0332585114605
MID37,SID37,67,2017-03-08 06:01:40,.222,29,2.1706938732716843
MID36,SID36,67,2017-03-08 06:01:40,.250,31,2.281123850185947
MID35,SID35,67,2017-03-08 06:01:40,.250,29,2.3451668463532065
MID34,SID34,67,2017-03-08 06:01:40,.139,30,2.3620369190528008
MID33,SID33,67,2017-03-08 06:01:40,.278,31,2.3257489353435585
MID32,SID32,67,2017-03-08 06:01:40,.250,27,2.0706384143542786
MID31,SID31,67,2017-03-08 06:01:40,.139,31,2.355638385112197
MID30,SID30,67,2017-03-08 06:01:40,.194,30,2.1369515637889442
MID49,SID49,67,2017-03-08 06:01:40,.194,34,2.362197975887839
MID48,SID48,67,2017-03-08 06:01:40,.250,33,2.2116626156085335
MID47,SID47,67,2017-03-08 06:01:40,.194,34,2.2803308518669487
MID46,SID46,67,2017-03-08 06:01:40,.222,31,2.4102710385629784
MID45,SID45,67,2017-03-08 06:01:40,.194,27,2.1264698076693094
MID44,SID44,67,2017-03-08 06:01:40,.139,33,2.3857394442526605
MID43,SID43,67,2017-03-08 06:01:40,.167,32,2.2635430761216933
MID42,SID42,67,2017-03-08 06:01:40,.250,25,2.059480286938968
MID41,SID41,67,2017-03-08 06:01:40,.250,26,2.00489058488726
MID40,SID40,67,2017-03-08 06:01:40,.278,28,2.3955387117339813
MID19,SID19,67,2017-03-08 06:01:50,.244,27,2.1272616707124836
MID18,SID18,67,2017-03-08 06:01:50,.214,33,2.4279458873188964
MID17,SID17,67,2017-03-08 06:01:50,.244,26,2.0037038268669485
MID16,SID16,67,2017-03-08 06:01:50,.214,29,2.070589199096494
MID15,SID15,67,2017-03-08 06:01:50,.153,25,2.11627552567393
MID14,SID14,67,2017-03-08 06:01:50,.244,34,2.167406264889641
MID13,SID13,67,2017-03-08 06:01:50,.275,34,2.06591499649422
MID12,SID12,67,2017-03-08 06:01:50,.244,31,2.0734385784122127
MID11,SID11,67,2017-03-08 06:01:50,.306,31,2.1352090369501684
MID99,SID99,67,2017-03-08 06:01:50,.214,34,2.026412694022842
MID10,SID10,67,2017-03-08 06:01:50,.153,32,2.168653007313708
MID98,SID98,67,2017-03-08 06:01:50,.275,29,2.4076443305966757
MID97,SID97,67,2017-03-08 06:01:50,.153,34,2.2951509838577495
MID96,SID96,67,2017-03-08 06:01:50,.275,32,2.3499385966158353
MID95,SID95,67,2017-03-08 06:01:50,.306,27,2.360443187371854
MID94,SID94,67,2017-03-08 06:01:50,.306,28,2.4642960412437684
MID93,SID93,67,2017-03-08 06:01:50,.306,34,2.0449611642633143
MID92,SID92,67,2017-03-08 06:01:50,.214,27,2.125881628550732
MID91,SID91,67,2017-03-08 06:01:50,.306,32,2.4496399150050654
MID4,SID4,67,2017-03-08 06:01:50,.153,30,2.401747578615003
MID5,SID5,67,2017-03-08 06:01:50,.244,28,2.0165826790373167
MID6,SID6,67,2017-03-08 06:01:50,.183,32,2.4763053419317678
MID7,SID7,67,2017-03-08 06:01:50,.306,33,2.1420933346341196
MID1,SID1,67,2017-03-08 06:01:50,.214,26,2.238202185349387
MID2,SID2,67,2017-03-08 06:01:50,.306,28,2.1722127144455157
MID3,SID3,67,2017-03-08 06:01:50,.275,27,2.4450986281592146
MID29,SID29,67,2017-03-08 06:01:50,.275,34,2.1833625508217374
MID28,SID28,67,2017-03-08 06:01:50,.214,29,2.0434468849550416
MID27,SID27,67,2017-03-08 06:01:50,.183,25,2.3043742812440633
MID26,SID26,67,2017-03-08 06:01:50,.183,30,2.3989809094888237
MID8,SID8,67,2017-03-08 06:01:50,.214,33,2.2231239474250986
MID25,SID25,67,2017-03-08 06:01:50,.153,25,2.376748127971149
MID9,SID9,67,2017-03-08 06:01:50,.244,25,2.262817880913141
MID24,SID24,67,2017-03-08 06:01:50,.153,32,2.342372037575395
MID23,SID23,67,2017-03-08 06:01:50,.244,31,2.2937527300920992
MID22,SID22,67,2017-03-08 06:01:50,.214,30,2.1835302965782843
MID21,SID21,67,2017-03-08 06:01:50,.183,30,2.3399346024237353
MID20,SID20,67,2017-03-08 06:01:50,.214,29,2.097680816796178
MID100,SID100,67,2017-03-08 06:01:50,.244,26,2.02318805505157
MID79,SID79,67,2017-03-08 06:01:50,.153,28,2.179229937416094
MID78,SID78,67,2017-03-08 06:01:50,.244,30,2.273810496383636
MID77,SID77,67,2017-03-08 06:01:50,.153,31,2.490379122430497
MID76,SID76,67,2017-03-08 06:01:50,.183,29,2.462370337787503
MID75,SID75,67,2017-03-08 06:01:50,.214,31,2.0804356773954633
MID74,SID74,67,2017-03-08 06:01:50,.244,25,2.2493913184043137
MID73,SID73,67,2017-03-08 06:01:50,.183,28,2.0888044223444817
MID72,SID72,67,2017-03-08 06:01:50,.306,31,2.2437781918708817
MID71,SID71,67,2017-03-08 06:01:50,.183,32,2.231448324405763
MID70,SID70,67,2017-03-08 06:01:50,.183,34,2.367480974067479
MID90,SID90,67,2017-03-08 06:01:50,.244,34,2.0428121906432244
MID89,SID89,67,2017-03-08 06:01:50,.306,28,2.2761634814279748
MID88,SID88,67,2017-03-08 06:01:50,.244,30,2.223742448720597
MID87,SID87,67,2017-03-08 06:01:50,.275,32,2.295671382452948
MID86,SID86,67,2017-03-08 06:01:50,.183,26,2.316602172328073
MID85,SID85,67,2017-03-08 06:01:50,.306,28,2.0197219910947948
MID84,SID84,67,2017-03-08 06:01:50,.183,34,2.352499879518436
MID83,SID83,67,2017-03-08 06:01:50,.183,28,2.0600158729855305
MID82,SID82,67,2017-03-08 06:01:50,.275,25,2.3882914939746716
MID81,SID81,67,2017-03-08 06:01:50,.275,29,2.2942029241484962
MID80,SID80,67,2017-03-08 06:01:50,.275,32,2.036843474093804
MID59,SID59,67,2017-03-08 06:01:50,.183,32,2.147083807492978
MID58,SID58,67,2017-03-08 06:01:50,.183,30,2.423198684551473
MID57,SID57,67,2017-03-08 06:01:50,.306,28,2.472802126041848
MID56,SID56,67,2017-03-08 06:01:50,.153,26,2.186247817969815
MID55,SID55,67,2017-03-08 06:01:50,.244,28,2.1696765148815533
MID54,SID54,67,2017-03-08 06:01:50,.153,25,2.402503008440358
MID53,SID53,67,2017-03-08 06:01:50,.214,26,2.2779323857382074
MID52,SID52,67,2017-03-08 06:01:50,.306,30,2.4594850974530456
MID51,SID51,67,2017-03-08 06:01:50,.275,32,2.2782143497393887
MID50,SID50,67,2017-03-08 06:01:50,.153,27,2.157488613800678
MID69,SID69,67,2017-03-08 06:01:50,.306,27,2.212326356065437
MID68,SID68,67,2017-03-08 06:01:50,.214,34,2.3295931657613838
MID67,SID67,67,2017-03-08 06:01:50,.275,31,2.0515803252282785
MID66,SID66,67,2017-03-08 06:01:50,.183,26,2.0939904755404206
MID65,SID65,67,2017-03-08 06:01:50,.275,34,2.0983543514714897
MID64,SID64,67,2017-03-08 06:01:50,.244,27,2.318077727113618
MID63,SID63,67,2017-03-08 06:01:50,.183,32,2.394409464454691
MID62,SID62,67,2017-03-08 06:01:50,.306,26,2.136657139502654
MID61,SID61,67,2017-03-08 06:01:50,.275,26,2.0877602377891016
MID60,SID60,67,2017-03-08 06:01:50,.275,29,2.1818971186894447
MID39,SID39,67,2017-03-08 06:01:50,.244,25,2.3275617830403004
MID38,SID38,67,2017-03-08 06:01:50,.214,33,2.1316114801346604
MID37,SID37,67,2017-03-08 06:01:50,.244,32,2.240916618098354
MID36,SID36,67,2017-03-08 06:01:50,.275,32,2.2286771588057768
MID35,SID35,67,2017-03-08 06:01:50,.275,30,2.2986671494237765
MID34,SID34,67,2017-03-08 06:01:50,.153,29,2.2801783076087756
MID33,SID33,67,2017-03-08 06:01:50,.306,33,2.179032563596775
MID32,SID32,67,2017-03-08 06:01:50,.275,26,2.2981262503096183
MID31,SID31,67,2017-03-08 06:01:50,.153,25,2.0227804366625706
MID30,SID30,67,2017-03-08 06:01:50,.214,33,2.4594372047338737
MID49,SID49,67,2017-03-08 06:01:50,.214,28,2.0786228600017806
MID48,SID48,67,2017-03-08 06:01:50,.275,28,2.3012354836658697
MID47,SID47,67,2017-03-08 06:01:50,.214,34,2.104575229413873
MID46,SID46,67,2017-03-08 06:01:50,.244,27,2.3886571531758753
MID45,SID45,67,2017-03-08 06:01:50,.214,25,2.088544472396152
MID44,SID44,67,2017-03-08 06:01:50,.153,27,2.3567506104806952
MID43,SID43,67,2017-03-08 06:01:50,.183,34,2.1207196917306677
MID42,SID42,67,2017-03-08 06:01:50,.275,26,2.1850749206729456
MID41,SID41,67,2017-03-08 06:01:50,.275,34,2.1910118786743427
MID40,SID40,67,2017-03-08 06:01:50,.306,30,2.0800769297368205
MID19,SID19,67,2017-03-08 06:02:00,.267,29,2.150807948042246
MID18,SID18,67,2017-03-08 06:02:00,.233,34,2.1713992105064492
MID17,SID17,67,2017-03-08 06:02:00,.267,34,2.153261140548306
MID16,SID16,67,2017-03-08 06:02:00,.233,28,2.074046362042032
MID15,SID15,67,2017-03-08 06:02:00,.167,31,2.2056258040067123
MID14,SID14,67,2017-03-08 06:02:00,.267,30,2.050716945685487
MID13,SID13,67,2017-03-08 06:02:00,.300,31,2.350236866775818
MID12,SID12,67,2017-03-08 06:02:00,.267,34,2.0032246053913587
MID11,SID11,67,2017-03-08 06:02:00,.333,33,2.044164089392347
MID99,SID99,67,2017-03-08 06:02:00,.233,33,2.07629369179989
MID10,SID10,67,2017-03-08 06:02:00,.167,32,2.0412524624782415
MID98,SID98,67,2017-03-08 06:02:00,.300,31,2.3585576063697933
MID97,SID97,67,2017-03-08 06:02:00,.167,29,2.329858055425725
MID96,SID96,67,2017-03-08 06:02:00,.300,32,2.0368577691399126
MID95,SID95,67,2017-03-08 06:02:00,.333,27,2.3527376245987885
MID94,SID94,67,2017-03-08 06:02:00,.333,28,2.0744841886929812
MID93,SID93,67,2017-03-08 06:02:00,.333,32,2.0830351040941544
MID92,SID92,67,2017-03-08 06:02:00,.233,26,2.4076193141209985
MID91,SID91,67,2017-03-08 06:02:00,.333,25,2.410578062256565
MID4,SID4,67,2017-03-08 06:02:00,.167,28,2.257349510288494
MID5,SID5,67,2017-03-08 06:02:00,.267,28,2.1493221909442104
MID6,SID6,67,2017-03-08 06:02:00,.200,27,2.250798324031283
MID7,SID7,67,2017-03-08 06:02:00,.333,29,2.3844487602757445
MID1,SID1,67,2017-03-08 06:02:00,.233,26,2.1040261892516865
MID2,SID2,67,2017-03-08 06:02:00,.333,25,2.390288065241595
MID3,SID3,67,2017-03-08 06:02:00,.300,32,2.2381091887192763
MID29,SID29,67,2017-03-08 06:02:00,.300,34,2.331268045864915
MID28,SID28,67,2017-03-08 06:02:00,.233,31,2.1139789081875953
MID27,SID27,67,2017-03-08 06:02:00,.200,32,2.3356363860864846
MID26,SID26,67,2017-03-08 06:02:00,.200,29,2.009212725300939
MID8,SID8,67,2017-03-08 06:02:00,.233,27,2.3132442572516294
MID25,SID25,67,2017-03-08 06:02:00,.167,25,2.358407622283716
MID9,SID9,67,2017-03-08 06:02:00,.267,30,2.495868491448893
MID24,SID24,67,2017-03-08 06:02:00,.167,33,2.2091300950711004
MID23,SID23,67,2017-03-08 06:02:00,.267,32,2.440242406952365
MID22,SID22,67,2017-03-08 06:02:00,.233,26,2.460108199743028
MID21,SID21,67,2017-03-08 06:02:00,.200,32,2.1798844462031917
MID20,SID20,67,2017-03-08 06:02:00,.233,27,2.175826343275952
MID100,SID100,67,2017-03-08 06:02:00,.267,26,2.1690953841712113
MID79,SID79,67,2017-03-08 06:02:00,.167,34,2.103613498593468
MID78,SID78,67,2017-03-08 06:02:00,.267,29,2.301642551599013
MID77,SID77,67,2017-03-08 06:02:00,.167,31,2.237906778174355
MID76,SID76,67,2017-03-08 06:02:00,.200,29,2.221891282326701
MID75,SID75,67,2017-03-08 06:02:00,.233,26,2.1852396065387545
MID74,SID74,67,2017-03-08 06:02:00,.267,31,2.1229303938240855
MID73,SID73,67,2017-03-08 06:02:00,.200,32,2.4001874033760213
MID72,SID72,67,2017-03-08 06:02:00,.333,25,2.209647076984087
MID71,SID71,67,2017-03-08 06:02:00,.200,27,2.344478147542842
MID70,SID70,67,2017-03-08 06:02:00,.200,31,2.4290413317354766
MID90,SID90,67,2017-03-08 06:02:00,.267,30,2.2299272629400297
MID89,SID89,67,2017-03-08 06:02:00,.333,30,2.420248226932126
MID88,SID88,67,2017-03-08 06:02:00,.267,30,2.096589620526998
MID87,SID87,67,2017-03-08 06:02:00,.300,29,2.4428616505164253
MID86,SID86,67,2017-03-08 06:02:00,.200,33,2.4113266287243276
MID85,SID85,67,2017-03-08 06:02:00,.333,30,2.3150371286445464
MID84,SID84,67,2017-03-08 06:02:00,.200,31,2.03127353349458
MID83,SID83,67,2017-03-08 06:02:00,.200,32,2.4148908159139166
MID82,SID82,67,2017-03-08 06:02:00,.300,33,2.3496722909805667
MID81,SID81,67,2017-03-08 06:02:00,.300,27,2.456023978570122
MID80,SID80,67,2017-03-08 06:02:00,.300,34,2.2592791426085603
MID59,SID59,67,2017-03-08 06:02:00,.200,33,2.3273115042921493
MID58,SID58,67,2017-03-08 06:02:00,.200,25,2.2112198965857472
MID57,SID57,67,2017-03-08 06:02:00,.333,27,2.0411121953420093
MID56,SID56,67,2017-03-08 06:02:00,.167,28,2.1999783192116658
MID55,SID55,67,2017-03-08 06:02:00,.267,33,2.034793134892563
MID54,SID54,67,2017-03-08 06:02:00,.167,33,2.3865707352687693
MID53,SID53,67,2017-03-08 06:02:00,.233,32,2.033932971922513
MID52,SID52,67,2017-03-08 06:02:00,.333,25,2.212155631072677
MID51,SID51,67,2017-03-08 06:02:00,.300,30,2.4299214781038883
MID50,SID50,67,2017-03-08 06:02:00,.167,26,2.3724355629671803
MID69,SID69,67,2017-03-08 06:02:00,.333,34,2.428473711659674
MID68,SID68,67,2017-03-08 06:02:00,.233,25,2.02454651183858
MID67,SID67,67,2017-03-08 06:02:00,.300,33,2.287613771845181
MID66,SID66,67,2017-03-08 06:02:00,.200,25,2.445582323756248
MID65,SID65,67,2017-03-08 06:02:00,.300,34,2.2536616279084867
MID64,SID64,67,2017-03-08 06:02:00,.267,31,2.1063551027806025
MID63,SID63,67,2017-03-08 06:02:00,.200,34,2.411235223478509
MID62,SID62,67,2017-03-08 06:02:00,.333,29,2.4096400707422676
MID61,SID61,67,2017-03-08 06:02:00,.300,30,2.008115894246054
MID60,SID60,67,2017-03-08 06:02:00,.300,26,2.4120931114736717
MID39,SID39,67,2017-03-08 06:02:00,.267,26,2.4223516359684076
MID38,SID38,67,2017-03-08 06:02:00,.233,29,2.400492176303725
MID37,SID37,67,2017-03-08 06:02:00,.267,26,2.4694384244752094
MID36,SID36,67,2017-03-08 06:02:00,.300,29,2.165941385854897
MID35,SID35,67,2017-03-08 06:02:00,.300,30,2.077831054782411
MID34,SID34,67,2017-03-08 06:02:00,.167,25,2.2533087256287736
MID33,SID33,67,2017-03-08 06:02:00,.333,30,2.2839940004535806
MID32,SID32,67,2017-03-08 06:02:00,.300,30,2.3152765775526754
MID31,SID31,67,2017-03-08 06:02:00,.167,25,2.347162850289931
MID30,SID30,67,2017-03-08 06:02:00,.233,25,2.061859580055775
MID49,SID49,67,2017-03-08 06:02:00,.233,33,2.24215447658438
MID48,SID48,67,2017-03-08 06:02:00,.300,30,2.0685366336215587
MID47,SID47,67,2017-03-08 06:02:00,.233,31,2.2343254117378617
MID46,SID46,67,2017-03-08 06:02:00,.267,31,2.427902097793564
MID45,SID45,67,2017-03-08 06:02:00,.233,29,2.3103560822298954
MID44,SID44,67,2017-03-08 06:02:00,.167,29,2.4719524209374035
MID43,SID43,67,2017-03-08 06:02:00,.200,33,2.486402779520566
MID42,SID42,67,2017-03-08 06:02:00,.300,32,2.222053068586422
MID41,SID41,67,2017-03-08 06:02:00,.300,25,2.1014664417441566
MID40,SID40,67,2017-03-08 06:02:00,.333,29,2.3383718467526027
MID19,SID19,67,2017-03-08 06:02:10,.289,32,2.2505749519196687
MID18,SID18,67,2017-03-08 06:02:10,.253,28,2.397213940682579
MID17,SID17,67,2017-03-08 06:02:10,.289,27,2.161046206144106
MID16,SID16,67,2017-03-08 06:02:10,.253,26,2.2711611851515587
MID15,SID15,67,2017-03-08 06:02:10,.181,28,2.0618455174469528
MID14,SID14,67,2017-03-08 06:02:10,.289,25,2.0267880308079707
MID13,SID13,67,2017-03-08 06:02:10,.325,31,2.163035388679877
MID12,SID12,67,2017-03-08 06:02:10,.289,32,2.2674071675389267
MID11,SID11,67,2017-03-08 06:02:10,.361,30,2.3985123693097203
MID99,SID99,67,2017-03-08 06:02:10,.253,27,2.0735708149202137
MID10,SID10,67,2017-03-08 06:02:10,.181,25,2.405975773317408
MID98,SID98,67,2017-03-08 06:02:10,.325,31,2.2896908157722065
MID97,SID97,67,2017-03-08 06:02:10,.181,34,2.4499238818818143
MID96,SID96,67,2017-03-08 06:02:10,.325,25,2.275763861411369
MID95,SID95,67,2017-03-08 06:02:10,.361,27,2.2687380918090945
MID94,SID94,67,2017-03-08 06:02:10,.361,29,2.279296835669607
MID93,SID93,67,2017-03-08 06:02:10,.361,29,2.3661156285902383
MID92,SID92,67,2017-03-08 06:02:10,.253,28,2.287270520696284
MID91,SID91,67,2017-03-08 06:02:10,.361,27,2.3671253643778534
MID4,SID4,67,2017-03-08 06:02:10,.181,33,2.055649101045905
MID5,SID5,67,2017-03-08 06:02:10,.289,34,2.3315290191657305
MID6,SID6,67,2017-03-08 06:02:10,.217,28,2.490231944648252
MID7,SID7,67,2017-03-08 06:02:10,.361,34,2.1779139370281637
MID1,SID1,67,2017-03-08 06:02:10,.253,26,2.0515858477391555
MID2,SID2,67,2017-03-08 06:02:10,.361,29,2.1396986059683822
MID3,SID3,67,2017-03-08 06:02:10,.325,32,2.317711513199625
MID29,SID29,67,2017-03-08 06:02:10,.325,26,2.392617962214641
MID28,SID28,67,2017-03-08 06:02:10,.253,25,2.160609823942863
MID27,SID27,67,2017-03-08 06:02:10,.217,32,2.33329385040682
MID26,SID26,67,2017-03-08 06:02:10,.217,27,2.087623151875195
MID8,SID8,67,2017-03-08 06:02:10,.253,31,2.0106729759218234
MID25,SID25,67,2017-03-08 06:02:10,.181,25,2.142807992243489
MID9,SID9,67,2017-03-08 06:02:10,.289,28,2.038820802009991
MID24,SID24,67,2017-03-08 06:02:10,.181,30,2.23832575817873
MID23,SID23,67,2017-03-08 06:02:10,.289,27,2.12653263257261
MID22,SID22,67,2017-03-08 06:02:10,.253,33,2.099377808936594
MID21,SID21,67,2017-03-08 06:02:10,.217,32,2.044547941679096
MID20,SID20,67,2017-03-08 06:02:10,.253,27,2.324158593600285
MID100,SID100,67,2017-03-08 06:02:10,.289,27,2.094663649592496
MID79,SID79,67,2017-03-08 06:02:10,.181,30,2.2564975581321898
MID78,SID78,67,2017-03-08 06:02:10,.289,26,2.279571771184087
MID77,SID77,67,2017-03-08 06:02:10,.181,30,2.3009303443239797
MID76,SID76,67,2017-03-08 06:02:10,.217,28,2.107596658452985
MID75,SID75,67,2017-03-08 06:02:10,.253,31,2.3496917739632273
MID74,SID74,67,2017-03-08 06:02:10,.289,30,2.2498585361690027
MID73,SID73,67,2017-03-08 06:02:10,.217,29,2.3944335110383985
MID72,SID72,67,2017-03-08 06:02:10,.361,28,2.182999092920007
MID71,SID71,67,2017-03-08 06:02:10,.217,28,2.3945868023132713
MID70,SID70,67,2017-03-08 06:02:10,.217,33,2.1827222131252384
MID90,SID90,67,2017-03-08 06:02:10,.289,32,2.3299587136313744
MID89,SID89,67,2017-03-08 06:02:10,.361,26,2.4380924703144347
MID88,SID88,67,2017-03-08 06:02:10,.289,33,2.3570615931327112
MID87,SID87,67,2017-03-08 06:02:10,.325,29,2.189837819861101
MID86,SID86,67,2017-03-08 06:02:10,.217,32,2.270724140825883
MID85,SID85,67,2017-03-08 06:02:10,.361,30,2.0245848046170227
MID84,SID84,67,2017-03-08 06:02:10,.217,33,2.1508614690092696
MID83,SID83,67,2017-03-08 06:02:10,.217,31,2.4674107566474035
MID82,SID82,67,2017-03-08 06:02:10,.325,28,2.4100907735480397
MID81,SID81,67,2017-03-08 06:02:10,.325,28,2.3016750466931337
MID80,SID80,67,2017-03-08 06:02:10,.325,29,2.4912533765611435
MID59,SID59,67,2017-03-08 06:02:10,.217,26,2.0421716633796594
MID58,SID58,67,2017-03-08 06:02:10,.217,30,2.319883065616889
MID57,SID57,67,2017-03-08 06:02:10,.361,25,2.1485449772843532
MID56,SID56,67,2017-03-08 06:02:10,.181,26,2.025255511087802
MID55,SID55,67,2017-03-08 06:02:10,.289,30,2.1611195902663143
MID54,SID54,67,2017-03-08 06:02:10,.181,25,2.2907776656015817
MID53,SID53,67,2017-03-08 06:02:10,.253,32,2.0789834616435616
MID52,SID52,67,2017-03-08 06:02:10,.361,32,2.3706712977672995
MID51,SID51,67,2017-03-08 06:02:10,.325,30,2.4488268470239207
MID50,SID50,67,2017-03-08 06:02:10,.181,25,2.137970526445052
MID69,SID69,67,2017-03-08 06:02:10,.361,33,2.4840623255056022
MID68,SID68,67,2017-03-08 06:02:10,.253,32,2.345750287359072
MID67,SID67,67,2017-03-08 06:02:10,.325,33,2.391300527116441
MID66,SID66,67,2017-03-08 06:02:10,.217,25,2.2408942636940385
MID65,SID65,67,2017-03-08 06:02:10,.325,31,2.0326832316050396
MID64,SID64,67,2017-03-08 06:02:10,.289,28,2.004115444470921
MID63,SID63,67,2017-03-08 06:02:10,.217,33,2.3178758836650757
MID62,SID62,67,2017-03-08 06:02:10,.361,31,2.0606230850199347
MID61,SID61,67,2017-03-08 06:02:10,.325,29,2.056939771005474
MID60,SID60,67,2017-03-08 06:02:10,.325,25,2.375113213906871
MID39,SID39,67,2017-03-08 06:02:10,.289,32,2.1530701013816707
MID38,SID38,67,2017-03-08 06:02:10,.253,30,2.1697262489545452
MID37,SID37,67,2017-03-08 06:02:10,.289,29,2.2652390024508016
MID36,SID36,67,2017-03-08 06:02:10,.325,28,2.3523703039564783
MID35,SID35,67,2017-03-08 06:02:10,.325,29,2.2724689970846406
MID34,SID34,67,2017-03-08 06:02:10,.181,33,2.0001221219604135
MID33,SID33,67,2017-03-08 06:02:10,.361,28,2.4603187911330386
MID32,SID32,67,2017-03-08 06:02:10,.325,28,2.4201898278095055
MID31,SID31,67,2017-03-08 06:02:10,.181,29,2.4730127708051213
MID30,SID30,67,2017-03-08 06:02:10,.253,33,2.2990841850767723
MID49,SID49,67,2017-03-08 06:02:10,.253,26,2.1724020238648114
MID48,SID48,67,2017-03-08 06:02:10,.325,28,2.487284371349976
MID47,SID47,67,2017-03-08 06:02:10,.253,31,2.282252165294222
MID46,SID46,67,2017-03-08 06:02:10,.289,30,2.3633058030117957
MID45,SID45,67,2017-03-08 06:02:10,.253,33,2.005327378293841
MID44,SID44,67,2017-03-08 06:02:10,.181,34,2.356074917970016
MID43,SID43,67,2017-03-08 06:02:10,.217,28,2.292954198562965
MID42,SID42,67,2017-03-08 06:02:10,.325,25,2.1339973804232173
MID41,SID41,67,2017-03-08 06:02:10,.325,27,2.222824263153626
MID40,SID40,67,2017-03-08 06:02:10,.361,25,2.263618408293119
MID19,SID19,67,2017-03-08 06:02:20,.311,32,2.2384925323479936
MID18,SID18,67,2017-03-08 06:02:20,.272,31,2.396533222164137
MID17,SID17,67,2017-03-08 06:02:20,.311,33,2.3308069358255867
MID16,SID16,67,2017-03-08 06:02:20,.272,30,2.0972706263311114
MID15,SID15,67,2017-03-08 06:02:20,.194,32,2.2286522777195885
MID14,SID14,67,2017-03-08 06:02:20,.311,34,2.0945163136819396
MID13,SID13,67,2017-03-08 06:02:20,.350,27,2.0435739326488482
MID12,SID12,67,2017-03-08 06:02:20,.311,31,2.0252404910632404
MID11,SID11,67,2017-03-08 06:02:20,.389,26,2.3612087638030523
MID99,SID99,67,2017-03-08 06:02:20,.272,31,2.0588640768250195
MID10,SID10,67,2017-03-08 06:02:20,.194,26,2.4505930302621173
MID98,SID98,67,2017-03-08 06:02:20,.350,25,2.4102858644973004
MID97,SID97,67,2017-03-08 06:02:20,.194,34,2.325507707217376
MID96,SID96,67,2017-03-08 06:02:20,.350,25,2.351375239904112
MID95,SID95,67,2017-03-08 06:02:20,.389,34,2.2783791391023973
MID94,SID94,67,2017-03-08 06:02:20,.389,30,2.2792095966687547
MID93,SID93,67,2017-03-08 06:02:20,.389,31,2.045318972686482
MID92,SID92,67,2017-03-08 06:02:20,.272,31,2.25995399967808
MID91,SID91,67,2017-03-08 06:02:20,.389,28,2.0027859147509917
MID4,SID4,67,2017-03-08 06:02:20,.194,28,2.1745543086330144
MID5,SID5,67,2017-03-08 06:02:20,.311,29,2.403265191483399
MID6,SID6,67,2017-03-08 06:02:20,.233,33,2.369763998497007
MID7,SID7,67,2017-03-08 06:02:20,.389,25,2.300753783340875
MID1,SID1,67,2017-03-08 06:02:20,.272,28,2.444896027842287
MID2,SID2,67,2017-03-08 06:02:20,.389,26,2.108561983358576
MID3,SID3,67,2017-03-08 06:02:20,.350,26,2.312677731959183
MID29,SID29,67,2017-03-08 06:02:20,.350,25,2.462971140608666
MID28,SID28,67,2017-03-08 06:02:20,.272,31,2.035965464115951
MID27,SID27,67,2017-03-08 06:02:20,.233,34,2.438907610754192
MID26,SID26,67,2017-03-08 06:02:20,.233,32,2.11298606017394
MID8,SID8,67,2017-03-08 06:02:20,.272,27,2.2249214224746954
MID25,SID25,67,2017-03-08 06:02:20,.194,33,2.0453036015430595
MID9,SID9,67,2017-03-08 06:02:20,.311,27,2.334761117780509
MID24,SID24,67,2017-03-08 06:02:20,.194,28,2.4819460372983
MID23,SID23,67,2017-03-08 06:02:20,.311,34,2.2473811036565876
MID22,SID22,67,2017-03-08 06:02:20,.272,27,2.411794511976038
MID21,SID21,67,2017-03-08 06:02:20,.233,33,2.0173450550678975
MID20,SID20,67,2017-03-08 06:02:20,.272,26,2.378674007086533
MID100,SID100,67,2017-03-08 06:02:20,.311,27,2.367202897968378
MID79,SID79,67,2017-03-08 06:02:20,.194,32,2.3391172759629875
MID78,SID78,67,2017-03-08 06:02:20,.311,29,2.2088869751549844
MID77,SID77,67,2017-03-08 06:02:20,.194,34,2.018650894441627
MID76,SID76,67,2017-03-08 06:02:20,.233,27,2.39043189922189
MID75,SID75,67,2017-03-08 06:02:20,.272,34,2.491699462240979
MID74,SID74,67,2017-03-08 06:02:20,.311,30,2.1234657823228162
MID73,SID73,67,2017-03-08 06:02:20,.233,30,2.355711282360852
MID72,SID72,67,2017-03-08 06:02:20,.389,27,2.2544325087950186
MID71,SID71,67,2017-03-08 06:02:20,.233,26,2.028612410343496
MID70,SID70,67,2017-03-08 06:02:20,.233,26,2.367434013736552
MID90,SID90,67,2017-03-08 06:02:20,.311,33,2.147761462885523
MID89,SID89,67,2017-03-08 06:02:20,.389,34,2.1981879133124855
MID88,SID88,67,2017-03-08 06:02:20,.311,26,2.2498690936512333
MID87,SID87,67,2017-03-08 06:02:20,.350,28,2.46445969572727
MID86,SID86,67,2017-03-08 06:02:20,.233,31,2.385557370135157
MID85,SID85,67,2017-03-08 06:02:20,.389,34,2.4424560752102513
MID84,SID84,67,2017-03-08 06:02:20,.233,31,2.1733465827640304
MID83,SID83,67,2017-03-08 06:02:20,.233,25,2.35810450979787
MID82,SID82,67,2017-03-08 06:02:20,.350,34,2.4162447611013116
MID81,SID81,67,2017-03-08 06:02:20,.350,31,2.3073689710220755
MID80,SID80,67,2017-03-08 06:02:20,.350,27,2.343283201817478
MID59,SID59,67,2017-03-08 06:02:20,.233,25,2.476627160589892
MID58,SID58,67,2017-03-08 06:02:20,.233,27,2.047245917865465
MID57,SID57,67,2017-03-08 06:02:20,.389,25,2.4723079160367014
MID56,SID56,67,2017-03-08 06:02:20,.194,25,2.0811714509883026
MID55,SID55,67,2017-03-08 06:02:20,.311,25,2.199970377112685
MID54,SID54,67,2017-03-08 06:02:20,.194,27,2.4730445163915307
MID53,SID53,67,2017-03-08 06:02:20,.272,31,2.4736300683802788
MID52,SID52,67,2017-03-08 06:02:20,.389,25,2.1577463386306803
MID51,SID51,67,2017-03-08 06:02:20,.350,32,2.454009876652227
MID50,SID50,67,2017-03-08 06:02:20,.194,32,2.277047103185298
MID69,SID69,67,2017-03-08 06:02:20,.389,32,2.4960950072932486
MID68,SID68,67,2017-03-08 06:02:20,.272,25,2.2885045887578963
MID67,SID67,67,2017-03-08 06:02:20,.350,26,2.027016589000193
MID66,SID66,67,2017-03-08 06:02:20,.233,29,2.1895990963218512
MID65,SID65,67,2017-03-08 06:02:20,.350,34,2.4223589276307025
MID64,SID64,67,2017-03-08 06:02:20,.311,33,2.3121057260959064
MID63,SID63,67,2017-03-08 06:02:20,.233,25,2.2781099018812476
MID62,SID62,67,2017-03-08 06:02:20,.389,27,2.2631527319813527
MID61,SID61,67,2017-03-08 06:02:20,.350,32,2.1673857198820135
MID60,SID60,67,2017-03-08 06:02:20,.350,26,2.3901184042025885
MID39,SID39,67,2017-03-08 06:02:20,.311,31,2.023157591112829
MID38,SID38,67,2017-03-08 06:02:20,.272,28,2.4068676866487353
MID37,SID37,67,2017-03-08 06:02:20,.311,28,2.4608838020075003
MID36,SID36,67,2017-03-08 06:02:20,.350,31,2.351122291582353
MID35,SID35,67,2017-03-08 06:02:20,.350,27,2.151253221669156
MID34,SID34,67,2017-03-08 06:02:20,.194,26,2.123706000236626
MID33,SID33,67,2017-03-08 06:02:20,.389,26,2.0528656484462804
MID32,SID32,67,2017-03-08 06:02:20,.350,32,2.4020819965181284
MID31,SID31,67,2017-03-08 06:02:20,.194,26,2.263295079432267
MID30,SID30,67,2017-03-08 06:02:20,.272,25,2.2958769194226702
MID49,SID49,67,2017-03-08 06:02:20,.272,30,2.4862360427350225
MID48,SID48,67,2017-03-08 06:02:20,.350,29,2.121551481901435
MID47,SID47,67,2017-03-08 06:02:20,.272,33,2.3497584947849237
MID46,SID46,67,2017-03-08 06:02:20,.311,32,2.1606723587593324
MID45,SID45,67,2017-03-08 06:02:20,.272,33,2.1678484505100637
MID44,SID44,67,2017-03-08 06:02:20,.194,33,2.010930125476092
MID43,SID43,67,2017-03-08 06:02:20,.233,30,2.052043958443518
MID42,SID42,67,2017-03-08 06:02:20,.350,29,2.303666541331938
MID41,SID41,67,2017-03-08 06:02:20,.350,30,2.1660168664634916
MID40,SID40,67,2017-03-08 06:02:20,.389,32,2.351254954791208
MID19,SID19,67,2017-03-08 06:02:30,.333,30,2.3987364660421955
MID18,SID18,67,2017-03-08 06:02:30,.292,31,2.220065241001925
MID17,SID17,67,2017-03-08 06:02:30,.333,29,2.453052418477482
MID16,SID16,67,2017-03-08 06:02:30,.292,26,2.2510561868769456
MID15,SID15,67,2017-03-08 06:02:30,.208,25,2.4108510822701215
MID14,SID14,67,2017-03-08 06:02:30,.333,27,2.1541729455353633
MID13,SID13,67,2017-03-08 06:02:30,.375,27,2.02375742561542
MID12,SID12,67,2017-03-08 06:02:30,.333,27,2.079696911995046
MID11,SID11,67,2017-03-08 06:02:30,.417,25,2.3300904266274016
MID99,SID99,67,2017-03-08 06:02:30,.292,30,2.3797372131847516
MID10,SID10,67,2017-03-08 06:02:30,.208,34,2.2282687629055875
MID98,SID98,67,2017-03-08 06:02:30,.375,32,2.3998253637792315
MID97,SID97,67,2017-03-08 06:02:30,.208,28,2.2110520433167276
MID96,SID96,67,2017-03-08 06:02:30,.375,31,2.2445097916927494
MID95,SID95,67,2017-03-08 06:02:30,.417,34,2.3742003458569325
MID94,SID94,67,2017-03-08 06:02:30,.417,29,2.3043504243352233
MID93,SID93,67,2017-03-08 06:02:30,.417,32,2.0057812700579594
MID92,SID92,67,2017-03-08 06:02:30,.292,28,2.327559077038869
MID91,SID91,67,2017-03-08 06:02:30,.417,30,2.0415037112471683
MID4,SID4,67,2017-03-08 06:02:30,.208,32,2.4111246908916675
MID5,SID5,67,2017-03-08 06:02:30,.333,30,2.025797167359149
MID6,SID6,67,2017-03-08 06:02:30,.250,26,2.374329639509082
MID7,SID7,67,2017-03-08 06:02:30,.417,34,2.392226127434528
MID1,SID1,67,2017-03-08 06:02:30,.292,26,2.1258853370859554
MID2,SID2,67,2017-03-08 06:02:30,.417,28,2.441369810106316
MID3,SID3,67,2017-03-08 06:02:30,.375,33,2.153585420434951
MID29,SID29,67,2017-03-08 06:02:30,.375,28,2.10990387036857
MID28,SID28,67,2017-03-08 06:02:30,.292,34,2.0152669623315385
MID27,SID27,67,2017-03-08 06:02:30,.250,27,2.2044505525685985
MID26,SID26,67,2017-03-08 06:02:30,.250,31,2.1459489950983484
MID8,SID8,67,2017-03-08 06:02:30,.292,29,2.0721371013709224
MID25,SID25,67,2017-03-08 06:02:30,.208,28,2.284118622591508
MID9,SID9,67,2017-03-08 06:02:30,.333,33,2.164597531098318
MID24,SID24,67,2017-03-08 06:02:30,.208,34,2.4241084889739306
MID23,SID23,67,2017-03-08 06:02:30,.333,33,2.050289729104012
MID22,SID22,67,2017-03-08 06:02:30,.292,28,2.287081512784699
MID21,SID21,67,2017-03-08 06:02:30,.250,27,2.1351068177028196
MID20,SID20,67,2017-03-08 06:02:30,.292,25,2.0365821681624157
MID100,SID100,67,2017-03-08 06:02:30,.333,29,2.2528944883633337
MID79,SID79,67,2017-03-08 06:02:30,.208,26,2.4192607925721874
MID78,SID78,67,2017-03-08 06:02:30,.333,30,2.4221762781374876
MID77,SID77,67,2017-03-08 06:02:30,.208,28,2.2115457450919482
MID76,SID76,67,2017-03-08 06:02:30,.250,31,2.080201544547026
MID75,SID75,67,2017-03-08 06:02:30,.292,34,2.054409751496567
MID74,SID74,67,2017-03-08 06:02:30,.333,28,2.212656819856583
MID73,SID73,67,2017-03-08 06:02:30,.250,34,2.462051092388534
MID72,SID72,67,2017-03-08 06:02:30,.417,26,2.3664947635363305
MID71,SID71,67,2017-03-08 06:02:30,.250,29,2.433169391716839
MID70,SID70,67,2017-03-08 06:02:30,.250,29,2.0442616341031075
MID90,SID90,67,2017-03-08 06:02:30,.333,34,2.444069353513029
MID89,SID89,67,2017-03-08 06:02:30,.417,27,2.4723576091480752
MID88,SID88,67,2017-03-08 06:02:30,.333,31,2.23152283247198
MID87,SID87,67,2017-03-08 06:02:30,.375,30,2.1963358587033737
MID86,SID86,67,2017-03-08 06:02:30,.250,27,2.4195852315688566
MID85,SID85,67,2017-03-08 06:02:30,.417,27,2.309786231797497
MID84,SID84,67,2017-03-08 06:02:30,.250,33,2.450269443596798
MID83,SID83,67,2017-03-08 06:02:30,.250,30,2.4901459267108415
MID82,SID82,67,2017-03-08 06:02:30,.375,32,2.0979748623188774
MID81,SID81,67,2017-03-08 06:02:30,.375,34,2.350008522925719
MID80,SID80,67,2017-03-08 06:02:30,.375,25,2.120639513563005
MID59,SID59,67,2017-03-08 06:02:30,.250,30,2.2218825625694225
MID58,SID58,67,2017-03-08 06:02:30,.250,27,2.063261631288712
MID57,SID57,67,2017-03-08 06:02:30,.417,34,2.4754767413329084
MID56,SID56,67,2017-03-08 06:02:30,.208,26,2.36515561533078
MID55,SID55,67,2017-03-08 06:02:30,.333,34,2.411307580536928
MID54,SID54,67,2017-03-08 06:02:30,.208,27,2.264704783355242
MID53,SID53,67,2017-03-08 06:02:30,.292,34,2.2973407309191263
MID52,SID52,67,2017-03-08 06:02:30,.417,32,2.100365297279216
MID51,SID51,67,2017-03-08 06:02:30,.375,34,2.248839943533647
MID50,SID50,67,2017-03-08 06:02:30,.208,28,2.2531930397997724
MID69,SID69,67,2017-03-08 06:02:30,.417,27,2.199158619296095
MID68,SID68,67,2017-03-08 06:02:30,.292,30,2.3979087094837768
MID67,SID67,67,2017-03-08 06:02:30,.375,29,2.439864171011249
MID66,SID66,67,2017-03-08 06:02:30,.250,26,2.075331631338471
MID65,SID65,67,2017-03-08 06:02:30,.375,31,2.3401497068713146
MID64,SID64,67,2017-03-08 06:02:30,.333,31,2.279127311797631
MID63,SID63,67,2017-03-08 06:02:30,.250,26,2.4785692673164617
MID62,SID62,67,2017-03-08 06:02:30,.417,25,2.1989490259705766
MID61,SID61,67,2017-03-08 06:02:30,.375,32,2.380396784596289
MID60,SID60,67,2017-03-08 06:02:30,.375,30,2.3242128471929258
MID39,SID39,67,2017-03-08 06:02:30,.333,34,2.4053948833891248
MID38,SID38,67,2017-03-08 06:02:30,.292,33,2.0028248282547425
MID37,SID37,67,2017-03-08 06:02:30,.333,29,2.38740497031358
MID36,SID36,67,2017-03-08 06:02:30,.375,26,2.3551100134417395
MID35,SID35,67,2017-03-08 06:02:30,.375,29,2.3384334009009704
MID34,SID34,67,2017-03-08 06:02:30,.208,31,2.2428072854660446
MID33,SID33,67,2017-03-08 06:02:30,.417,25,2.4880829737088344
MID32,SID32,67,2017-03-08 06:02:30,.375,34,2.033816176233466
MID31,SID31,67,2017-03-08 06:02:30,.208,33,2.1357735061868204
MID30,SID30,67,2017-03-08 06:02:30,.292,30,2.078665203624368
MID49,SID49,67,2017-03-08 06:02:30,.292,33,2.47420712631718
MID48,SID48,67,2017-03-08 06:02:30,.375,33,2.4448340229309586
MID47,SID47,67,2017-03-08 06:02:30,.292,27,2.090560696694051
MID46,SID46,67,2017-03-08 06:02:30,.333,34,2.4400113568866812
MID45,SID45,67,2017-03-08 06:02:30,.292,31,2.093756690702065
MID44,SID44,67,2017-03-08 06:02:30,.208,33,2.11079136570411
MID43,SID43,67,2017-03-08 06:02:30,.250,28,2.4969472668980925
MID42,SID42,67,2017-03-08 06:02:30,.375,28,2.0754242119223694
MID41,SID41,67,2017-03-08 06:02:30,.375,30,2.309054309049489
MID40,SID40,67,2017-03-08 06:02:30,.417,33,2.2736929425227554
MID19,SID19,67,2017-03-08 06:02:40,.356,31,2.274644083444942
MID18,SID18,67,2017-03-08 06:02:40,.311,31,2.0004352132904946
MID17,SID17,67,2017-03-08 06:02:40,.356,33,2.231895966977883
MID16,SID16,67,2017-03-08 06:02:40,.311,34,2.173380327219718
MID15,SID15,67,2017-03-08 06:02:40,.222,28,2.417246386871992
MID14,SID14,67,2017-03-08 06:02:40,.356,29,2.229770343064288
MID13,SID13,67,2017-03-08 06:02:40,.400,27,2.0664205640049635
MID12,SID12,67,2017-03-08 06:02:40,.356,25,2.3734110313052117
MID11,SID11,67,2017-03-08 06:02:40,.444,26,2.4860094415234237
MID99,SID99,67,2017-03-08 06:02:40,.311,32,2.3583207525341683
MID10,SID10,67,2017-03-08 06:02:40,.222,34,2.431463042792239
MID98,SID98,67,2017-03-08 06:02:40,.400,29,2.121180939913757
MID97,SID97,67,2017-03-08 06:02:40,.222,29,2.303617174229545
MID96,SID96,67,2017-03-08 06:02:40,.400,32,2.3709673209245903
MID95,SID95,67,2017-03-08 06:02:40,.444,25,2.4343447830156713
MID94,SID94,67,2017-03-08 06:02:40,.444,25,2.1160870985128395
MID93,SID93,67,2017-03-08 06:02:40,.444,28,2.277382972574567
MID92,SID92,67,2017-03-08 06:02:40,.311,29,2.0068260137823377
MID91,SID91,67,2017-03-08 06:02:40,.444,27,2.4803932848217043
MID4,SID4,67,2017-03-08 06:02:40,.222,29,2.114793768090982
MID5,SID5,67,2017-03-08 06:02:40,.356,34,2.3448830054839886
MID6,SID6,67,2017-03-08 06:02:40,.267,25,2.2248743301694196
MID7,SID7,67,2017-03-08 06:02:40,.444,34,2.322977651589904
MID1,SID1,67,2017-03-08 06:02:40,.311,33,2.4361087928913245
MID2,SID2,67,2017-03-08 06:02:40,.444,30,2.1777487921581233
MID3,SID3,67,2017-03-08 06:02:40,.400,29,2.219170218476861
MID29,SID29,67,2017-03-08 06:02:40,.400,26,2.495191048946439
MID28,SID28,67,2017-03-08 06:02:40,.311,31,2.228536126807397
MID27,SID27,67,2017-03-08 06:02:40,.267,25,2.30874504024498
MID26,SID26,67,2017-03-08 06:02:40,.267,29,2.386088526168276
MID8,SID8,67,2017-03-08 06:02:40,.311,33,2.1183705902447607
MID25,SID25,67,2017-03-08 06:02:40,.222,25,2.152770692605481
MID9,SID9,67,2017-03-08 06:02:40,.356,28,2.1572250345036856
MID24,SID24,67,2017-03-08 06:02:40,.222,31,2.124820767226666
MID23,SID23,67,2017-03-08 06:02:40,.356,26,2.127273749028194
MID22,SID22,67,2017-03-08 06:02:40,.311,26,2.3346142153897222
MID21,SID21,67,2017-03-08 06:02:40,.267,27,2.3681881302568337
MID20,SID20,67,2017-03-08 06:02:40,.311,32,2.249795719714949
MID100,SID100,67,2017-03-08 06:02:40,.356,28,2.0979287751441964
MID79,SID79,67,2017-03-08 06:02:40,.222,33,2.485021259423209
MID78,SID78,67,2017-03-08 06:02:40,.356,26,2.3417742810680977
MID77,SID77,67,2017-03-08 06:02:40,.222,30,2.272630607425681
MID76,SID76,67,2017-03-08 06:02:40,.267,31,2.2430655685353744
MID75,SID75,67,2017-03-08 06:02:40,.311,26,2.4006366710455023
MID74,SID74,67,2017-03-08 06:02:40,.356,26,2.1666749213070915
MID73,SID73,67,2017-03-08 06:02:40,.267,27,2.4995974792007853
MID72,SID72,67,2017-03-08 06:02:40,.444,31,2.0404510529250506
MID71,SID71,67,2017-03-08 06:02:40,.267,34,2.1548317361873255
MID70,SID70,67,2017-03-08 06:02:40,.267,34,2.003542707859534
MID90,SID90,67,2017-03-08 06:02:40,.356,27,2.0755437834583144
MID89,SID89,67,2017-03-08 06:02:40,.444,34,2.287861996461527
MID88,SID88,67,2017-03-08 06:02:40,.356,25,2.0536035417509355
MID87,SID87,67,2017-03-08 06:02:40,.400,26,2.2333662165180246
MID86,SID86,67,2017-03-08 06:02:40,.267,32,2.349783747933912
MID85,SID85,67,2017-03-08 06:02:40,.444,30,2.1020896969502285
MID84,SID84,67,2017-03-08 06:02:40,.267,31,2.2310895187462605
MID83,SID83,67,2017-03-08 06:02:40,.267,30,2.464169703711656
MID82,SID82,67,2017-03-08 06:02:40,.400,32,2.2940112904414502
MID81,SID81,67,2017-03-08 06:02:40,.400,33,2.477589399535245
MID80,SID80,67,2017-03-08 06:02:40,.400,27,2.262481197895754
MID59,SID59,67,2017-03-08 06:02:40,.267,29,2.078040060595972
MID58,SID58,67,2017-03-08 06:02:40,.267,33,2.2145153161692384
MID57,SID57,67,2017-03-08 06:02:40,.444,34,2.2258070322487447
MID56,SID56,67,2017-03-08 06:02:40,.222,31,2.4693682365800003
MID55,SID55,67,2017-03-08 06:02:40,.356,25,2.2274773882457892
MID54,SID54,67,2017-03-08 06:02:40,.222,26,2.2552483215821857
MID53,SID53,67,2017-03-08 06:02:40,.311,25,2.386691890358356
MID52,SID52,67,2017-03-08 06:02:40,.444,28,2.1406246732297465
MID51,SID51,67,2017-03-08 06:02:40,.400,27,2.1820291019483373
MID50,SID50,67,2017-03-08 06:02:40,.222,29,2.387231255560265
MID69,SID69,67,2017-03-08 06:02:40,.444,29,2.1946482072732905
MID68,SID68,67,2017-03-08 06:02:40,.311,30,2.261498129168703
MID67,SID67,67,2017-03-08 06:02:40,.400,26,2.4418042159882605
MID66,SID66,67,2017-03-08 06:02:40,.267,26,2.2801703199183585
MID65,SID65,67,2017-03-08 06:02:40,.400,32,2.0842736718022645
MID64,SID64,67,2017-03-08 06:02:40,.356,33,2.324457748071887
MID63,SID63,67,2017-03-08 06:02:40,.267,32,2.4237439029378876
MID62,SID62,67,2017-03-08 06:02:40,.444,33,2.4244972314954727
MID61,SID61,67,2017-03-08 06:02:40,.400,32,2.3008719486200935
MID60,SID60,67,2017-03-08 06:02:40,.400,33,2.0879706883113816
MID39,SID39,67,2017-03-08 06:02:40,.356,31,2.2269569491279944
MID38,SID38,67,2017-03-08 06:02:40,.311,27,2.2933256308176455
MID37,SID37,67,2017-03-08 06:02:40,.356,33,2.288411285911081
MID36,SID36,67,2017-03-08 06:02:40,.400,27,2.1663894181735337
MID35,SID35,67,2017-03-08 06:02:40,.400,29,2.0199960081245765
MID34,SID34,67,2017-03-08 06:02:40,.222,32,2.466527149956987
MID33,SID33,67,2017-03-08 06:02:40,.444,29,2.2868697859407687
MID32,SID32,67,2017-03-08 06:02:40,.400,34,2.304279146268089
MID31,SID31,67,2017-03-08 06:02:40,.222,33,2.117054889686097
MID30,SID30,67,2017-03-08 06:02:40,.311,26,2.157023131342569
MID49,SID49,67,2017-03-08 06:02:40,.311,32,2.093074041875517
MID48,SID48,67,2017-03-08 06:02:40,.400,28,2.243937031403561
MID47,SID47,67,2017-03-08 06:02:40,.311,27,2.1105235996418448
MID46,SID46,67,2017-03-08 06:02:40,.356,27,2.4949133780661983
MID45,SID45,67,2017-03-08 06:02:40,.311,30,2.023047523576796
MID44,SID44,67,2017-03-08 06:02:40,.222,31,2.391016622293597
MID43,SID43,67,2017-03-08 06:02:40,.267,29,2.287241045920573
MID42,SID42,67,2017-03-08 06:02:40,.400,28,2.1843547678790634
MID41,SID41,67,2017-03-08 06:02:40,.400,25,2.044266839628036
MID40,SID40,67,2017-03-08 06:02:40,.444,26,2.2464569506543834
MID19,SID19,67,2017-03-08 06:02:50,.378,32,2.3905117775793454
MID18,SID18,67,2017-03-08 06:02:50,.331,32,2.3414016028329945
MID17,SID17,67,2017-03-08 06:02:50,.378,32,2.1937103410215033
MID16,SID16,67,2017-03-08 06:02:50,.331,31,2.3902704448080825
MID15,SID15,67,2017-03-08 06:02:50,.236,34,2.013546469759276
MID14,SID14,67,2017-03-08 06:02:50,.378,33,2.1391285966457305
MID13,SID13,67,2017-03-08 06:02:50,.425,31,2.485351613888179
MID12,SID12,67,2017-03-08 06:02:50,.378,28,2.1641627029486887
MID11,SID11,67,2017-03-08 06:02:50,.472,25,2.3983924760512463
MID99,SID99,67,2017-03-08 06:02:50,.331,26,2.4357856177445263
MID10,SID10,67,2017-03-08 06:02:50,.236,33,2.3786319092705615
MID98,SID98,67,2017-03-08 06:02:50,.425,31,2.253980892740887
MID97,SID97,67,2017-03-08 06:02:50,.236,29,2.299178833185074
MID96,SID96,67,2017-03-08 06:02:50,.425,32,2.133409510992158
MID95,SID95,67,2017-03-08 06:02:50,.472,34,2.411786386284917
MID94,SID94,67,2017-03-08 06:02:50,.472,34,2.2581002214469943
MID93,SID93,67,2017-03-08 06:02:50,.472,28,2.4670617702154187
MID92,SID92,67,2017-03-08 06:02:50,.331,32,2.3898614236318583
MID91,SID91,67,2017-03-08 06:02:50,.472,34,2.4038806399972277
MID4,SID4,67,2017-03-08 06:02:50,.236,30,2.3290863212248905
MID5,SID5,67,2017-03-08 06:02:50,.378,30,2.130543287427853
MID6,SID6,67,2017-03-08 06:02:50,.283,30,2.3128663579743565
MID7,SID7,67,2017-03-08 06:02:50,.472,29,2.4823249580774616
MID1,SID1,67,2017-03-08 06:02:50,.331,28,2.1495094741027474
MID2,SID2,67,2017-03-08 06:02:50,.472,29,2.37639659967168
MID3,SID3,67,2017-03-08 06:02:50,.425,29,2.2625259207450332
MID29,SID29,67,2017-03-08 06:02:50,.425,33,2.2445352666689176
MID28,SID28,67,2017-03-08 06:02:50,.331,29,2.2086573541387877
MID27,SID27,67,2017-03-08 06:02:50,.283,25,2.3762381592797026
MID26,SID26,67,2017-03-08 06:02:50,.283,30,2.3233066209402917
MID8,SID8,67,2017-03-08 06:02:50,.331,29,2.10926141975626
MID25,SID25,67,2017-03-08 06:02:50,.236,30,2.306506647504492
MID9,SID9,67,2017-03-08 06:02:50,.378,32,2.3530283452785614
MID24,SID24,67,2017-03-08 06:02:50,.236,25,2.18746146377281
MID23,SID23,67,2017-03-08 06:02:50,.378,32,2.0114373171786024
MID22,SID22,67,2017-03-08 06:02:50,.331,30,2.3532981412191156
MID21,SID21,67,2017-03-08 06:02:50,.283,29,2.3753739384752497
MID20,SID20,67,2017-03-08 06:02:50,.331,27,2.4151111099652294
MID100,SID100,67,2017-03-08 06:02:50,.378,28,2.498825754423659
MID79,SID79,67,2017-03-08 06:02:50,.236,29,2.012981507314864
MID78,SID78,67,2017-03-08 06:02:50,.378,30,2.2498995811552644
MID77,SID77,67,2017-03-08 06:02:50,.236,32,2.1420518010593437
MID76,SID76,67,2017-03-08 06:02:50,.283,28,2.2101099866534
MID75,SID75,67,2017-03-08 06:02:50,.331,26,2.0824638986415636
MID74,SID74,67,2017-03-08 06:02:50,.378,25,2.146483223309378
MID73,SID73,67,2017-03-08 06:02:50,.283,29,2.320549877893969
MID72,SID72,67,2017-03-08 06:02:50,.472,29,2.4634565967946758
MID71,SID71,67,2017-03-08 06:02:50,.283,33,2.1991689125232208
MID70,SID70,67,2017-03-08 06:02:50,.283,33,2.0093033332064425
MID90,SID90,67,2017-03-08 06:02:50,.378,25,2.4668493472193904
MID89,SID89,67,2017-03-08 06:02:50,.472,29,2.470667638713245
MID88,SID88,67,2017-03-08 06:02:50,.378,28,2.222810325506993
MID87,SID87,67,2017-03-08 06:02:50,.425,29,2.1193235609174703
MID86,SID86,67,2017-03-08 06:02:50,.283,28,2.188710726704124
MID85,SID85,67,2017-03-08 06:02:50,.472,28,2.4523686846498878
MID84,SID84,67,2017-03-08 06:02:50,.283,28,2.4127769581957947
MID83,SID83,67,2017-03-08 06:02:50,.283,27,2.01559745546507
MID82,SID82,67,2017-03-08 06:02:50,.425,27,2.347570622319587
MID81,SID81,67,2017-03-08 06:02:50,.425,30,2.219428398671585
MID80,SID80,67,2017-03-08 06:02:50,.425,27,2.1606796324207638
MID59,SID59,67,2017-03-08 06:02:50,.283,26,2.2461249029417223
MID58,SID58,67,2017-03-08 06:02:50,.283,32,2.273630955274408
MID57,SID57,67,2017-03-08 06:02:50,.472,26,2.1598651442839287
MID56,SID56,67,2017-03-08 06:02:50,.236,27,2.3091823026571467
MID55,SID55,67,2017-03-08 06:02:50,.378,31,2.3097543803858316
MID54,SID54,67,2017-03-08 06:02:50,.236,28,2.199263191847294
MID53,SID53,67,2017-03-08 06:02:50,.331,27,2.267956186040224
MID52,SID52,67,2017-03-08 06:02:50,.472,30,2.4070271768875413
MID51,SID51,67,2017-03-08 06:02:50,.425,32,2.3313616445313894
MID50,SID50,67,2017-03-08 06:02:50,.236,25,2.205464869347697
MID69,SID69,67,2017-03-08 06:02:50,.472,28,2.140357340395589
MID68,SID68,67,2017-03-08 06:02:50,.331,28,2.1112429094728427
MID67,SID67,67,2017-03-08 06:02:50,.425,31,2.173384535761063
MID66,SID66,67,2017-03-08 06:02:50,.283,27,2.022550395131096
MID65,SID65,67,2017-03-08 06:02:50,.425,29,2.4628464168760478
MID64,SID64,67,2017-03-08 06:02:50,.378,30,2.349582734506279
MID63,SID63,67,2017-03-08 06:02:50,.283,25,2.09822708068915
MID62,SID62,67,2017-03-08 06:02:50,.472,33,2.4413034003222203
MID61,SID61,67,2017-03-08 06:02:50,.425,34,2.407521210577697
MID60,SID60,67,2017-03-08 06:02:50,.425,31,2.2287424097554753
MID39,SID39,67,2017-03-08 06:02:50,.378,29,2.224016497278179
MID38,SID38,67,2017-03-08 06:02:50,.331,27,2.085187520204461
MID37,SID37,67,2017-03-08 06:02:50,.378,29,2.373202352231306
MID36,SID36,67,2017-03-08 06:02:50,.425,34,2.2484632614395172
MID35,SID35,67,2017-03-08 06:02:50,.425,33,2.3586402046213037
MID34,SID34,67,2017-03-08 06:02:50,.236,26,2.4431182487183194
MID33,SID33,67,2017-03-08 06:02:50,.472,34,2.3529348123939013
MID32,SID32,67,2017-03-08 06:02:50,.425,32,2.0447018313555385
MID31,SID31,67,2017-03-08 06:02:50,.236,28,2.3848926307890914
MID30,SID30,67,2017-03-08 06:02:50,.331,27,2.0251225458073745
MID49,SID49,67,2017-03-08 06:02:50,.331,31,2.329825777561738
MID48,SID48,67,2017-03-08 06:02:50,.425,34,2.0538429259142372
MID47,SID47,67,2017-03-08 06:02:50,.331,31,2.4452526846489486
MID46,SID46,67,2017-03-08 06:02:50,.378,31,2.3811779321155693
MID45,SID45,67,2017-03-08 06:02:50,.331,29,2.420906067974711
MID44,SID44,67,2017-03-08 06:02:50,.236,33,2.481253068600628
MID43,SID43,67,2017-03-08 06:02:50,.283,29,2.1626448380785046
MID42,SID42,67,2017-03-08 06:02:50,.425,31,2.1021141511089625
MID41,SID41,67,2017-03-08 06:02:50,.425,33,2.185759851500091
MID40,SID40,67,2017-03-08 06:02:50,.472,27,2.023501467629002
MID19,SID19,67,2017-03-08 06:03:00,.400,31,2.2957900193518945
MID18,SID18,67,2017-03-08 06:03:00,.350,27,2.2735772424050387
MID17,SID17,67,2017-03-08 06:03:00,.400,31,2.3228541715337636
MID16,SID16,67,2017-03-08 06:03:00,.350,28,2.4172052322086257
MID15,SID15,67,2017-03-08 06:03:00,.250,31,2.1565634983318067
MID14,SID14,67,2017-03-08 06:03:00,.400,32,2.0201345348433355
MID13,SID13,67,2017-03-08 06:03:00,.450,33,2.390049641793896
MID12,SID12,67,2017-03-08 06:03:00,.400,29,2.4354379697704553
MID11,SID11,67,2017-03-08 06:03:00,.500,26,2.2938155756482224
MID99,SID99,67,2017-03-08 06:03:00,.350,29,2.2298222650633166
MID10,SID10,67,2017-03-08 06:03:00,.250,31,2.24178861640548
MID98,SID98,67,2017-03-08 06:03:00,.450,29,2.2646903923548876
MID97,SID97,67,2017-03-08 06:03:00,.250,32,2.2971646598278785
MID96,SID96,67,2017-03-08 06:03:00,.450,31,2.3803990183872017
MID95,SID95,67,2017-03-08 06:03:00,.500,25,2.319747820102263
MID94,SID94,67,2017-03-08 06:03:00,.500,29,2.4746114700565895
MID93,SID93,67,2017-03-08 06:03:00,.500,34,2.1618360368319944
MID92,SID92,67,2017-03-08 06:03:00,.350,33,2.374217534966356
MID91,SID91,67,2017-03-08 06:03:00,.500,32,2.3715287848392683
MID4,SID4,67,2017-03-08 06:03:00,.250,28,2.04308290055145
MID5,SID5,67,2017-03-08 06:03:00,.400,28,2.0445915729306914
MID6,SID6,67,2017-03-08 06:03:00,.300,30,2.068574025337211
MID7,SID7,67,2017-03-08 06:03:00,.500,31,2.149005908406949
MID1,SID1,67,2017-03-08 06:03:00,.350,34,2.0170193259989846
MID2,SID2,67,2017-03-08 06:03:00,.500,33,2.395806718641395
MID3,SID3,67,2017-03-08 06:03:00,.450,28,2.140742816969404
MID29,SID29,67,2017-03-08 06:03:00,.450,34,2.050333239599309
MID28,SID28,67,2017-03-08 06:03:00,.350,25,2.380671711046536
MID27,SID27,67,2017-03-08 06:03:00,.300,27,2.4427359908282402
MID26,SID26,67,2017-03-08 06:03:00,.300,26,2.2773068654508366
MID8,SID8,67,2017-03-08 06:03:00,.350,32,2.4516843371932944
MID25,SID25,67,2017-03-08 06:03:00,.250,30,2.0870655265984785
MID9,SID9,67,2017-03-08 06:03:00,.400,29,2.0885796586445204
MID24,SID24,67,2017-03-08 06:03:00,.250,33,2.290885437071988
MID23,SID23,67,2017-03-08 06:03:00,.400,28,2.3591492714438855
MID22,SID22,67,2017-03-08 06:03:00,.350,32,2.069832702579565
MID21,SID21,67,2017-03-08 06:03:00,.300,33,2.3727919947684453
MID20,SID20,67,2017-03-08 06:03:00,.350,25,2.0346382973246913
MID100,SID100,67,2017-03-08 06:03:00,.400,33,2.4393835108463557
MID79,SID79,67,2017-03-08 06:03:00,.250,31,2.121199113234908
MID78,SID78,67,2017-03-08 06:03:00,.400,29,2.0842500875448446
MID77,SID77,67,2017-03-08 06:03:00,.250,33,2.035243449767765
MID76,SID76,67,2017-03-08 06:03:00,.300,28,2.142211559002869
MID75,SID75,67,2017-03-08 06:03:00,.350,32,2.265149714806963
MID74,SID74,67,2017-03-08 06:03:00,.400,31,2.391721090268548
MID73,SID73,67,2017-03-08 06:03:00,.300,26,2.321442920261901
MID72,SID72,67,2017-03-08 06:03:00,.500,30,2.048602122617702
MID71,SID71,67,2017-03-08 06:03:00,.300,28,2.4489649102327737
MID70,SID70,67,2017-03-08 06:03:00,.300,26,2.3578086872516164
MID90,SID90,67,2017-03-08 06:03:00,.400,28,2.428301151625713
MID89,SID89,67,2017-03-08 06:03:00,.500,33,2.3838316824002703
MID88,SID88,67,2017-03-08 06:03:00,.400,32,2.2633341119659445
MID87,SID87,67,2017-03-08 06:03:00,.450,33,2.238340383836142
MID86,SID86,67,2017-03-08 06:03:00,.300,26,2.3834764054784565
MID85,SID85,67,2017-03-08 06:03:00,.500,34,2.3730389892526027
MID84,SID84,67,2017-03-08 06:03:00,.300,32,2.272142633270503
MID83,SID83,67,2017-03-08 06:03:00,.300,30,2.2200192210934677
MID82,SID82,67,2017-03-08 06:03:00,.450,33,2.105735103625025
MID81,SID81,67,2017-03-08 06:03:00,.450,27,2.0095958411577923
MID80,SID80,67,2017-03-08 06:03:00,.450,26,2.2128910018026904
MID59,SID59,67,2017-03-08 06:03:00,.300,29,2.226643618073242
MID58,SID58,67,2017-03-08 06:03:00,.300,33,2.0212813683566377
MID57,SID57,67,2017-03-08 06:03:00,.500,32,2.120329374126644
MID56,SID56,67,2017-03-08 06:03:00,.250,31,2.0895035076612896
MID55,SID55,67,2017-03-08 06:03:00,.400,27,2.4224918070389196
MID54,SID54,67,2017-03-08 06:03:00,.250,29,2.087091824181535
MID53,SID53,67,2017-03-08 06:03:00,.350,31,2.1625242224811085
MID52,SID52,67,2017-03-08 06:03:00,.500,28,2.406804095775351
MID51,SID51,67,2017-03-08 06:03:00,.450,26,2.496987210581941
MID50,SID50,67,2017-03-08 06:03:00,.250,33,2.282788194939636
MID69,SID69,67,2017-03-08 06:03:00,.500,30,2.097583511170627
MID68,SID68,67,2017-03-08 06:03:00,.350,34,2.109800647600887
MID67,SID67,67,2017-03-08 06:03:00,.450,27,2.085053409246639
MID66,SID66,67,2017-03-08 06:03:00,.300,34,2.0550278288491306
MID65,SID65,67,2017-03-08 06:03:00,.450,33,2.323146253042148
MID64,SID64,67,2017-03-08 06:03:00,.400,31,2.4618009473323146
MID63,SID63,67,2017-03-08 06:03:00,.300,33,2.3212346584527555
MID62,SID62,67,2017-03-08 06:03:00,.500,32,2.3168604821976286
MID61,SID61,67,2017-03-08 06:03:00,.450,32,2.062306725688367
MID60,SID60,67,2017-03-08 06:03:00,.450,34,2.2630786004968844
MID39,SID39,67,2017-03-08 06:03:00,.400,29,2.397883772285728
MID38,SID38,67,2017-03-08 06:03:00,.350,31,2.089745843357011
MID37,SID37,67,2017-03-08 06:03:00,.400,27,2.117418461714309
MID36,SID36,67,2017-03-08 06:03:00,.450,31,2.0569604696971853
MID35,SID35,67,2017-03-08 06:03:00,.450,27,2.1992483493815222
MID34,SID34,67,2017-03-08 06:03:00,.250,32,2.2514782014401646
MID33,SID33,67,2017-03-08 06:03:00,.500,33,2.1521864274819222
MID32,SID32,67,2017-03-08 06:03:00,.450,31,2.4290042618806025
MID31,SID31,67,2017-03-08 06:03:00,.250,32,2.2811345286201163
MID30,SID30,67,2017-03-08 06:03:00,.350,29,2.2460219912122996
MID49,SID49,67,2017-03-08 06:03:00,.350,28,2.4983512282540796
MID48,SID48,67,2017-03-08 06:03:00,.450,27,2.0490131021864766
MID47,SID47,67,2017-03-08 06:03:00,.350,32,2.409777917585374
MID46,SID46,67,2017-03-08 06:03:00,.400,33,2.344117450637997
MID45,SID45,67,2017-03-08 06:03:00,.350,32,2.437357983973759
MID44,SID44,67,2017-03-08 06:03:00,.250,29,2.3990455447130974
MID43,SID43,67,2017-03-08 06:03:00,.300,25,2.240299506290879
MID42,SID42,67,2017-03-08 06:03:00,.450,27,2.0111251155517653
MID41,SID41,67,2017-03-08 06:03:00,.450,26,2.0649043045449207
MID40,SID40,67,2017-03-08 06:03:00,.500,27,2.4274016141602868
MID19,SID19,67,2017-03-08 06:03:10,.422,26,2.2330444019641034
MID18,SID18,67,2017-03-08 06:03:10,.369,29,2.481761493873099
MID17,SID17,67,2017-03-08 06:03:10,.422,32,2.157502466509256
MID16,SID16,67,2017-03-08 06:03:10,.369,32,2.1688916852752995
MID15,SID15,67,2017-03-08 06:03:10,.264,28,2.160815250862707
MID14,SID14,67,2017-03-08 06:03:10,.422,31,2.17284728489895
MID13,SID13,67,2017-03-08 06:03:10,.475,30,2.2720566303603045
MID12,SID12,67,2017-03-08 06:03:10,.422,27,2.13003005437651
MID11,SID11,67,2017-03-08 06:03:10,.528,30,2.3926525361707927
MID99,SID99,67,2017-03-08 06:03:10,.369,33,2.0445848366417785
MID10,SID10,67,2017-03-08 06:03:10,.264,34,2.3309411714182504
MID98,SID98,67,2017-03-08 06:03:10,.475,32,2.0677519933524824
MID97,SID97,67,2017-03-08 06:03:10,.264,30,2.1848661058746046
MID96,SID96,67,2017-03-08 06:03:10,.475,27,2.1106465028361976
MID95,SID95,67,2017-03-08 06:03:10,.528,26,2.2502198872077392
MID94,SID94,67,2017-03-08 06:03:10,.528,31,2.300702196625083
MID93,SID93,67,2017-03-08 06:03:10,.528,29,2.4011325543528903
MID92,SID92,67,2017-03-08 06:03:10,.369,32,2.3106921791285733
MID91,SID91,67,2017-03-08 06:03:10,.528,31,2.1277750138869247
MID4,SID4,67,2017-03-08 06:03:10,.264,30,2.241476986075897
MID5,SID5,67,2017-03-08 06:03:10,.422,27,2.180685754250681
MID6,SID6,67,2017-03-08 06:03:10,.317,28,2.459187429756372
MID7,SID7,67,2017-03-08 06:03:10,.528,33,2.3595232609518213
MID1,SID1,67,2017-03-08 06:03:10,.369,31,2.1884114616222456
MID2,SID2,67,2017-03-08 06:03:10,.528,33,2.2510431005542997
MID3,SID3,67,2017-03-08 06:03:10,.475,26,2.0043110269681774
MID29,SID29,67,2017-03-08 06:03:10,.475,27,2.137666900908369
MID28,SID28,67,2017-03-08 06:03:10,.369,33,2.4662946196812046
MID27,SID27,67,2017-03-08 06:03:10,.317,29,2.2459151122504983
MID26,SID26,67,2017-03-08 06:03:10,.317,33,2.4794336834345625
MID8,SID8,67,2017-03-08 06:03:10,.369,32,2.4331034190576677
MID25,SID25,67,2017-03-08 06:03:10,.264,32,2.1012025291701506
MID9,SID9,67,2017-03-08 06:03:10,.422,26,2.255092610553658
MID24,SID24,67,2017-03-08 06:03:10,.264,29,2.470645472920226
MID23,SID23,67,2017-03-08 06:03:10,.422,33,2.29900572560069
MID22,SID22,67,2017-03-08 06:03:10,.369,27,2.0748189193352964
MID21,SID21,67,2017-03-08 06:03:10,.317,28,2.4089284925634598
MID20,SID20,67,2017-03-08 06:03:10,.369,29,2.02540804759154
MID100,SID100,67,2017-03-08 06:03:10,.422,33,2.454938211059216
MID79,SID79,67,2017-03-08 06:03:10,.264,26,2.4344509003675476
MID78,SID78,67,2017-03-08 06:03:10,.422,33,2.4542866733511164
MID77,SID77,67,2017-03-08 06:03:10,.264,25,2.341356108368247
MID76,SID76,67,2017-03-08 06:03:10,.317,31,2.0054703415881603
MID75,SID75,67,2017-03-08 06:03:10,.369,34,2.168578520183469
MID74,SID74,67,2017-03-08 06:03:10,.422,32,2.3288304224000353
MID73,SID73,67,2017-03-08 06:03:10,.317,29,2.106986471658016
MID72,SID72,67,2017-03-08 06:03:10,.528,26,2.376229154824767
MID71,SID71,67,2017-03-08 06:03:10,.317,31,2.1479019203972927
MID70,SID70,67,2017-03-08 06:03:10,.317,31,2.2909792544325143
MID90,SID90,67,2017-03-08 06:03:10,.422,32,2.0842500884199877
MID89,SID89,67,2017-03-08 06:03:10,.528,31,2.3760308809332398
MID88,SID88,67,2017-03-08 06:03:10,.422,33,2.3166877526728036
MID87,SID87,67,2017-03-08 06:03:10,.475,34,2.0953200802404286
MID86,SID86,67,2017-03-08 06:03:10,.317,26,2.0658202571388165
MID85,SID85,67,2017-03-08 06:03:10,.528,25,2.2070238719022384
MID84,SID84,67,2017-03-08 06:03:10,.317,28,2.4124374009084404
MID83,SID83,67,2017-03-08 06:03:10,.317,33,2.30420156008846
MID82,SID82,67,2017-03-08 06:03:10,.475,28,2.0025789968939676
MID81,SID81,67,2017-03-08 06:03:10,.475,32,2.0110285754610393
MID80,SID80,67,2017-03-08 06:03:10,.475,32,2.092356279358496
MID59,SID59,67,2017-03-08 06:03:10,.317,27,2.208617731852886
MID58,SID58,67,2017-03-08 06:03:10,.317,29,2.032274496083998
MID57,SID57,67,2017-03-08 06:03:10,.528,31,2.4654186447405966
MID56,SID56,67,2017-03-08 06:03:10,.264,25,2.176461550463382
MID55,SID55,67,2017-03-08 06:03:10,.422,28,2.022387373238115
MID54,SID54,67,2017-03-08 06:03:10,.264,34,2.165033140462703
MID53,SID53,67,2017-03-08 06:03:10,.369,33,2.2678428290209856
MID52,SID52,67,2017-03-08 06:03:10,.528,34,2.0549891616440354
MID51,SID51,67,2017-03-08 06:03:10,.475,33,2.429207158903499
MID50,SID50,67,2017-03-08 06:03:10,.264,33,2.176888309204786
MID69,SID69,67,2017-03-08 06:03:10,.528,31,2.1286791213369027
MID68,SID68,67,2017-03-08 06:03:10,.369,27,2.2271847566753507
MID67,SID67,67,2017-03-08 06:03:10,.475,29,2.0052664587091136
MID66,SID66,67,2017-03-08 06:03:10,.317,28,2.187427286713244
MID65,SID65,67,2017-03-08 06:03:10,.475,27,2.2642185691863954
MID64,SID64,67,2017-03-08 06:03:10,.422,29,2.284170702778095
MID63,SID63,67,2017-03-08 06:03:10,.317,33,2.183163365222411
MID62,SID62,67,2017-03-08 06:03:10,.528,34,2.056439912150279
MID61,SID61,67,2017-03-08 06:03:10,.475,34,2.3141927031221154
MID60,SID60,67,2017-03-08 06:03:10,.475,26,2.03426376537908
MID39,SID39,67,2017-03-08 06:03:10,.422,34,2.3234317108892544
MID38,SID38,67,2017-03-08 06:03:10,.369,28,2.0504280867628024
MID37,SID37,67,2017-03-08 06:03:10,.422,27,2.3332481610813933
MID36,SID36,67,2017-03-08 06:03:10,.475,30,2.39398442350552
MID35,SID35,67,2017-03-08 06:03:10,.475,32,2.362077508645545
MID34,SID34,67,2017-03-08 06:03:10,.264,25,2.2519121285810257
MID33,SID33,67,2017-03-08 06:03:10,.528,28,2.340143005249208
MID32,SID32,67,2017-03-08 06:03:10,.475,27,2.454819028612131
MID31,SID31,67,2017-03-08 06:03:10,.264,29,2.0613293482689885
MID30,SID30,67,2017-03-08 06:03:10,.369,31,2.2177553850102076
MID49,SID49,67,2017-03-08 06:03:10,.369,29,2.0353121529064984
MID48,SID48,67,2017-03-08 06:03:10,.475,28,2.2182210355351817
MID47,SID47,67,2017-03-08 06:03:10,.369,34,2.497479493751957
MID46,SID46,67,2017-03-08 06:03:10,.422,32,2.287390857723002
MID45,SID45,67,2017-03-08 06:03:10,.369,33,2.1487813313421626
MID44,SID44,67,2017-03-08 06:03:10,.264,30,2.3071854328313863
MID43,SID43,67,2017-03-08 06:03:10,.317,30,2.1142061684898152
MID42,SID42,67,2017-03-08 06:03:10,.475,34,2.4140733988427674
MID41,SID41,67,2017-03-08 06:03:10,.475,33,2.2919801324806937
MID40,SID40,67,2017-03-08 06:03:10,.528,34,2.2844837682790655
MID19,SID19,67,2017-03-08 06:03:20,.444,27,2.490311632068689
MID18,SID18,67,2017-03-08 06:03:20,.389,27,2.0834486239233914
MID17,SID17,67,2017-03-08 06:03:20,.444,33,2.2116668267238566
MID16,SID16,67,2017-03-08 06:03:20,.389,27,2.3237446911587893
MID15,SID15,67,2017-03-08 06:03:20,.278,27,2.4950099614596213
MID14,SID14,67,2017-03-08 06:03:20,.444,26,2.452856615584536
MID13,SID13,67,2017-03-08 06:03:20,.500,29,2.150151248462497
MID12,SID12,67,2017-03-08 06:03:20,.444,34,2.4932298384899445
MID11,SID11,67,2017-03-08 06:03:20,.556,30,2.321729780871409
MID99,SID99,67,2017-03-08 06:03:20,.389,28,2.065215981478768
MID10,SID10,67,2017-03-08 06:03:20,.278,32,2.4664039745160786
MID98,SID98,67,2017-03-08 06:03:20,.500,28,2.413736917680474
MID97,SID97,67,2017-03-08 06:03:20,.278,34,2.101954272290069
MID96,SID96,67,2017-03-08 06:03:20,.500,30,2.494278117676286
MID95,SID95,67,2017-03-08 06:03:20,.556,33,2.086777970250266
MID94,SID94,67,2017-03-08 06:03:20,.556,26,2.2851622113410253
MID93,SID93,67,2017-03-08 06:03:20,.556,30,2.299188902309731
MID92,SID92,67,2017-03-08 06:03:20,.389,30,2.0545962834930713
MID91,SID91,67,2017-03-08 06:03:20,.556,33,2.100113899977079
MID4,SID4,67,2017-03-08 06:03:20,.278,33,2.284266270644123
MID5,SID5,67,2017-03-08 06:03:20,.444,34,2.0183353187545143
MID6,SID6,67,2017-03-08 06:03:20,.333,29,2.4670083377791063
MID7,SID7,67,2017-03-08 06:03:20,.556,32,2.244912385170297
MID1,SID1,67,2017-03-08 06:03:20,.389,30,2.153479905363365
MID2,SID2,67,2017-03-08 06:03:20,.556,34,2.3147234256429785
MID3,SID3,67,2017-03-08 06:03:20,.500,29,2.2320781223372292
MID29,SID29,67,2017-03-08 06:03:20,.500,27,2.126940856551713
MID28,SID28,67,2017-03-08 06:03:20,.389,34,2.1429153550864664
MID27,SID27,67,2017-03-08 06:03:20,.333,28,2.3063514371013687
MID26,SID26,67,2017-03-08 06:03:20,.333,25,2.213470112004462
MID8,SID8,67,2017-03-08 06:03:20,.389,32,2.3614142184971443
MID25,SID25,67,2017-03-08 06:03:20,.278,27,2.3182970938797083
MID9,SID9,67,2017-03-08 06:03:20,.444,32,2.170706996960289
MID24,SID24,67,2017-03-08 06:03:20,.278,30,2.428283487235673
MID23,SID23,67,2017-03-08 06:03:20,.444,25,2.357945770566614
MID22,SID22,67,2017-03-08 06:03:20,.389,25,2.234360065478942
MID21,SID21,67,2017-03-08 06:03:20,.333,33,2.3336674089727816
MID20,SID20,67,2017-03-08 06:03:20,.389,32,2.283591316232686
MID100,SID100,67,2017-03-08 06:03:20,.444,25,2.3827556523648203
MID79,SID79,67,2017-03-08 06:03:20,.278,29,2.055327387182685
MID78,SID78,67,2017-03-08 06:03:20,.444,31,2.392814745219359
MID77,SID77,67,2017-03-08 06:03:20,.278,31,2.1294546418332687
MID76,SID76,67,2017-03-08 06:03:20,.333,34,2.076575090257123
MID75,SID75,67,2017-03-08 06:03:20,.389,28,2.171022478358685
MID74,SID74,67,2017-03-08 06:03:20,.444,25,2.401397296330905
MID73,SID73,67,2017-03-08 06:03:20,.333,34,2.304839611695814
MID72,SID72,67,2017-03-08 06:03:20,.556,34,2.043513439000663
MID71,SID71,67,2017-03-08 06:03:20,.333,34,2.4591619540195313
MID70,SID70,67,2017-03-08 06:03:20,.333,26,2.484115072648638
MID90,SID90,67,2017-03-08 06:03:20,.444,25,2.4778956789722892
MID89,SID89,67,2017-03-08 06:03:20,.556,31,2.2273044864644667
MID88,SID88,67,2017-03-08 06:03:20,.444,32,2.120996356826165
MID87,SID87,67,2017-03-08 06:03:20,.500,29,2.3927028962952477
MID86,SID86,67,2017-03-08 06:03:20,.333,32,2.1694501295803317
MID85,SID85,67,2017-03-08 06:03:20,.556,26,2.2343373893071528
MID84,SID84,67,2017-03-08 06:03:20,.333,29,2.050332870908375
MID83,SID83,67,2017-03-08 06:03:20,.333,31,2.0452687172828328
MID82,SID82,67,2017-03-08 06:03:20,.500,31,2.401969690641539
MID81,SID81,67,2017-03-08 06:03:20,.500,29,2.0127774421471956
MID80,SID80,67,2017-03-08 06:03:20,.500,32,2.0838041642198766
MID59,SID59,67,2017-03-08 06:03:20,.333,28,2.1296377732101206
MID58,SID58,67,2017-03-08 06:03:20,.333,28,2.322628300690844
MID57,SID57,67,2017-03-08 06:03:20,.556,25,2.182904066677364
MID56,SID56,67,2017-03-08 06:03:20,.278,28,2.1371891971014425
MID55,SID55,67,2017-03-08 06:03:20,.444,28,2.254975693737473
MID54,SID54,67,2017-03-08 06:03:20,.278,29,2.0245487407313174
MID53,SID53,67,2017-03-08 06:03:20,.389,31,2.096119390062323
MID52,SID52,67,2017-03-08 06:03:20,.556,31,2.227019809162806
MID51,SID51,67,2017-03-08 06:03:20,.500,32,2.4731275289224026
MID50,SID50,67,2017-03-08 06:03:20,.278,33,2.1691166794253744
MID69,SID69,67,2017-03-08 06:03:20,.556,32,2.1657779672257917
MID68,SID68,67,2017-03-08 06:03:20,.389,27,2.350638916428884
MID67,SID67,67,2017-03-08 06:03:20,.500,26,2.4496986592147083
MID66,SID66,67,2017-03-08 06:03:20,.333,28,2.3561128466920547
MID65,SID65,67,2017-03-08 06:03:20,.500,28,2.0023723315388415
MID64,SID64,67,2017-03-08 06:03:20,.444,30,2.213019396746073
MID63,SID63,67,2017-03-08 06:03:20,.333,27,2.193238320929081
MID62,SID62,67,2017-03-08 06:03:20,.556,31,2.470068912561342
MID61,SID61,67,2017-03-08 06:03:20,.500,34,2.373604068736049
MID60,SID60,67,2017-03-08 06:03:20,.500,26,2.408334046471232
MID39,SID39,67,2017-03-08 06:03:20,.444,25,2.252442671153914
MID38,SID38,67,2017-03-08 06:03:20,.389,26,2.003761385824635
MID37,SID37,67,2017-03-08 06:03:20,.444,34,2.0379036291903034
MID36,SID36,67,2017-03-08 06:03:20,.500,28,2.342057873701461
MID35,SID35,67,2017-03-08 06:03:20,.500,25,2.479467774512173
MID34,SID34,67,2017-03-08 06:03:20,.278,26,2.443550945276628
MID33,SID33,67,2017-03-08 06:03:20,.556,33,2.370488477027195
MID32,SID32,67,2017-03-08 06:03:20,.500,31,2.0786145539578533
MID31,SID31,67,2017-03-08 06:03:20,.278,31,2.1847940533360983
MID30,SID30,67,2017-03-08 06:03:20,.389,31,2.278821209198768
MID49,SID49,67,2017-03-08 06:03:20,.389,33,2.0367189662367684
MID48,SID48,67,2017-03-08 06:03:20,.500,33,2.432638478050574
MID47,SID47,67,2017-03-08 06:03:20,.389,26,2.0841272194591203
MID46,SID46,67,2017-03-08 06:03:20,.444,30,2.4923098566421586
MID45,SID45,67,2017-03-08 06:03:20,.389,34,2.3399991014919124
MID44,SID44,67,2017-03-08 06:03:20,.278,31,2.398616126363902
MID43,SID43,67,2017-03-08 06:03:20,.333,26,2.3954348647798964
MID42,SID42,67,2017-03-08 06:03:20,.500,26,2.2671268480814093
MID41,SID41,67,2017-03-08 06:03:20,.500,28,2.1215296566249693
MID40,SID40,67,2017-03-08 06:03:20,.556,28,2.3228658680481127
MID19,SID19,67,2017-03-08 06:03:30,.467,26,2.414302344958909
MID18,SID18,67,2017-03-08 06:03:30,.408,26,2.0074328814188758
MID17,SID17,67,2017-03-08 06:03:30,.467,25,2.191610576085445
MID16,SID16,67,2017-03-08 06:03:30,.408,25,2.1802472699983966
MID15,SID15,67,2017-03-08 06:03:30,.292,32,2.0662155912679765
MID14,SID14,67,2017-03-08 06:03:30,.467,27,2.1386360015813626
MID13,SID13,67,2017-03-08 06:03:30,.525,31,2.1928833148612212
MID12,SID12,67,2017-03-08 06:03:30,.467,29,2.446739306347205
MID11,SID11,67,2017-03-08 06:03:30,.583,29,2.1189564431810144
MID99,SID99,67,2017-03-08 06:03:30,.408,32,2.3322535995094804
MID10,SID10,67,2017-03-08 06:03:30,.292,31,2.281125688095956
MID98,SID98,67,2017-03-08 06:03:30,.525,25,2.1768283751643676
MID97,SID97,67,2017-03-08 06:03:30,.292,33,2.1632962855046833
MID96,SID96,67,2017-03-08 06:03:30,.525,32,2.132424643440328
MID95,SID95,67,2017-03-08 06:03:30,.583,25,2.14458049626045
MID94,SID94,67,2017-03-08 06:03:30,.583,31,2.0609293672313465
MID93,SID93,67,2017-03-08 06:03:30,.583,29,2.103292188251426
MID92,SID92,67,2017-03-08 06:03:30,.408,33,2.351545426049186
MID91,SID91,67,2017-03-08 06:03:30,.583,34,2.254126396125024
MID4,SID4,67,2017-03-08 06:03:30,.292,30,2.099073963597133
MID5,SID5,67,2017-03-08 06:03:30,.467,32,2.2791522684902175
MID6,SID6,67,2017-03-08 06:03:30,.350,27,2.248984740354866
MID7,SID7,67,2017-03-08 06:03:30,.583,28,2.396465890245878
MID1,SID1,67,2017-03-08 06:03:30,.408,25,2.0749022939925585
MID2,SID2,67,2017-03-08 06:03:30,.583,26,2.458741732954748
MID3,SID3,67,2017-03-08 06:03:30,.525,29,2.209218043550723
MID29,SID29,67,2017-03-08 06:03:30,.525,25,2.2093697691187852
MID28,SID28,67,2017-03-08 06:03:30,.408,28,2.4767212465141095
MID27,SID27,67,2017-03-08 06:03:30,.350,26,2.02411727542153
MID26,SID26,67,2017-03-08 06:03:30,.350,26,2.1722582361224614
MID8,SID8,67,2017-03-08 06:03:30,.408,33,2.345561713013971
MID25,SID25,67,2017-03-08 06:03:30,.292,28,2.3066610179915052
MID9,SID9,67,2017-03-08 06:03:30,.467,30,2.475165209761741
MID24,SID24,67,2017-03-08 06:03:30,.292,26,2.105372303224576
MID23,SID23,67,2017-03-08 06:03:30,.467,29,2.23659584411834
MID22,SID22,67,2017-03-08 06:03:30,.408,25,2.1438972613564884
MID21,SID21,67,2017-03-08 06:03:30,.350,28,2.1826480546482507
MID20,SID20,67,2017-03-08 06:03:30,.408,30,2.459397732729732
MID100,SID100,67,2017-03-08 06:03:30,.467,31,2.320978913383124
MID79,SID79,67,2017-03-08 06:03:30,.292,31,2.453728364153884
MID78,SID78,67,2017-03-08 06:03:30,.467,32,2.1480798775211305
MID77,SID77,67,2017-03-08 06:03:30,.292,34,2.0136221943478625
MID76,SID76,67,2017-03-08 06:03:30,.350,34,2.0106768340404004
MID75,SID75,67,2017-03-08 06:03:30,.408,31,2.284106272775496
MID74,SID74,67,2017-03-08 06:03:30,.467,25,2.395213799983558
MID73,SID73,67,2017-03-08 06:03:30,.350,30,2.3549920994623994
MID72,SID72,67,2017-03-08 06:03:30,.583,31,2.1954812308502833
MID71,SID71,67,2017-03-08 06:03:30,.350,29,2.24573865573775
MID70,SID70,67,2017-03-08 06:03:30,.350,28,2.3488802014042474
MID90,SID90,67,2017-03-08 06:03:30,.467,33,2.4593722322943323
MID89,SID89,67,2017-03-08 06:03:30,.583,26,2.3267445049164266
MID88,SID88,67,2017-03-08 06:03:30,.467,28,2.437485972082041
MID87,SID87,67,2017-03-08 06:03:30,.525,34,2.1881788325264853
MID86,SID86,67,2017-03-08 06:03:30,.350,26,2.0172245780884506
MID85,SID85,67,2017-03-08 06:03:30,.583,30,2.3149481660121234
MID84,SID84,67,2017-03-08 06:03:30,.350,34,2.0538065423809755
MID83,SID83,67,2017-03-08 06:03:30,.350,32,2.4609041130112796
MID82,SID82,67,2017-03-08 06:03:30,.525,28,2.4437529308951684
MID81,SID81,67,2017-03-08 06:03:30,.525,32,2.033498535566525
MID80,SID80,67,2017-03-08 06:03:30,.525,26,2.2998442454698114
MID59,SID59,67,2017-03-08 06:03:30,.350,31,2.326621019994373
MID58,SID58,67,2017-03-08 06:03:30,.350,31,2.41449175581981
MID57,SID57,67,2017-03-08 06:03:30,.583,25,2.4053921214063294
MID56,SID56,67,2017-03-08 06:03:30,.292,25,2.399414349182255
MID55,SID55,67,2017-03-08 06:03:30,.467,27,2.4445917939973554
MID54,SID54,67,2017-03-08 06:03:30,.292,27,2.2562933747217486
MID53,SID53,67,2017-03-08 06:03:30,.408,30,2.431549042559114
MID52,SID52,67,2017-03-08 06:03:30,.583,30,2.4396606772608207
MID51,SID51,67,2017-03-08 06:03:30,.525,27,2.333699044710159
MID50,SID50,67,2017-03-08 06:03:30,.292,33,2.4946897367671657
MID69,SID69,67,2017-03-08 06:03:30,.583,26,2.0167531242465575
MID68,SID68,67,2017-03-08 06:03:30,.408,33,2.4872720140806996
MID67,SID67,67,2017-03-08 06:03:30,.525,27,2.1834556036720105
MID66,SID66,67,2017-03-08 06:03:30,.350,34,2.2404963846669386
MID65,SID65,67,2017-03-08 06:03:30,.525,25,2.2916685842752793
MID64,SID64,67,2017-03-08 06:03:30,.467,26,2.074604117808078
MID63,SID63,67,2017-03-08 06:03:30,.350,31,2.481009785569853
MID62,SID62,67,2017-03-08 06:03:30,.583,27,2.1835845810412415
MID61,SID61,67,2017-03-08 06:03:30,.525,30,2.24566136350864
MID60,SID60,67,2017-03-08 06:03:30,.525,29,2.0822497513229896
MID39,SID39,67,2017-03-08 06:03:30,.467,25,2.010793806952069
MID38,SID38,67,2017-03-08 06:03:30,.408,32,2.0963636869030844
MID37,SID37,67,2017-03-08 06:03:30,.467,34,2.4985163275202753
MID36,SID36,67,2017-03-08 06:03:30,.525,27,2.2080849463163794
MID35,SID35,67,2017-03-08 06:03:30,.525,31,2.1090204420949408
MID34,SID34,67,2017-03-08 06:03:30,.292,26,2.4849341061471826
MID33,SID33,67,2017-03-08 06:03:30,.583,29,2.0277894182679885
MID32,SID32,67,2017-03-08 06:03:30,.525,29,2.189245376472943
MID31,SID31,67,2017-03-08 06:03:30,.292,25,2.087788593124734
MID30,SID30,67,2017-03-08 06:03:30,.408,26,2.4167382875786645
MID49,SID49,67,2017-03-08 06:03:30,.408,32,2.240166513358043
MID48,SID48,67,2017-03-08 06:03:30,.525,31,2.4824403819354792
MID47,SID47,67,2017-03-08 06:03:30,.408,31,2.2366695037055018
MID46,SID46,67,2017-03-08 06:03:30,.467,34,2.029036462288464
MID45,SID45,67,2017-03-08 06:03:30,.408,32,2.3189981028364848
MID44,SID44,67,2017-03-08 06:03:30,.292,26,2.1427544046099922
MID43,SID43,67,2017-03-08 06:03:30,.350,34,2.46516177180509
MID42,SID42,67,2017-03-08 06:03:30,.525,32,2.3780864946005518
MID41,SID41,67,2017-03-08 06:03:30,.525,33,2.245788006824089
MID40,SID40,67,2017-03-08 06:03:30,.583,27,2.4009779073856152
MID19,SID19,67,2017-03-08 06:03:40,.489,27,2.110182494709394
MID18,SID18,67,2017-03-08 06:03:40,.428,26,2.0216858165554092
MID17,SID17,67,2017-03-08 06:03:40,.489,32,2.1385297023069874
MID16,SID16,67,2017-03-08 06:03:40,.428,34,2.016524984231405
MID15,SID15,67,2017-03-08 06:03:40,.306,31,2.4828788085753595
MID14,SID14,67,2017-03-08 06:03:40,.489,26,2.0595472153920094
MID13,SID13,67,2017-03-08 06:03:40,.550,25,2.3760422557666394
MID12,SID12,67,2017-03-08 06:03:40,.489,25,2.480707347552134
MID11,SID11,67,2017-03-08 06:03:40,.611,29,2.0054770969987707
MID99,SID99,67,2017-03-08 06:03:40,.428,29,2.312808315275632
MID10,SID10,67,2017-03-08 06:03:40,.306,32,2.127795618369885
MID98,SID98,67,2017-03-08 06:03:40,.550,26,2.1071876777139718
MID97,SID97,67,2017-03-08 06:03:40,.306,26,2.2060590262915785
MID96,SID96,67,2017-03-08 06:03:40,.550,31,2.0226030345576964
MID95,SID95,67,2017-03-08 06:03:40,.611,29,2.1282518278772553
MID94,SID94,67,2017-03-08 06:03:40,.611,25,2.061984743441573
MID93,SID93,67,2017-03-08 06:03:40,.611,32,2.228488369367388
MID92,SID92,67,2017-03-08 06:03:40,.428,26,2.0592804069740205
MID91,SID91,67,2017-03-08 06:03:40,.611,31,2.0893402495946516
MID4,SID4,67,2017-03-08 06:03:40,.306,32,2.3396467824906537
MID5,SID5,67,2017-03-08 06:03:40,.489,29,2.4472572586453873
MID6,SID6,67,2017-03-08 06:03:40,.367,28,2.064026458140561
MID7,SID7,67,2017-03-08 06:03:40,.611,26,2.477874346575334
MID1,SID1,67,2017-03-08 06:03:40,.428,29,2.0121557655102893
MID2,SID2,67,2017-03-08 06:03:40,.611,32,2.037673240991577
MID3,SID3,67,2017-03-08 06:03:40,.550,26,2.201334634415879
MID29,SID29,67,2017-03-08 06:03:40,.550,26,2.2432964415726944
MID28,SID28,67,2017-03-08 06:03:40,.428,33,2.210587090758052
MID27,SID27,67,2017-03-08 06:03:40,.367,28,2.2835611152715134
MID26,SID26,67,2017-03-08 06:03:40,.367,27,2.4788671266749382
MID8,SID8,67,2017-03-08 06:03:40,.428,28,2.226992476149664
MID25,SID25,67,2017-03-08 06:03:40,.306,34,2.048190309474503
MID9,SID9,67,2017-03-08 06:03:40,.489,27,2.191280432777561
MID24,SID24,67,2017-03-08 06:03:40,.306,30,2.069261970593004
MID23,SID23,67,2017-03-08 06:03:40,.489,27,2.4436421481836583
MID22,SID22,67,2017-03-08 06:03:40,.428,34,2.0888526174200397
MID21,SID21,67,2017-03-08 06:03:40,.367,34,2.4178032520051658
MID20,SID20,67,2017-03-08 06:03:40,.428,25,2.0463440166595093
MID100,SID100,67,2017-03-08 06:03:40,.489,33,2.0389190393257377
MID79,SID79,67,2017-03-08 06:03:40,.306,26,2.205486585156143
MID78,SID78,67,2017-03-08 06:03:40,.489,27,2.0046594086240264
MID77,SID77,67,2017-03-08 06:03:40,.306,31,2.1709246314208097
MID76,SID76,67,2017-03-08 06:03:40,.367,32,2.0516765304281224
MID75,SID75,67,2017-03-08 06:03:40,.428,33,2.349668161781368
MID74,SID74,67,2017-03-08 06:03:40,.489,26,2.2118384347594713
MID73,SID73,67,2017-03-08 06:03:40,.367,32,2.158096704872872
MID72,SID72,67,2017-03-08 06:03:40,.611,27,2.4970935547043474
MID71,SID71,67,2017-03-08 06:03:40,.367,30,2.411388653771635
MID70,SID70,67,2017-03-08 06:03:40,.367,30,2.325495109684703
MID90,SID90,67,2017-03-08 06:03:40,.489,28,2.1036675181760742
MID89,SID89,67,2017-03-08 06:03:40,.611,25,2.4788129081508283
MID88,SID88,67,2017-03-08 06:03:40,.489,32,2.288017060589052
MID87,SID87,67,2017-03-08 06:03:40,.550,29,2.262319341027698
MID86,SID86,67,2017-03-08 06:03:40,.367,26,2.16321987554016
MID85,SID85,67,2017-03-08 06:03:40,.611,31,2.4605580464818027
MID84,SID84,67,2017-03-08 06:03:40,.367,25,2.154993251963986
MID83,SID83,67,2017-03-08 06:03:40,.367,27,2.46302018389995
MID82,SID82,67,2017-03-08 06:03:40,.550,30,2.3993751942528805
MID81,SID81,67,2017-03-08 06:03:40,.550,30,2.4677234426674493
MID80,SID80,67,2017-03-08 06:03:40,.550,25,2.4271566659746924
MID59,SID59,67,2017-03-08 06:03:40,.367,27,2.088730971748883
MID58,SID58,67,2017-03-08 06:03:40,.367,33,2.067578093167285
MID57,SID57,67,2017-03-08 06:03:40,.611,27,2.133614583930213
MID56,SID56,67,2017-03-08 06:03:40,.306,30,2.3960535093972872
MID55,SID55,67,2017-03-08 06:03:40,.489,27,2.3993434530860083
MID54,SID54,67,2017-03-08 06:03:40,.306,33,2.314642657797906
MID53,SID53,67,2017-03-08 06:03:40,.428,31,2.4107277591276817
MID52,SID52,67,2017-03-08 06:03:40,.611,30,2.0980449698783605
MID51,SID51,67,2017-03-08 06:03:40,.550,32,2.456489859627569
MID50,SID50,67,2017-03-08 06:03:40,.306,32,2.4718130294682843
MID69,SID69,67,2017-03-08 06:03:40,.611,32,2.2297464335502784
MID68,SID68,67,2017-03-08 06:03:40,.428,30,2.12115345402268
MID67,SID67,67,2017-03-08 06:03:40,.550,31,2.1860310828526393
MID66,SID66,67,2017-03-08 06:03:40,.367,30,2.2890756475646477
MID65,SID65,67,2017-03-08 06:03:40,.550,32,2.4531438458369355
MID64,SID64,67,2017-03-08 06:03:40,.489,27,2.482131659073715
MID63,SID63,67,2017-03-08 06:03:40,.367,31,2.0287160709171634
MID62,SID62,67,2017-03-08 06:03:40,.611,31,2.262770767189955
MID61,SID61,67,2017-03-08 06:03:40,.550,29,2.1297882630369425
MID60,SID60,67,2017-03-08 06:03:40,.550,29,2.10584687680698
MID39,SID39,67,2017-03-08 06:03:40,.489,25,2.3959638879192946
MID38,SID38,67,2017-03-08 06:03:40,.428,25,2.004329822870989
MID37,SID37,67,2017-03-08 06:03:40,.489,34,2.1520848355475573
MID36,SID36,67,2017-03-08 06:03:40,.550,33,2.1261623042703195
MID35,SID35,67,2017-03-08 06:03:40,.550,30,2.2186685246938493
MID34,SID34,67,2017-03-08 06:03:40,.306,34,2.3189447687806983
MID33,SID33,67,2017-03-08 06:03:40,.611,30,2.2497823362094054
MID32,SID32,67,2017-03-08 06:03:40,.550,34,2.3129605147210173
MID31,SID31,67,2017-03-08 06:03:40,.306,31,2.204361128276574
MID30,SID30,67,2017-03-08 06:03:40,.428,33,2.4040639173806433
MID49,SID49,67,2017-03-08 06:03:40,.428,27,2.247236622333798
MID48,SID48,67,2017-03-08 06:03:40,.550,31,2.3108940070198685
MID47,SID47,67,2017-03-08 06:03:40,.428,33,2.480365004261201
MID46,SID46,67,2017-03-08 06:03:40,.489,29,2.1386965476757327
MID45,SID45,67,2017-03-08 06:03:40,.428,31,2.418429254603915
MID44,SID44,67,2017-03-08 06:03:40,.306,30,2.3423130606336997
MID43,SID43,67,2017-03-08 06:03:40,.367,28,2.4880795399066216
MID42,SID42,67,2017-03-08 06:03:40,.550,29,2.2603550585716277
MID41,SID41,67,2017-03-08 06:03:40,.550,27,2.4125430365800566
MID40,SID40,67,2017-03-08 06:03:40,.611,27,2.1804535488666206
MID19,SID19,67,2017-03-08 06:03:50,.511,30,2.257670185926363
MID18,SID18,67,2017-03-08 06:03:50,.447,27,2.2534076163409646
MID17,SID17,67,2017-03-08 06:03:50,.511,34,2.1822337810032284
MID16,SID16,67,2017-03-08 06:03:50,.447,26,2.201750964104606
MID15,SID15,67,2017-03-08 06:03:50,.319,27,2.3189614632108846
MID14,SID14,67,2017-03-08 06:03:50,.511,30,2.0647911762032747
MID13,SID13,67,2017-03-08 06:03:50,.575,25,2.4171981192212026
MID12,SID12,67,2017-03-08 06:03:50,.511,33,2.033385230223756
MID11,SID11,67,2017-03-08 06:03:50,.639,34,2.1330547569840403
MID99,SID99,67,2017-03-08 06:03:50,.447,30,2.039619237521043
MID10,SID10,67,2017-03-08 06:03:50,.319,30,2.3737552574764154
MID98,SID98,67,2017-03-08 06:03:50,.575,26,2.200118073775496
MID97,SID97,67,2017-03-08 06:03:50,.319,28,2.326485259674508
MID96,SID96,67,2017-03-08 06:03:50,.575,29,2.179370358118951
MID95,SID95,67,2017-03-08 06:03:50,.639,30,2.0678796919062137
MID94,SID94,67,2017-03-08 06:03:50,.639,26,2.275766806572122
MID93,SID93,67,2017-03-08 06:03:50,.639,33,2.007916296874032
MID92,SID92,67,2017-03-08 06:03:50,.447,26,2.1342427198487623
MID91,SID91,67,2017-03-08 06:03:50,.639,32,2.1128871498361033
MID4,SID4,67,2017-03-08 06:03:50,.319,27,2.183619100911544
MID5,SID5,67,2017-03-08 06:03:50,.511,32,2.173687942425906
MID6,SID6,67,2017-03-08 06:03:50,.383,33,2.1420173441399895
MID7,SID7,67,2017-03-08 06:03:50,.639,31,2.333424146996454
MID1,SID1,67,2017-03-08 06:03:50,.447,34,2.376097130600037
MID2,SID2,67,2017-03-08 06:03:50,.639,30,2.1251459875227283
MID3,SID3,67,2017-03-08 06:03:50,.575,29,2.0702819211381556
MID29,SID29,67,2017-03-08 06:03:50,.575,32,2.369437704687483
MID28,SID28,67,2017-03-08 06:03:50,.447,26,2.3096153049500865
MID27,SID27,67,2017-03-08 06:03:50,.383,27,2.1321992500014915
MID26,SID26,67,2017-03-08 06:03:50,.383,31,2.225302637430291
MID8,SID8,67,2017-03-08 06:03:50,.447,25,2.083136538700578
MID25,SID25,67,2017-03-08 06:03:50,.319,26,2.2422849096568456
MID9,SID9,67,2017-03-08 06:03:50,.511,28,2.259470523055959
MID24,SID24,67,2017-03-08 06:03:50,.319,34,2.4820999798070154
MID23,SID23,67,2017-03-08 06:03:50,.511,28,2.167228603431807
MID22,SID22,67,2017-03-08 06:03:50,.447,31,2.017142357149725
MID21,SID21,67,2017-03-08 06:03:50,.383,34,2.466073836400479
MID20,SID20,67,2017-03-08 06:03:50,.447,27,2.04787500868044
MID100,SID100,67,2017-03-08 06:03:50,.511,33,2.025322135431171
MID79,SID79,67,2017-03-08 06:03:50,.319,32,2.1358465895483065
MID78,SID78,67,2017-03-08 06:03:50,.511,26,2.1632902187138106
MID77,SID77,67,2017-03-08 06:03:50,.319,30,2.153222455764525
MID76,SID76,67,2017-03-08 06:03:50,.383,33,2.2855480439122937
MID75,SID75,67,2017-03-08 06:03:50,.447,34,2.1375624163822153
MID74,SID74,67,2017-03-08 06:03:50,.511,27,2.2244967761691505
MID73,SID73,67,2017-03-08 06:03:50,.383,31,2.3707751256037444
MID72,SID72,67,2017-03-08 06:03:50,.639,29,2.4520914881937794
MID71,SID71,67,2017-03-08 06:03:50,.383,29,2.2249352543893512
MID70,SID70,67,2017-03-08 06:03:50,.383,34,2.0909432543887188
MID90,SID90,67,2017-03-08 06:03:50,.511,25,2.23344701243243
MID89,SID89,67,2017-03-08 06:03:50,.639,34,2.233190994208619
MID88,SID88,67,2017-03-08 06:03:50,.511,26,2.0475817788952524
MID87,SID87,67,2017-03-08 06:03:50,.575,25,2.0667205248300062
MID86,SID86,67,2017-03-08 06:03:50,.383,29,2.2044305219084652
MID85,SID85,67,2017-03-08 06:03:50,.639,27,2.3867707258655457
MID84,SID84,67,2017-03-08 06:03:50,.383,29,2.3669492110623973
MID83,SID83,67,2017-03-08 06:03:50,.383,28,2.433821063756084
MID82,SID82,67,2017-03-08 06:03:50,.575,26,2.3656610068140527
MID81,SID81,67,2017-03-08 06:03:50,.575,34,2.2954625175999372
MID80,SID80,67,2017-03-08 06:03:50,.575,30,2.4777164031445733
MID59,SID59,67,2017-03-08 06:03:50,.383,34,2.196002456461126
MID58,SID58,67,2017-03-08 06:03:50,.383,26,2.2497051757938977
MID57,SID57,67,2017-03-08 06:03:50,.639,33,2.1652309519589688
MID56,SID56,67,2017-03-08 06:03:50,.319,34,2.33648667991934
MID55,SID55,67,2017-03-08 06:03:50,.511,27,2.158592745452973
MID54,SID54,67,2017-03-08 06:03:50,.319,26,2.499896907992503
MID53,SID53,67,2017-03-08 06:03:50,.447,32,2.1315233059517547
MID52,SID52,67,2017-03-08 06:03:50,.639,34,2.378941317426517
MID51,SID51,67,2017-03-08 06:03:50,.575,31,2.435270475836324
MID50,SID50,67,2017-03-08 06:03:50,.319,26,2.171562885102167
MID69,SID69,67,2017-03-08 06:03:50,.639,29,2.121530602494195
MID68,SID68,67,2017-03-08 06:03:50,.447,34,2.229543603189106
MID67,SID67,67,2017-03-08 06:03:50,.575,31,2.0174610977281895
MID66,SID66,67,2017-03-08 06:03:50,.383,28,2.412804905998965
MID65,SID65,67,2017-03-08 06:03:50,.575,31,2.380216065369613
MID64,SID64,67,2017-03-08 06:03:50,.511,33,2.250768317942399
MID63,SID63,67,2017-03-08 06:03:50,.383,26,2.067835556206872
MID62,SID62,67,2017-03-08 06:03:50,.639,33,2.154654374815303
MID61,SID61,67,2017-03-08 06:03:50,.575,30,2.2072112363065632
MID60,SID60,67,2017-03-08 06:03:50,.575,28,2.057640940621728
MID39,SID39,67,2017-03-08 06:03:50,.511,27,2.499384175441288
MID38,SID38,67,2017-03-08 06:03:50,.447,25,2.165220297150043
MID37,SID37,67,2017-03-08 06:03:50,.511,26,2.1537646223414226
MID36,SID36,67,2017-03-08 06:03:50,.575,34,2.26910580944468
MID35,SID35,67,2017-03-08 06:03:50,.575,32,2.121066702740898
MID34,SID34,67,2017-03-08 06:03:50,.319,33,2.0077670171496935
MID33,SID33,67,2017-03-08 06:03:50,.639,30,2.4518781253037845
MID32,SID32,67,2017-03-08 06:03:50,.575,26,2.2433347518866302
MID31,SID31,67,2017-03-08 06:03:50,.319,34,2.1439583154415423
MID30,SID30,67,2017-03-08 06:03:50,.447,30,2.1451116257764378
MID49,SID49,67,2017-03-08 06:03:50,.447,33,2.1495484717918196
MID48,SID48,67,2017-03-08 06:03:50,.575,29,2.0158438333823776
MID47,SID47,67,2017-03-08 06:03:50,.447,34,2.175495856545695
MID46,SID46,67,2017-03-08 06:03:50,.511,26,2.224749921775015
MID45,SID45,67,2017-03-08 06:03:50,.447,32,2.047373187141121
MID44,SID44,67,2017-03-08 06:03:50,.319,31,2.3463140374468816
MID43,SID43,67,2017-03-08 06:03:50,.383,29,2.251022472067748
MID42,SID42,67,2017-03-08 06:03:50,.575,32,2.3293458957816573
MID41,SID41,67,2017-03-08 06:03:50,.575,29,2.4903140094055694
MID40,SID40,67,2017-03-08 06:03:50,.639,26,2.0949354482787568
MID19,SID19,67,2017-03-08 06:04:00,.533,32,2.114292017724944
MID18,SID18,67,2017-03-08 06:04:00,.467,34,2.249967776134724
MID17,SID17,67,2017-03-08 06:04:00,.533,29,2.0760410436498424
MID16,SID16,67,2017-03-08 06:04:00,.467,30,2.425807977626541
MID15,SID15,67,2017-03-08 06:04:00,.333,34,2.0056831177017234
MID14,SID14,67,2017-03-08 06:04:00,.533,33,2.0571772200345504
MID13,SID13,67,2017-03-08 06:04:00,.600,27,2.224123002757908
MID12,SID12,67,2017-03-08 06:04:00,.533,32,2.339301919765991
MID11,SID11,67,2017-03-08 06:04:00,.667,31,2.486623537610817
MID99,SID99,67,2017-03-08 06:04:00,.467,27,2.107027460637522
MID10,SID10,67,2017-03-08 06:04:00,.333,34,2.4094523639434176
MID98,SID98,67,2017-03-08 06:04:00,.600,25,2.0049488747544504
MID97,SID97,67,2017-03-08 06:04:00,.333,29,2.0416564006277262
MID96,SID96,67,2017-03-08 06:04:00,.600,31,2.40007389350551
MID95,SID95,67,2017-03-08 06:04:00,.667,28,2.393031511705222
MID94,SID94,67,2017-03-08 06:04:00,.667,28,2.4575193416633683
MID93,SID93,67,2017-03-08 06:04:00,.667,30,2.406334846451638
MID92,SID92,67,2017-03-08 06:04:00,.467,33,2.3036828783150463
MID91,SID91,67,2017-03-08 06:04:00,.667,27,2.324338398744952
MID4,SID4,67,2017-03-08 06:04:00,.333,28,2.07842127156765
MID5,SID5,67,2017-03-08 06:04:00,.533,32,2.1744442956523007
MID6,SID6,67,2017-03-08 06:04:00,.400,34,2.146854500370739
MID7,SID7,67,2017-03-08 06:04:00,.667,30,2.244043582416995
MID1,SID1,67,2017-03-08 06:04:00,.467,27,2.421171384149051
MID2,SID2,67,2017-03-08 06:04:00,.667,25,2.0518312675819264
MID3,SID3,67,2017-03-08 06:04:00,.600,25,2.4123022247954395
MID29,SID29,67,2017-03-08 06:04:00,.600,28,2.2206804893356034
MID28,SID28,67,2017-03-08 06:04:00,.467,25,2.022939982220578
MID27,SID27,67,2017-03-08 06:04:00,.400,33,2.403764784253138
MID26,SID26,67,2017-03-08 06:04:00,.400,28,2.1071588079375965
MID8,SID8,67,2017-03-08 06:04:00,.467,34,2.235144981059669
MID25,SID25,67,2017-03-08 06:04:00,.333,29,2.1882014199755395
MID9,SID9,67,2017-03-08 06:04:00,.533,26,2.07172643410703
MID24,SID24,67,2017-03-08 06:04:00,.333,32,2.329026261815105
MID23,SID23,67,2017-03-08 06:04:00,.533,32,2.3460292535803693
MID22,SID22,67,2017-03-08 06:04:00,.467,26,2.390521857029334
MID21,SID21,67,2017-03-08 06:04:00,.400,26,2.471705009094269
MID20,SID20,67,2017-03-08 06:04:00,.467,26,2.2423591394486673
MID100,SID100,67,2017-03-08 06:04:00,.533,25,2.1223676521996744
MID79,SID79,67,2017-03-08 06:04:00,.333,28,2.329158508417694
MID78,SID78,67,2017-03-08 06:04:00,.533,30,2.34239045085226
MID77,SID77,67,2017-03-08 06:04:00,.333,26,2.3220460195420145
MID76,SID76,67,2017-03-08 06:04:00,.400,32,2.2494354813575246
MID75,SID75,67,2017-03-08 06:04:00,.467,29,2.125828718654315
MID74,SID74,67,2017-03-08 06:04:00,.533,34,2.471809140424554
MID73,SID73,67,2017-03-08 06:04:00,.400,33,2.3989582339650246
MID72,SID72,67,2017-03-08 06:04:00,.667,31,2.0066893442717166
MID71,SID71,67,2017-03-08 06:04:00,.400,32,2.069684069952351
MID70,SID70,67,2017-03-08 06:04:00,.400,31,2.3131020992022995
MID90,SID90,67,2017-03-08 06:04:00,.533,27,2.050355015800099
MID89,SID89,67,2017-03-08 06:04:00,.667,31,2.3854486686269176
MID88,SID88,67,2017-03-08 06:04:00,.533,32,2.1376080454264
MID87,SID87,67,2017-03-08 06:04:00,.600,26,2.392191546943723
MID86,SID86,67,2017-03-08 06:04:00,.400,30,2.4973365569180364
MID85,SID85,67,2017-03-08 06:04:00,.667,28,2.4982752279598204
MID84,SID84,67,2017-03-08 06:04:00,.400,30,2.265333266603891
MID83,SID83,67,2017-03-08 06:04:00,.400,31,2.398997649354339
MID82,SID82,67,2017-03-08 06:04:00,.600,27,2.069651750766558
MID81,SID81,67,2017-03-08 06:04:00,.600,34,2.253586045962115
MID80,SID80,67,2017-03-08 06:04:00,.600,28,2.31360465860022
MID59,SID59,67,2017-03-08 06:04:00,.400,29,2.4805076901878778
MID58,SID58,67,2017-03-08 06:04:00,.400,31,2.452495641811974
MID57,SID57,67,2017-03-08 06:04:00,.667,32,2.4795552387488886
MID56,SID56,67,2017-03-08 06:04:00,.333,33,2.4596609931617275
MID55,SID55,67,2017-03-08 06:04:00,.533,32,2.424031508662378
MID54,SID54,67,2017-03-08 06:04:00,.333,33,2.0924748410567715
MID53,SID53,67,2017-03-08 06:04:00,.467,29,2.4632908002058267
MID52,SID52,67,2017-03-08 06:04:00,.667,26,2.177156301207349
MID51,SID51,67,2017-03-08 06:04:00,.600,30,2.3985195978679
MID50,SID50,67,2017-03-08 06:04:00,.333,29,2.1170677152049366
MID69,SID69,67,2017-03-08 06:04:00,.667,25,2.323471175877768
MID68,SID68,67,2017-03-08 06:04:00,.467,27,2.4276845488638
MID67,SID67,67,2017-03-08 06:04:00,.600,30,2.2893205298863037
MID66,SID66,67,2017-03-08 06:04:00,.400,33,2.31029718888887
MID65,SID65,67,2017-03-08 06:04:00,.600,30,2.160859516575644
MID64,SID64,67,2017-03-08 06:04:00,.533,28,2.205937059129036
MID63,SID63,67,2017-03-08 06:04:00,.400,30,2.2697929170916225
MID62,SID62,67,2017-03-08 06:04:00,.667,28,2.4846766493993657
MID61,SID61,67,2017-03-08 06:04:00,.600,28,2.4710544618238997
MID60,SID60,67,2017-03-08 06:04:00,.600,27,2.1817923000839654
MID39,SID39,67,2017-03-08 06:04:00,.533,33,2.4150674101184686
MID38,SID38,67,2017-03-08 06:04:00,.467,34,2.1104251039182502
MID37,SID37,67,2017-03-08 06:04:00,.533,27,2.230408436621417
MID36,SID36,67,2017-03-08 06:04:00,.600,27,2.29946054813942
MID35,SID35,67,2017-03-08 06:04:00,.600,30,2.223443885354339
MID34,SID34,67,2017-03-08 06:04:00,.333,26,2.384040991520828
MID33,SID33,67,2017-03-08 06:04:00,.667,33,2.0541145756524823
MID32,SID32,67,2017-03-08 06:04:00,.600,30,2.417547758266369
MID31,SID31,67,2017-03-08 06:04:00,.333,32,2.119231795585567
MID30,SID30,67,2017-03-08 06:04:00,.467,25,2.1106320413919692
MID49,SID49,67,2017-03-08 06:04:00,.467,29,2.120746479678528
MID48,SID48,67,2017-03-08 06:04:00,.600,26,2.474063919457331
MID47,SID47,67,2017-03-08 06:04:00,.467,25,2.1240765079839874
MID46,SID46,67,2017-03-08 06:04:00,.533,30,2.197380498229858
MID45,SID45,67,2017-03-08 06:04:00,.467,29,2.387160973622202
MID44,SID44,67,2017-03-08 06:04:00,.333,29,2.217358528103747
MID43,SID43,67,2017-03-08 06:04:00,.400,29,2.0661567294180774
MID42,SID42,67,2017-03-08 06:04:00,.600,27,2.3047653918750064
MID41,SID41,67,2017-03-08 06:04:00,.600,33,2.3363033175091856
MID40,SID40,67,2017-03-08 06:04:00,.667,26,2.4506422767088067
MID19,SID19,67,2017-03-08 06:04:10,.556,27,2.424032780014051
MID18,SID18,67,2017-03-08 06:04:10,.486,27,2.491769998598267
MID17,SID17,67,2017-03-08 06:04:10,.556,29,2.485839141182859
MID16,SID16,67,2017-03-08 06:04:10,.486,31,2.311012721955389
MID15,SID15,67,2017-03-08 06:04:10,.347,28,2.3628419797733424
MID14,SID14,67,2017-03-08 06:04:10,.556,25,2.1257742008623572
MID13,SID13,67,2017-03-08 06:04:10,.625,29,2.3821983240491234
MID12,SID12,67,2017-03-08 06:04:10,.556,30,2.198075594047897
MID11,SID11,67,2017-03-08 06:04:10,.694,30,2.456055614639708
MID99,SID99,67,2017-03-08 06:04:10,.486,31,2.404898769825521
MID10,SID10,67,2017-03-08 06:04:10,.347,26,2.4140078022897753
MID98,SID98,67,2017-03-08 06:04:10,.625,27,2.1019144461624895
MID97,SID97,67,2017-03-08 06:04:10,.347,32,2.3732958017316506
MID96,SID96,67,2017-03-08 06:04:10,.625,31,2.0369651661075645
MID95,SID95,67,2017-03-08 06:04:10,.694,31,2.21698271461818
MID94,SID94,67,2017-03-08 06:04:10,.694,29,2.3340749732070765
MID93,SID93,67,2017-03-08 06:04:10,.694,30,2.3065317258040334
MID92,SID92,67,2017-03-08 06:04:10,.486,29,2.464961184357601
MID91,SID91,67,2017-03-08 06:04:10,.694,34,2.246490731935354
MID4,SID4,67,2017-03-08 06:04:10,.347,32,2.4253899583066967
MID5,SID5,67,2017-03-08 06:04:10,.556,29,2.1800138675816183
MID6,SID6,67,2017-03-08 06:04:10,.417,34,2.336960944153594
MID7,SID7,67,2017-03-08 06:04:10,.694,27,2.0950161299714387
MID1,SID1,67,2017-03-08 06:04:10,.486,28,2.173839916741041
MID2,SID2,67,2017-03-08 06:04:10,.694,29,2.244324071664337
MID3,SID3,67,2017-03-08 06:04:10,.625,25,2.2571007296650816
MID29,SID29,67,2017-03-08 06:04:10,.625,25,2.4474455510240007
MID28,SID28,67,2017-03-08 06:04:10,.486,34,2.0235623076564533
MID27,SID27,67,2017-03-08 06:04:10,.417,34,2.0211752208640923
MID26,SID26,67,2017-03-08 06:04:10,.417,32,2.343559314935981
MID8,SID8,67,2017-03-08 06:04:10,.486,34,2.076210658757887
MID25,SID25,67,2017-03-08 06:04:10,.347,27,2.1784503924797525
MID9,SID9,67,2017-03-08 06:04:10,.556,29,2.4942726376185607
MID24,SID24,67,2017-03-08 06:04:10,.347,34,2.1752371189962996
MID23,SID23,67,2017-03-08 06:04:10,.556,34,2.4163748631118085
MID22,SID22,67,2017-03-08 06:04:10,.486,26,2.1188511185765324
MID21,SID21,67,2017-03-08 06:04:10,.417,25,2.4402935270001036
MID20,SID20,67,2017-03-08 06:04:10,.486,29,2.028466565643179
MID100,SID100,67,2017-03-08 06:04:10,.556,29,2.1665894957253466
MID79,SID79,67,2017-03-08 06:04:10,.347,33,2.347404365968903
MID78,SID78,67,2017-03-08 06:04:10,.556,29,2.009234625400986
MID77,SID77,67,2017-03-08 06:04:10,.347,25,2.444168760773522
MID76,SID76,67,2017-03-08 06:04:10,.417,26,2.0860088066259035
MID75,SID75,67,2017-03-08 06:04:10,.486,26,2.14322525109377
MID74,SID74,67,2017-03-08 06:04:10,.556,27,2.0895422458226407
MID73,SID73,67,2017-03-08 06:04:10,.417,33,2.1611396855765808
MID72,SID72,67,2017-03-08 06:04:10,.694,30,2.336854259008173
MID71,SID71,67,2017-03-08 06:04:10,.417,33,2.4455752082416913
MID70,SID70,67,2017-03-08 06:04:10,.417,32,2.163959866450755
MID90,SID90,67,2017-03-08 06:04:10,.556,27,2.196452468068056
MID89,SID89,67,2017-03-08 06:04:10,.694,29,2.0497687311598063
MID88,SID88,67,2017-03-08 06:04:10,.556,28,2.21003479744652
MID87,SID87,67,2017-03-08 06:04:10,.625,30,2.3534160027082858
MID86,SID86,67,2017-03-08 06:04:10,.417,28,2.415406833769218
MID85,SID85,67,2017-03-08 06:04:10,.694,27,2.440634472674455
MID84,SID84,67,2017-03-08 06:04:10,.417,30,2.078418302365678
MID83,SID83,67,2017-03-08 06:04:10,.417,30,2.1452642201322143
MID82,SID82,67,2017-03-08 06:04:10,.625,34,2.0139645735136886
MID81,SID81,67,2017-03-08 06:04:10,.625,29,2.1207541771615714
MID80,SID80,67,2017-03-08 06:04:10,.625,29,2.2142640452984645
MID59,SID59,67,2017-03-08 06:04:10,.417,30,2.3467889720591866
MID58,SID58,67,2017-03-08 06:04:10,.417,28,2.140810171834122
MID57,SID57,67,2017-03-08 06:04:10,.694,33,2.3380104246323974
MID56,SID56,67,2017-03-08 06:04:10,.347,32,2.20577926397003
MID55,SID55,67,2017-03-08 06:04:10,.556,30,2.1986373165516357
MID54,SID54,67,2017-03-08 06:04:10,.347,27,2.1651256633078897
MID53,SID53,67,2017-03-08 06:04:10,.486,34,2.277244054439076
MID52,SID52,67,2017-03-08 06:04:10,.694,25,2.394876635275195
MID51,SID51,67,2017-03-08 06:04:10,.625,26,2.0275254012682247
MID50,SID50,67,2017-03-08 06:04:10,.347,34,2.1779838152490725
MID69,SID69,67,2017-03-08 06:04:10,.694,25,2.1939587778124423
MID68,SID68,67,2017-03-08 06:04:10,.486,31,2.3750113886747855
MID67,SID67,67,2017-03-08 06:04:10,.625,33,2.4688337344063083
MID66,SID66,67,2017-03-08 06:04:10,.417,33,2.1879485456395975
MID65,SID65,67,2017-03-08 06:04:10,.625,28,2.4012349116200293
MID64,SID64,67,2017-03-08 06:04:10,.556,33,2.4667479591388384
MID63,SID63,67,2017-03-08 06:04:10,.417,29,2.38609358279224
MID62,SID62,67,2017-03-08 06:04:10,.694,27,2.3930472773076032
MID61,SID61,67,2017-03-08 06:04:10,.625,28,2.179106066405085
MID60,SID60,67,2017-03-08 06:04:10,.625,33,2.451368291691529
MID39,SID39,67,2017-03-08 06:04:10,.556,30,2.3843163879574885
MID38,SID38,67,2017-03-08 06:04:10,.486,28,2.32591433420791
MID37,SID37,67,2017-03-08 06:04:10,.556,31,2.4174546798073244
MID36,SID36,67,2017-03-08 06:04:10,.625,30,2.2490771065301427
MID35,SID35,67,2017-03-08 06:04:10,.625,32,2.0423602732651758
MID34,SID34,67,2017-03-08 06:04:10,.347,33,2.4105735438109805
MID33,SID33,67,2017-03-08 06:04:10,.694,28,2.0634947694708323
MID32,SID32,67,2017-03-08 06:04:10,.625,29,2.355687730547309
MID31,SID31,67,2017-03-08 06:04:10,.347,26,2.236487747972244
MID30,SID30,67,2017-03-08 06:04:10,.486,26,2.4146020747635317
MID49,SID49,67,2017-03-08 06:04:10,.486,29,2.3764276298886076
MID48,SID48,67,2017-03-08 06:04:10,.625,26,2.3133706599932724
MID47,SID47,67,2017-03-08 06:04:10,.486,32,2.0254140351046814
MID46,SID46,67,2017-03-08 06:04:10,.556,31,2.327910557830993
MID45,SID45,67,2017-03-08 06:04:10,.486,33,2.083734971367474
MID44,SID44,67,2017-03-08 06:04:10,.347,29,2.192461584901869
MID43,SID43,67,2017-03-08 06:04:10,.417,30,2.419418355283118
MID42,SID42,67,2017-03-08 06:04:10,.625,29,2.19636361072623
MID41,SID41,67,2017-03-08 06:04:10,.625,32,2.438376216330091
MID40,SID40,67,2017-03-08 06:04:10,.694,34,2.362105158577404
MID19,SID19,67,2017-03-08 06:04:20,.578,31,2.3195901930067637
MID18,SID18,67,2017-03-08 06:04:20,.506,25,2.0238970261357347
MID17,SID17,67,2017-03-08 06:04:20,.578,32,2.233375825302213
MID16,SID16,67,2017-03-08 06:04:20,.506,29,2.38821380833329
MID15,SID15,67,2017-03-08 06:04:20,.361,33,2.344349090079378
MID14,SID14,67,2017-03-08 06:04:20,.578,31,2.4928762062651653
MID13,SID13,67,2017-03-08 06:04:20,.650,26,2.491930686705368
MID12,SID12,67,2017-03-08 06:04:20,.578,34,2.165892434504449
MID11,SID11,67,2017-03-08 06:04:20,.722,33,2.3500126969301176
MID99,SID99,67,2017-03-08 06:04:20,.506,31,2.233049717638273
MID10,SID10,67,2017-03-08 06:04:20,.361,27,2.079321129647326
MID98,SID98,67,2017-03-08 06:04:20,.650,30,2.09256509018779
MID97,SID97,67,2017-03-08 06:04:20,.361,30,2.448712302278943
MID96,SID96,67,2017-03-08 06:04:20,.650,32,2.3174761448994876
MID95,SID95,67,2017-03-08 06:04:20,.722,34,2.010538098854857
MID94,SID94,67,2017-03-08 06:04:20,.722,34,2.0938997496913423
MID93,SID93,67,2017-03-08 06:04:20,.722,32,2.2000578412104184
MID92,SID92,67,2017-03-08 06:04:20,.506,26,2.118041825600838
MID91,SID91,67,2017-03-08 06:04:20,.722,34,2.069460694304736
MID4,SID4,67,2017-03-08 06:04:20,.361,25,2.162282023662393
MID5,SID5,67,2017-03-08 06:04:20,.578,26,2.3973076210741877
MID6,SID6,67,2017-03-08 06:04:20,.433,28,2.0247999356452917
MID7,SID7,67,2017-03-08 06:04:20,.722,27,2.2332158442123182
MID1,SID1,67,2017-03-08 06:04:20,.506,32,2.327383065439003
MID2,SID2,67,2017-03-08 06:04:20,.722,29,2.394673554024446
MID3,SID3,67,2017-03-08 06:04:20,.650,27,2.0037891433650854
MID29,SID29,67,2017-03-08 06:04:20,.650,26,2.257940231723799
MID28,SID28,67,2017-03-08 06:04:20,.506,30,2.4708449372902113
MID27,SID27,67,2017-03-08 06:04:20,.433,27,2.085382514733191
MID26,SID26,67,2017-03-08 06:04:20,.433,30,2.4648902851480208
MID8,SID8,67,2017-03-08 06:04:20,.506,28,2.0641736697246977
MID25,SID25,67,2017-03-08 06:04:20,.361,29,2.418408110068984
MID9,SID9,67,2017-03-08 06:04:20,.578,31,2.013396060062466
MID24,SID24,67,2017-03-08 06:04:20,.361,34,2.3907917940468626
MID23,SID23,67,2017-03-08 06:04:20,.578,28,2.2929001002239366
MID22,SID22,67,2017-03-08 06:04:20,.506,33,2.168207818620601
MID21,SID21,67,2017-03-08 06:04:20,.433,30,2.4497857005900174
MID20,SID20,67,2017-03-08 06:04:20,.506,26,2.4760821726219038
MID100,SID100,67,2017-03-08 06:04:20,.578,28,2.2985198958897546
MID79,SID79,67,2017-03-08 06:04:20,.361,28,2.0545993556598208
MID78,SID78,67,2017-03-08 06:04:20,.578,26,2.227000498639894
MID77,SID77,67,2017-03-08 06:04:20,.361,28,2.0062201003067495
MID76,SID76,67,2017-03-08 06:04:20,.433,32,2.3299371441126175
MID75,SID75,67,2017-03-08 06:04:20,.506,29,2.486711702183111
MID74,SID74,67,2017-03-08 06:04:20,.578,31,2.4056560773881475
MID73,SID73,67,2017-03-08 06:04:20,.433,25,2.0440508606476206
MID72,SID72,67,2017-03-08 06:04:20,.722,33,2.4726318121616906
MID71,SID71,67,2017-03-08 06:04:20,.433,27,2.39670540444137
MID70,SID70,67,2017-03-08 06:04:20,.433,29,2.101978268086251
MID90,SID90,67,2017-03-08 06:04:20,.578,27,2.2256374741430163
MID89,SID89,67,2017-03-08 06:04:20,.722,34,2.269109342103521
MID88,SID88,67,2017-03-08 06:04:20,.578,32,2.335709182719156
MID87,SID87,67,2017-03-08 06:04:20,.650,30,2.25328643049613
MID86,SID86,67,2017-03-08 06:04:20,.433,34,2.2773820526909607
MID85,SID85,67,2017-03-08 06:04:20,.722,27,2.3283734733103922
MID84,SID84,67,2017-03-08 06:04:20,.433,26,2.231276038679283
MID83,SID83,67,2017-03-08 06:04:20,.433,30,2.3771539519833302
MID82,SID82,67,2017-03-08 06:04:20,.650,30,2.482402645208346
MID81,SID81,67,2017-03-08 06:04:20,.650,29,2.3928305386185618
MID80,SID80,67,2017-03-08 06:04:20,.650,28,2.3835135684248776
MID59,SID59,67,2017-03-08 06:04:20,.433,27,2.1328369479076006
MID58,SID58,67,2017-03-08 06:04:20,.433,31,2.0687126052944342
MID57,SID57,67,2017-03-08 06:04:20,.722,28,2.3632784559151254
MID56,SID56,67,2017-03-08 06:04:20,.361,34,2.013087302655661
MID55,SID55,67,2017-03-08 06:04:20,.578,30,2.439180391290164
MID54,SID54,67,2017-03-08 06:04:20,.361,34,2.144493544145966
MID53,SID53,67,2017-03-08 06:04:20,.506,34,2.0900786461596876
MID52,SID52,67,2017-03-08 06:04:20,.722,29,2.0980535233213646
MID51,SID51,67,2017-03-08 06:04:20,.650,26,2.0740625809310558
MID50,SID50,67,2017-03-08 06:04:20,.361,31,2.421925785796774
MID69,SID69,67,2017-03-08 06:04:20,.722,28,2.499402542581572
MID68,SID68,67,2017-03-08 06:04:20,.506,28,2.437198125123522
MID67,SID67,67,2017-03-08 06:04:20,.650,34,2.333432826209241
MID66,SID66,67,2017-03-08 06:04:20,.433,34,2.387033905484275
MID65,SID65,67,2017-03-08 06:04:20,.650,27,2.4487181822746704
MID64,SID64,67,2017-03-08 06:04:20,.578,26,2.2375919257956007
MID63,SID63,67,2017-03-08 06:04:20,.433,34,2.2258476700194683
MID62,SID62,67,2017-03-08 06:04:20,.722,28,2.1763558571430304
MID61,SID61,67,2017-03-08 06:04:20,.650,32,2.254638767837462
MID60,SID60,67,2017-03-08 06:04:20,.650,27,2.0770171798153316
MID39,SID39,67,2017-03-08 06:04:20,.578,26,2.48727201672277
MID38,SID38,67,2017-03-08 06:04:20,.506,25,2.473327479746378
MID37,SID37,67,2017-03-08 06:04:20,.578,25,2.111408094761805
MID36,SID36,67,2017-03-08 06:04:20,.650,34,2.0900306438218585
MID35,SID35,67,2017-03-08 06:04:20,.650,32,2.2762918183191925
MID34,SID34,67,2017-03-08 06:04:20,.361,26,2.0738660237271227
MID33,SID33,67,2017-03-08 06:04:20,.722,31,2.4878523986027985
MID32,SID32,67,2017-03-08 06:04:20,.650,33,2.082504946144679
MID31,SID31,67,2017-03-08 06:04:20,.361,25,2.087827979159672
MID30,SID30,67,2017-03-08 06:04:20,.506,32,2.253735619640849
MID49,SID49,67,2017-03-08 06:04:20,.506,32,2.4768748716703346
MID48,SID48,67,2017-03-08 06:04:20,.650,29,2.1241422836414188
MID47,SID47,67,2017-03-08 06:04:20,.506,30,2.402723114172664
MID46,SID46,67,2017-03-08 06:04:20,.578,26,2.1834861049728858
MID45,SID45,67,2017-03-08 06:04:20,.506,28,2.3844681888151085
MID44,SID44,67,2017-03-08 06:04:20,.361,34,2.4780367780655097
MID43,SID43,67,2017-03-08 06:04:20,.433,30,2.26882217706041
MID42,SID42,67,2017-03-08 06:04:20,.650,34,2.295731339296908
MID41,SID41,67,2017-03-08 06:04:20,.650,27,2.3214033685408797
MID40,SID40,67,2017-03-08 06:04:20,.722,30,2.025841119965316
MID19,SID19,67,2017-03-08 06:04:30,.600,26,2.0275789543469043
MID18,SID18,67,2017-03-08 06:04:30,.525,29,2.3849215211823527
MID17,SID17,67,2017-03-08 06:04:30,.600,31,2.058725747263858
MID16,SID16,67,2017-03-08 06:04:30,.525,29,2.181473188908076
MID15,SID15,67,2017-03-08 06:04:30,.375,27,2.2009028318134756
MID14,SID14,67,2017-03-08 06:04:30,.600,33,2.1810750322887427
MID13,SID13,67,2017-03-08 06:04:30,.675,30,2.4901102238687165
MID12,SID12,67,2017-03-08 06:04:30,.600,30,2.1559821926989975
MID11,SID11,67,2017-03-08 06:04:30,.750,31,2.409720036913609
MID99,SID99,67,2017-03-08 06:04:30,.525,28,2.443386340841757
MID10,SID10,67,2017-03-08 06:04:30,.375,27,2.4169602776933408
MID98,SID98,67,2017-03-08 06:04:30,.675,33,2.3172126802446598
MID97,SID97,67,2017-03-08 06:04:30,.375,28,2.1924600842556083
MID96,SID96,67,2017-03-08 06:04:30,.675,28,2.403911465829585
MID95,SID95,67,2017-03-08 06:04:30,.750,31,2.0654652764291495
MID94,SID94,67,2017-03-08 06:04:30,.750,25,2.060386912222056
MID93,SID93,67,2017-03-08 06:04:30,.750,25,2.2512456271684536
MID92,SID92,67,2017-03-08 06:04:30,.525,26,2.184350026004137
MID91,SID91,67,2017-03-08 06:04:30,.750,25,2.385720394594401
MID4,SID4,67,2017-03-08 06:04:30,.375,28,2.1415831123083318
MID5,SID5,67,2017-03-08 06:04:30,.600,27,2.334733779714007
MID6,SID6,67,2017-03-08 06:04:30,.450,31,2.470451922527677
MID7,SID7,67,2017-03-08 06:04:30,.750,32,2.299459661743609
MID1,SID1,67,2017-03-08 06:04:30,.525,32,2.448352699942329
MID2,SID2,67,2017-03-08 06:04:30,.750,25,2.482335919403867
MID3,SID3,67,2017-03-08 06:04:30,.675,34,2.156741203520105
MID29,SID29,67,2017-03-08 06:04:30,.675,30,2.181810988084281
MID28,SID28,67,2017-03-08 06:04:30,.525,31,2.1534626405611412
MID27,SID27,67,2017-03-08 06:04:30,.450,27,2.0566870211011534
MID26,SID26,67,2017-03-08 06:04:30,.450,27,2.45091676432014
MID8,SID8,67,2017-03-08 06:04:30,.525,25,2.2852647766972085
MID25,SID25,67,2017-03-08 06:04:30,.375,28,2.2036659398703407
MID9,SID9,67,2017-03-08 06:04:30,.600,30,2.1756510386206376
MID24,SID24,67,2017-03-08 06:04:30,.375,25,2.4602798739466656
MID23,SID23,67,2017-03-08 06:04:30,.600,28,2.447467050238302
MID22,SID22,67,2017-03-08 06:04:30,.525,26,2.21807511430531
MID21,SID21,67,2017-03-08 06:04:30,.450,29,2.046101400441994
MID20,SID20,67,2017-03-08 06:04:30,.525,34,2.1003502687751543
MID100,SID100,67,2017-03-08 06:04:30,.600,30,2.000326885635912
MID79,SID79,67,2017-03-08 06:04:30,.375,27,2.413638794840323
MID78,SID78,67,2017-03-08 06:04:30,.600,33,2.424015440114669
MID77,SID77,67,2017-03-08 06:04:30,.375,27,2.110400773208408
MID76,SID76,67,2017-03-08 06:04:30,.450,27,2.1003512824430075
MID75,SID75,67,2017-03-08 06:04:30,.525,25,2.1547239922760424
MID74,SID74,67,2017-03-08 06:04:30,.600,30,2.222356480424436
MID73,SID73,67,2017-03-08 06:04:30,.450,34,2.0738668570726415
MID72,SID72,67,2017-03-08 06:04:30,.750,32,2.2700582156726843
MID71,SID71,67,2017-03-08 06:04:30,.450,27,2.305601148995422
MID70,SID70,67,2017-03-08 06:04:30,.450,30,2.353534510276203
MID90,SID90,67,2017-03-08 06:04:30,.600,26,2.4782278884556566
MID89,SID89,67,2017-03-08 06:04:30,.750,27,2.006882931243929
MID88,SID88,67,2017-03-08 06:04:30,.600,26,2.061044033971204
MID87,SID87,67,2017-03-08 06:04:30,.675,31,2.1153312518913046
MID86,SID86,67,2017-03-08 06:04:30,.450,29,2.074792290815398
MID85,SID85,67,2017-03-08 06:04:30,.750,32,2.3794911438663826
MID84,SID84,67,2017-03-08 06:04:30,.450,30,2.4567027692585204
MID83,SID83,67,2017-03-08 06:04:30,.450,33,2.3711889382856404
MID82,SID82,67,2017-03-08 06:04:30,.675,26,2.2374194246382784
MID81,SID81,67,2017-03-08 06:04:30,.675,28,2.0045749324534805
MID80,SID80,67,2017-03-08 06:04:30,.675,32,2.0813787263205676
MID59,SID59,67,2017-03-08 06:04:30,.450,28,2.3534511306108357
MID58,SID58,67,2017-03-08 06:04:30,.450,28,2.2260327168599106
MID57,SID57,67,2017-03-08 06:04:30,.750,33,2.340882754389685
MID56,SID56,67,2017-03-08 06:04:30,.375,31,2.208027567118407
MID55,SID55,67,2017-03-08 06:04:30,.600,33,2.10747030284708
MID54,SID54,67,2017-03-08 06:04:30,.375,29,2.4188816436352103
MID53,SID53,67,2017-03-08 06:04:30,.525,30,2.1098546874845585
MID52,SID52,67,2017-03-08 06:04:30,.750,30,2.155578300686468
MID51,SID51,67,2017-03-08 06:04:30,.675,31,2.371801779449127
MID50,SID50,67,2017-03-08 06:04:30,.375,28,2.1573162645185944
MID69,SID69,67,2017-03-08 06:04:30,.750,26,2.25777311411449
MID68,SID68,67,2017-03-08 06:04:30,.525,25,2.182099783659283
MID67,SID67,67,2017-03-08 06:04:30,.675,32,2.0588488014428505
MID66,SID66,67,2017-03-08 06:04:30,.450,31,2.186469704432147
MID65,SID65,67,2017-03-08 06:04:30,.675,32,2.0853831605398505
MID64,SID64,67,2017-03-08 06:04:30,.600,25,2.187453613450116
MID63,SID63,67,2017-03-08 06:04:30,.450,30,2.10330082156774
MID62,SID62,67,2017-03-08 06:04:30,.750,28,2.0056688029454546
MID61,SID61,67,2017-03-08 06:04:30,.675,28,2.2192760302372223
MID60,SID60,67,2017-03-08 06:04:30,.675,30,2.1592500480706773
MID39,SID39,67,2017-03-08 06:04:30,.600,34,2.157219804029449
MID38,SID38,67,2017-03-08 06:04:30,.525,33,2.2830552824952766
MID37,SID37,67,2017-03-08 06:04:30,.600,31,2.3714218734107515
MID36,SID36,67,2017-03-08 06:04:30,.675,28,2.261857747301854
MID35,SID35,67,2017-03-08 06:04:30,.675,34,2.0566592070596146
MID34,SID34,67,2017-03-08 06:04:30,.375,28,2.3414324308550705
MID33,SID33,67,2017-03-08 06:04:30,.750,27,2.4685502419371286
MID32,SID32,67,2017-03-08 06:04:30,.675,26,2.0893261922005655
MID31,SID31,67,2017-03-08 06:04:30,.375,34,2.4008423829333503
MID30,SID30,67,2017-03-08 06:04:30,.525,28,2.1955891002075534
MID49,SID49,67,2017-03-08 06:04:30,.525,33,2.369296410301947
MID48,SID48,67,2017-03-08 06:04:30,.675,26,2.211650305785845
MID47,SID47,67,2017-03-08 06:04:30,.525,31,2.231833350190987
MID46,SID46,67,2017-03-08 06:04:30,.600,29,2.3156364572322548
MID45,SID45,67,2017-03-08 06:04:30,.525,33,2.3927165800024444
MID44,SID44,67,2017-03-08 06:04:30,.375,27,2.072406768487353
MID43,SID43,67,2017-03-08 06:04:30,.450,27,2.173576297357182
MID42,SID42,67,2017-03-08 06:04:30,.675,27,2.173563437225271
MID41,SID41,67,2017-03-08 06:04:30,.675,34,2.397650839599391
MID40,SID40,67,2017-03-08 06:04:30,.750,34,2.1330780342198152
MID19,SID19,67,2017-03-08 06:04:40,.622,33,2.296683149994479
MID18,SID18,67,2017-03-08 06:04:40,.544,33,2.0505706469212477
MID17,SID17,67,2017-03-08 06:04:40,.622,26,2.249352777772588
MID16,SID16,67,2017-03-08 06:04:40,.544,28,2.4134097579600824
MID15,SID15,67,2017-03-08 06:04:40,.389,29,2.4923240497246386
MID14,SID14,67,2017-03-08 06:04:40,.622,34,2.2468235534685936
MID13,SID13,67,2017-03-08 06:04:40,.700,32,2.075374351964828
MID12,SID12,67,2017-03-08 06:04:40,.622,34,2.4976764201994177
MID11,SID11,67,2017-03-08 06:04:40,.778,30,2.1347454954949714
MID99,SID99,67,2017-03-08 06:04:40,.544,30,2.075009404672852
MID10,SID10,67,2017-03-08 06:04:40,.389,28,2.0025652887793335
MID98,SID98,67,2017-03-08 06:04:40,.700,30,2.1165936471715687
MID97,SID97,67,2017-03-08 06:04:40,.389,32,2.078247951959982
MID96,SID96,67,2017-03-08 06:04:40,.700,30,2.3950600999313085
MID95,SID95,67,2017-03-08 06:04:40,.778,33,2.3294018165884465
MID94,SID94,67,2017-03-08 06:04:40,.778,27,2.2230641623731877
MID93,SID93,67,2017-03-08 06:04:40,.778,25,2.4640167314989947
MID92,SID92,67,2017-03-08 06:04:40,.544,25,2.160298697954683
MID91,SID91,67,2017-03-08 06:04:40,.778,31,2.36419835650373
MID4,SID4,67,2017-03-08 06:04:40,.389,27,2.4929872724838287
MID5,SID5,67,2017-03-08 06:04:40,.622,33,2.259988373939308
MID6,SID6,67,2017-03-08 06:04:40,.467,25,2.2542102349033977
MID7,SID7,67,2017-03-08 06:04:40,.778,25,2.00961422537593
MID1,SID1,67,2017-03-08 06:04:40,.544,31,2.431581806905363
MID2,SID2,67,2017-03-08 06:04:40,.778,27,2.419741441335439
MID3,SID3,67,2017-03-08 06:04:40,.700,34,2.3794940698489166
MID29,SID29,67,2017-03-08 06:04:40,.700,31,2.1936300763441707
MID28,SID28,67,2017-03-08 06:04:40,.544,27,2.2756479057500227
MID27,SID27,67,2017-03-08 06:04:40,.467,28,2.4920969299962077
MID26,SID26,67,2017-03-08 06:04:40,.467,26,2.319298590067409
MID8,SID8,67,2017-03-08 06:04:40,.544,27,2.1421674837211495
MID25,SID25,67,2017-03-08 06:04:40,.389,31,2.303400649986658
MID9,SID9,67,2017-03-08 06:04:40,.622,28,2.3409474928673113
MID24,SID24,67,2017-03-08 06:04:40,.389,30,2.3383320768422813
MID23,SID23,67,2017-03-08 06:04:40,.622,33,2.0933786498613323
MID22,SID22,67,2017-03-08 06:04:40,.544,25,2.1323407463795667
MID21,SID21,67,2017-03-08 06:04:40,.467,33,2.153726505501232
MID20,SID20,67,2017-03-08 06:04:40,.544,27,2.108792830384337
MID100,SID100,67,2017-03-08 06:04:40,.622,32,2.3679616567652864
MID79,SID79,67,2017-03-08 06:04:40,.389,32,2.329488169444584
MID78,SID78,67,2017-03-08 06:04:40,.622,34,2.045101839308336
MID77,SID77,67,2017-03-08 06:04:40,.389,25,2.4391742806546857
MID76,SID76,67,2017-03-08 06:04:40,.467,29,2.2779617247997828
MID75,SID75,67,2017-03-08 06:04:40,.544,31,2.3004086794206033
MID74,SID74,67,2017-03-08 06:04:40,.622,30,2.3661305318956107
MID73,SID73,67,2017-03-08 06:04:40,.467,34,2.0032189359826185
MID72,SID72,67,2017-03-08 06:04:40,.778,27,2.4659257039120344
MID71,SID71,67,2017-03-08 06:04:40,.467,25,2.178371156875045
MID70,SID70,67,2017-03-08 06:04:40,.467,29,2.0047622665531346
MID90,SID90,67,2017-03-08 06:04:40,.622,25,2.1024634253057797
MID89,SID89,67,2017-03-08 06:04:40,.778,32,2.320907559817767
MID88,SID88,67,2017-03-08 06:04:40,.622,25,2.0966264951532176
MID87,SID87,67,2017-03-08 06:04:40,.700,28,2.196639090672331
MID86,SID86,67,2017-03-08 06:04:40,.467,26,2.1663607141088033
MID85,SID85,67,2017-03-08 06:04:40,.778,34,2.410487236060532
MID84,SID84,67,2017-03-08 06:04:40,.467,29,2.023259985240887
MID83,SID83,67,2017-03-08 06:04:40,.467,32,2.1498543054398596
MID82,SID82,67,2017-03-08 06:04:40,.700,28,2.049646570644799
MID81,SID81,67,2017-03-08 06:04:40,.700,33,2.244187638621007
MID80,SID80,67,2017-03-08 06:04:40,.700,25,2.1747525020871588
MID59,SID59,67,2017-03-08 06:04:40,.467,33,2.205641740942061
MID58,SID58,67,2017-03-08 06:04:40,.467,32,2.0416564863490736
MID57,SID57,67,2017-03-08 06:04:40,.778,25,2.121722557178654
MID56,SID56,67,2017-03-08 06:04:40,.389,25,2.2187111648637665
MID55,SID55,67,2017-03-08 06:04:40,.622,29,2.1826043456227575
MID54,SID54,67,2017-03-08 06:04:40,.389,31,2.159198514843976
MID53,SID53,67,2017-03-08 06:04:40,.544,28,2.4618116947846054
MID52,SID52,67,2017-03-08 06:04:40,.778,27,2.2226546444023025
MID51,SID51,67,2017-03-08 06:04:40,.700,30,2.2109705788660396
MID50,SID50,67,2017-03-08 06:04:40,.389,25,2.1753652750282133
MID69,SID69,67,2017-03-08 06:04:40,.778,25,2.2056800422240816
MID68,SID68,67,2017-03-08 06:04:40,.544,26,2.258629358413956
MID67,SID67,67,2017-03-08 06:04:40,.700,32,2.226902073320417
MID66,SID66,67,2017-03-08 06:04:40,.467,34,2.209992428385738
MID65,SID65,67,2017-03-08 06:04:40,.700,33,2.1576205894325646
MID64,SID64,67,2017-03-08 06:04:40,.622,26,2.3697462289450035
MID63,SID63,67,2017-03-08 06:04:40,.467,34,2.3320887971538435
MID62,SID62,67,2017-03-08 06:04:40,.778,27,2.246676316450556
MID61,SID61,67,2017-03-08 06:04:40,.700,30,2.386770714626537
MID60,SID60,67,2017-03-08 06:04:40,.700,27,2.3686683677516798
MID39,SID39,67,2017-03-08 06:04:40,.622,28,2.0757246401626475
MID38,SID38,67,2017-03-08 06:04:40,.544,34,2.2162784793951875
MID37,SID37,67,2017-03-08 06:04:40,.622,30,2.177489718148217
MID36,SID36,67,2017-03-08 06:04:40,.700,31,2.0476937304108342
MID35,SID35,67,2017-03-08 06:04:40,.700,34,2.495099440549513
MID34,SID34,67,2017-03-08 06:04:40,.389,28,2.1935786098474477
MID33,SID33,67,2017-03-08 06:04:40,.778,25,2.1487505735691776
MID32,SID32,67,2017-03-08 06:04:40,.700,29,2.2502968103399428
MID31,SID31,67,2017-03-08 06:04:40,.389,28,2.0505950291481576
MID30,SID30,67,2017-03-08 06:04:40,.544,27,2.117475112957086
MID49,SID49,67,2017-03-08 06:04:40,.544,28,2.3093576638062565
MID48,SID48,67,2017-03-08 06:04:40,.700,31,2.043647665891746
MID47,SID47,67,2017-03-08 06:04:40,.544,27,2.0676135526915487
MID46,SID46,67,2017-03-08 06:04:40,.622,28,2.4653519254526266
MID45,SID45,67,2017-03-08 06:04:40,.544,27,2.2709445005814404
MID44,SID44,67,2017-03-08 06:04:40,.389,31,2.4350222943270703
MID43,SID43,67,2017-03-08 06:04:40,.467,34,2.132055807465611
MID42,SID42,67,2017-03-08 06:04:40,.700,33,2.310988896850808
MID41,SID41,67,2017-03-08 06:04:40,.700,32,2.4398564307286517
MID40,SID40,67,2017-03-08 06:04:40,.778,31,2.2206307590456453
MID19,SID19,67,2017-03-08 06:04:50,.644,31,2.074551580892466
MID18,SID18,67,2017-03-08 06:04:50,.564,32,2.451518990126856
MID17,SID17,67,2017-03-08 06:04:50,.644,26,2.4119531208099763
MID16,SID16,67,2017-03-08 06:04:50,.564,26,2.1027789400192067
MID15,SID15,67,2017-03-08 06:04:50,.403,26,2.2157698134953785
MID14,SID14,67,2017-03-08 06:04:50,.644,34,2.2962544256889963
MID13,SID13,67,2017-03-08 06:04:50,.725,34,2.3014086273918273
MID12,SID12,67,2017-03-08 06:04:50,.644,33,2.158273602234487
MID11,SID11,67,2017-03-08 06:04:50,.806,27,2.2956021307282484
MID99,SID99,67,2017-03-08 06:04:50,.564,32,2.4292825477680675
MID10,SID10,67,2017-03-08 06:04:50,.403,31,2.120626292542757
MID98,SID98,67,2017-03-08 06:04:50,.725,26,2.174197162636446
MID97,SID97,67,2017-03-08 06:04:50,.403,30,2.1392391854145227
MID96,SID96,67,2017-03-08 06:04:50,.725,26,2.4623353655866795
MID95,SID95,67,2017-03-08 06:04:50,.806,32,2.243085860279767
MID94,SID94,67,2017-03-08 06:04:50,.806,34,2.249430548557525
MID93,SID93,67,2017-03-08 06:04:50,.806,26,2.293911808729564
MID92,SID92,67,2017-03-08 06:04:50,.564,30,2.103142114885289
MID91,SID91,67,2017-03-08 06:04:50,.806,30,2.2350105805748823
MID4,SID4,67,2017-03-08 06:04:50,.403,30,2.1848074963444977
MID5,SID5,67,2017-03-08 06:04:50,.644,33,2.4584166281423876
MID6,SID6,67,2017-03-08 06:04:50,.483,25,2.192525980458528
MID7,SID7,67,2017-03-08 06:04:50,.806,28,2.1791240201887168
MID1,SID1,67,2017-03-08 06:04:50,.564,30,2.4123706025843963
MID2,SID2,67,2017-03-08 06:04:50,.806,31,2.4528158425366358
MID3,SID3,67,2017-03-08 06:04:50,.725,27,2.2702525691330306
MID29,SID29,67,2017-03-08 06:04:50,.725,26,2.475123939663564
MID28,SID28,67,2017-03-08 06:04:50,.564,32,2.318937936943634
MID27,SID27,67,2017-03-08 06:04:50,.483,29,2.486123884635433
MID26,SID26,67,2017-03-08 06:04:50,.483,34,2.4120164852205948
MID8,SID8,67,2017-03-08 06:04:50,.564,31,2.035648222148738
MID25,SID25,67,2017-03-08 06:04:50,.403,29,2.299007623114774
MID9,SID9,67,2017-03-08 06:04:50,.644,33,2.135626470051638
MID24,SID24,67,2017-03-08 06:04:50,.403,25,2.0932844334842096
MID23,SID23,67,2017-03-08 06:04:50,.644,27,2.1313282827928135
MID22,SID22,67,2017-03-08 06:04:50,.564,31,2.1493836078395194
MID21,SID21,67,2017-03-08 06:04:50,.483,29,2.252042792365621
MID20,SID20,67,2017-03-08 06:04:50,.564,34,2.455006244323907
MID100,SID100,67,2017-03-08 06:04:50,.644,28,2.4944511178832807
MID79,SID79,67,2017-03-08 06:04:50,.403,29,2.4956426363041873
MID78,SID78,67,2017-03-08 06:04:50,.644,25,2.160998534760658
MID77,SID77,67,2017-03-08 06:04:50,.403,26,2.2357375537677004
MID76,SID76,67,2017-03-08 06:04:50,.483,25,2.1556528472060705
MID75,SID75,67,2017-03-08 06:04:50,.564,26,2.448814285955171
MID74,SID74,67,2017-03-08 06:04:50,.644,30,2.3982376444154885
MID73,SID73,67,2017-03-08 06:04:50,.483,26,2.0627997912752343
MID72,SID72,67,2017-03-08 06:04:50,.806,28,2.4492580179774595
MID71,SID71,67,2017-03-08 06:04:50,.483,28,2.1769244556552056
MID70,SID70,67,2017-03-08 06:04:50,.483,28,2.1800877508713055
MID90,SID90,67,2017-03-08 06:04:50,.644,29,2.283581636669111
MID89,SID89,67,2017-03-08 06:04:50,.806,34,2.1571532407029452
MID88,SID88,67,2017-03-08 06:04:50,.644,28,2.3457947354090547
MID87,SID87,67,2017-03-08 06:04:50,.725,33,2.1630027710457616
MID86,SID86,67,2017-03-08 06:04:50,.483,28,2.134208490380661
MID85,SID85,67,2017-03-08 06:04:50,.806,26,2.423320582140475
MID84,SID84,67,2017-03-08 06:04:50,.483,31,2.3803266441702178
MID83,SID83,67,2017-03-08 06:04:50,.483,25,2.2055057770808295
MID82,SID82,67,2017-03-08 06:04:50,.725,33,2.106748264427867
MID81,SID81,67,2017-03-08 06:04:50,.725,29,2.2728774834695824
MID80,SID80,67,2017-03-08 06:04:50,.725,31,2.212601307218002
MID59,SID59,67,2017-03-08 06:04:50,.483,26,2.384286616818295
MID58,SID58,67,2017-03-08 06:04:50,.483,31,2.0190713310379578
MID57,SID57,67,2017-03-08 06:04:50,.806,29,2.4680964842655255
MID56,SID56,67,2017-03-08 06:04:50,.403,28,2.3453343844162258
MID55,SID55,67,2017-03-08 06:04:50,.644,30,2.3226589249082763
MID54,SID54,67,2017-03-08 06:04:50,.403,30,2.446292617726387
MID53,SID53,67,2017-03-08 06:04:50,.564,26,2.1851103385024593
MID52,SID52,67,2017-03-08 06:04:50,.806,32,2.0729635955562244
MID51,SID51,67,2017-03-08 06:04:50,.725,32,2.157184564468869
MID50,SID50,67,2017-03-08 06:04:50,.403,30,2.387584429266183
MID69,SID69,67,2017-03-08 06:04:50,.806,28,2.0960183708469318
MID68,SID68,67,2017-03-08 06:04:50,.564,33,2.325346625260405
MID67,SID67,67,2017-03-08 06:04:50,.725,32,2.201092937689155
MID66,SID66,67,2017-03-08 06:04:50,.483,28,2.496486259564859
MID65,SID65,67,2017-03-08 06:04:50,.725,30,2.1119188728469296
MID64,SID64,67,2017-03-08 06:04:50,.644,26,2.30721207444526
MID63,SID63,67,2017-03-08 06:04:50,.483,31,2.0730622591859733
MID62,SID62,67,2017-03-08 06:04:50,.806,26,2.0551334767978764
MID61,SID61,67,2017-03-08 06:04:50,.725,28,2.2922145409222976
MID60,SID60,67,2017-03-08 06:04:50,.725,28,2.1475126803403466
MID39,SID39,67,2017-03-08 06:04:50,.644,34,2.2353853341318954
MID38,SID38,67,2017-03-08 06:04:50,.564,26,2.1150107939041782
MID37,SID37,67,2017-03-08 06:04:50,.644,25,2.1984636093150933
MID36,SID36,67,2017-03-08 06:04:50,.725,32,2.1382791313710214
MID35,SID35,67,2017-03-08 06:04:50,.725,28,2.0290503606098174
MID34,SID34,67,2017-03-08 06:04:50,.403,33,2.2413919052185967
MID33,SID33,67,2017-03-08 06:04:50,.806,33,2.3012280249235273
MID32,SID32,67,2017-03-08 06:04:50,.725,34,2.0401316087419765
MID31,SID31,67,2017-03-08 06:04:50,.403,29,2.2538877119282406
MID30,SID30,67,2017-03-08 06:04:50,.564,28,2.129291452441274
MID49,SID49,67,2017-03-08 06:04:50,.564,31,2.0979509745042506
MID48,SID48,67,2017-03-08 06:04:50,.725,30,2.3480316832813206
MID47,SID47,67,2017-03-08 06:04:50,.564,32,2.499537395137594
MID46,SID46,67,2017-03-08 06:04:50,.644,28,2.4459055943321326
MID45,SID45,67,2017-03-08 06:04:50,.564,25,2.2701375647435276
MID44,SID44,67,2017-03-08 06:04:50,.403,33,2.133148557792172
MID43,SID43,67,2017-03-08 06:04:50,.483,26,2.212404975612749
MID42,SID42,67,2017-03-08 06:04:50,.725,25,2.464461496239038
MID41,SID41,67,2017-03-08 06:04:50,.725,34,2.2527776301454994
MID40,SID40,67,2017-03-08 06:04:50,.806,28,2.3854289593726308
MID19,SID19,67,2017-03-08 06:05:00,.667,30,2.132668098256768
MID18,SID18,67,2017-03-08 06:05:00,.583,34,2.1798266979678234
MID17,SID17,67,2017-03-08 06:05:00,.667,27,2.3803260771101176
MID16,SID16,67,2017-03-08 06:05:00,.583,25,2.28672891847916
MID15,SID15,67,2017-03-08 06:05:00,.417,28,2.0564857224714013
MID14,SID14,67,2017-03-08 06:05:00,.667,25,2.086869794291629
MID13,SID13,67,2017-03-08 06:05:00,.750,31,2.2184070633551323
MID12,SID12,67,2017-03-08 06:05:00,.667,34,2.466547857407387
MID11,SID11,67,2017-03-08 06:05:00,.833,33,2.354912360677276
MID99,SID99,67,2017-03-08 06:05:00,.583,34,2.32348290655523
MID10,SID10,67,2017-03-08 06:05:00,.417,34,2.324277124605172
MID98,SID98,67,2017-03-08 06:05:00,.750,26,2.394085938098393
MID97,SID97,67,2017-03-08 06:05:00,.417,32,2.120888091316292
MID96,SID96,67,2017-03-08 06:05:00,.750,29,2.250565489859052
MID95,SID95,67,2017-03-08 06:05:00,.833,33,2.015435213804337
MID94,SID94,67,2017-03-08 06:05:00,.833,29,2.3308503081093654
MID93,SID93,67,2017-03-08 06:05:00,.833,30,2.167066280368336
MID92,SID92,67,2017-03-08 06:05:00,.583,31,2.174454377635094
MID91,SID91,67,2017-03-08 06:05:00,.833,25,2.362746364529955
MID4,SID4,67,2017-03-08 06:05:00,.417,29,2.0692378620749423
MID5,SID5,67,2017-03-08 06:05:00,.667,32,2.171657757868062
MID6,SID6,67,2017-03-08 06:05:00,.500,29,2.0591974542708886
MID7,SID7,67,2017-03-08 06:05:00,.833,33,2.1765718434231682
MID1,SID1,67,2017-03-08 06:05:00,.583,29,2.3984315861376855
MID2,SID2,67,2017-03-08 06:05:00,.833,30,2.390723576391619
MID3,SID3,67,2017-03-08 06:05:00,.750,33,2.4852795158323597
MID29,SID29,67,2017-03-08 06:05:00,.750,28,2.3576266804476544
MID28,SID28,67,2017-03-08 06:05:00,.583,30,2.269250973515499
MID27,SID27,67,2017-03-08 06:05:00,.500,31,2.032868792196148
MID26,SID26,67,2017-03-08 06:05:00,.500,27,2.2328450716122243
MID8,SID8,67,2017-03-08 06:05:00,.583,26,2.1473903876846756
MID25,SID25,67,2017-03-08 06:05:00,.417,30,2.2327564193898066
MID9,SID9,67,2017-03-08 06:05:00,.667,28,2.446614100224115
MID24,SID24,67,2017-03-08 06:05:00,.417,25,2.3102056071239314
MID23,SID23,67,2017-03-08 06:05:00,.667,33,2.1703834128416264
MID22,SID22,67,2017-03-08 06:05:00,.583,33,2.43943951250311
MID21,SID21,67,2017-03-08 06:05:00,.500,33,2.4574660940054107
MID20,SID20,67,2017-03-08 06:05:00,.583,33,2.2269894399730257
MID100,SID100,67,2017-03-08 06:05:00,.667,29,2.055196785491713
MID79,SID79,67,2017-03-08 06:05:00,.417,34,2.3844164004547688
MID78,SID78,67,2017-03-08 06:05:00,.667,29,2.0667620657821653
MID77,SID77,67,2017-03-08 06:05:00,.417,29,2.439763119486689
MID76,SID76,67,2017-03-08 06:05:00,.500,32,2.1790974057923207
MID75,SID75,67,2017-03-08 06:05:00,.583,31,2.046349222986511
MID74,SID74,67,2017-03-08 06:05:00,.667,27,2.087128321921358
MID73,SID73,67,2017-03-08 06:05:00,.500,26,2.372878458218719
MID72,SID72,67,2017-03-08 06:05:00,.833,27,2.3270908274207116
MID71,SID71,67,2017-03-08 06:05:00,.500,29,2.1187675657251894
MID70,SID70,67,2017-03-08 06:05:00,.500,34,2.3226290119975417
MID90,SID90,67,2017-03-08 06:05:00,.667,27,2.2563191463380323
MID89,SID89,67,2017-03-08 06:05:00,.833,29,2.440980177318823
MID88,SID88,67,2017-03-08 06:05:00,.667,31,2.387111892300976
MID87,SID87,67,2017-03-08 06:05:00,.750,27,2.371181057273024
MID86,SID86,67,2017-03-08 06:05:00,.500,29,2.2715740321568174
MID85,SID85,67,2017-03-08 06:05:00,.833,32,2.1610584048896433
MID84,SID84,67,2017-03-08 06:05:00,.500,28,2.1776090563280563
MID83,SID83,67,2017-03-08 06:05:00,.500,29,2.188520177626858
MID82,SID82,67,2017-03-08 06:05:00,.750,32,2.0398471763957913
MID81,SID81,67,2017-03-08 06:05:00,.750,30,2.3824884991155315
MID80,SID80,67,2017-03-08 06:05:00,.750,28,2.476683321527379
MID59,SID59,67,2017-03-08 06:05:00,.500,25,2.1401491235693197
MID58,SID58,67,2017-03-08 06:05:00,.500,25,2.1180057938690195
MID57,SID57,67,2017-03-08 06:05:00,.833,31,2.1860965277595676
MID56,SID56,67,2017-03-08 06:05:00,.417,32,2.3276024596713896
MID55,SID55,67,2017-03-08 06:05:00,.667,26,2.2050972037807814
MID54,SID54,67,2017-03-08 06:05:00,.417,31,2.067455823547447
MID53,SID53,67,2017-03-08 06:05:00,.583,25,2.34578207700036
MID52,SID52,67,2017-03-08 06:05:00,.833,32,2.2040347830362155
MID51,SID51,67,2017-03-08 06:05:00,.750,32,2.499252674255548
MID50,SID50,67,2017-03-08 06:05:00,.417,32,2.0891291051742527
MID69,SID69,67,2017-03-08 06:05:00,.833,34,2.3800396900978655
MID68,SID68,67,2017-03-08 06:05:00,.583,30,2.2347114888542543
MID67,SID67,67,2017-03-08 06:05:00,.750,25,2.110250831733493
MID66,SID66,67,2017-03-08 06:05:00,.500,31,2.4651837283450795
MID65,SID65,67,2017-03-08 06:05:00,.750,27,2.24975404304278
MID64,SID64,67,2017-03-08 06:05:00,.667,26,2.2389535172338273
MID63,SID63,67,2017-03-08 06:05:00,.500,27,2.2649327756159834
MID62,SID62,67,2017-03-08 06:05:00,.833,28,2.423619335960952
MID61,SID61,67,2017-03-08 06:05:00,.750,32,2.449295333478083
MID60,SID60,67,2017-03-08 06:05:00,.750,27,2.0696928576548426
MID39,SID39,67,2017-03-08 06:05:00,.667,34,2.3946033175640773
MID38,SID38,67,2017-03-08 06:05:00,.583,33,2.4938087809247023
MID37,SID37,67,2017-03-08 06:05:00,.667,34,2.105063785021415
MID36,SID36,67,2017-03-08 06:05:00,.750,27,2.3442883791186024
MID35,SID35,67,2017-03-08 06:05:00,.750,28,2.437105626793898
MID34,SID34,67,2017-03-08 06:05:00,.417,33,2.216391188264337
MID33,SID33,67,2017-03-08 06:05:00,.833,28,2.0561864876056415
MID32,SID32,67,2017-03-08 06:05:00,.750,28,2.1227553757418
MID31,SID31,67,2017-03-08 06:05:00,.417,31,2.306468047495438
MID30,SID30,67,2017-03-08 06:05:00,.583,26,2.100638269202609
MID49,SID49,67,2017-03-08 06:05:00,.583,25,2.3311041497438647
MID48,SID48,67,2017-03-08 06:05:00,.750,29,2.2349481262937205
MID47,SID47,67,2017-03-08 06:05:00,.583,34,2.0299353058291056
MID46,SID46,67,2017-03-08 06:05:00,.667,30,2.353873078639164
MID45,SID45,67,2017-03-08 06:05:00,.583,25,2.1969809776640052
MID44,SID44,67,2017-03-08 06:05:00,.417,34,2.320266309327942
MID43,SID43,67,2017-03-08 06:05:00,.500,31,2.24483943125113
MID42,SID42,67,2017-03-08 06:05:00,.750,32,2.487697198882435
MID41,SID41,67,2017-03-08 06:05:00,.750,32,2.2531962969318413
MID40,SID40,67,2017-03-08 06:05:00,.833,29,2.4142770034547323
MID19,SID19,67,2017-03-08 06:05:10,.689,33,2.353571578904162
MID18,SID18,67,2017-03-08 06:05:10,.603,32,2.095094790251931
MID17,SID17,67,2017-03-08 06:05:10,.689,25,2.073018175314171
MID16,SID16,67,2017-03-08 06:05:10,.603,26,2.4306242066710273
MID15,SID15,67,2017-03-08 06:05:10,.431,25,2.3661531230524107
MID14,SID14,67,2017-03-08 06:05:10,.689,25,2.3141716326014174
MID13,SID13,67,2017-03-08 06:05:10,.775,34,2.497099945794713
MID12,SID12,67,2017-03-08 06:05:10,.689,29,2.3799168079892494
MID11,SID11,67,2017-03-08 06:05:10,.861,34,2.292985123233973
MID99,SID99,67,2017-03-08 06:05:10,.603,28,2.137054776448756
MID10,SID10,67,2017-03-08 06:05:10,.431,30,2.0211339521507323
MID98,SID98,67,2017-03-08 06:05:10,.775,28,2.495660385326164
MID97,SID97,67,2017-03-08 06:05:10,.431,33,2.1413466913194097
MID96,SID96,67,2017-03-08 06:05:10,.775,33,2.4372254070807275
MID95,SID95,67,2017-03-08 06:05:10,.861,33,2.1279226419987456
MID94,SID94,67,2017-03-08 06:05:10,.861,32,2.445049873228149
MID93,SID93,67,2017-03-08 06:05:10,.861,27,2.0900368266050546
MID92,SID92,67,2017-03-08 06:05:10,.603,28,2.4447661993027285
MID91,SID91,67,2017-03-08 06:05:10,.861,27,2.2637892853453967
MID4,SID4,67,2017-03-08 06:05:10,.431,31,2.49528006158698
MID5,SID5,67,2017-03-08 06:05:10,.689,32,2.1057026772709038
MID6,SID6,67,2017-03-08 06:05:10,.517,29,2.4880987666155074
MID7,SID7,67,2017-03-08 06:05:10,.861,30,2.383914518665613
MID1,SID1,67,2017-03-08 06:05:10,.603,29,2.1383368901789623
MID2,SID2,67,2017-03-08 06:05:10,.861,28,2.1222188998054783
MID3,SID3,67,2017-03-08 06:05:10,.775,28,2.128556209242527
MID29,SID29,67,2017-03-08 06:05:10,.775,28,2.178151777164456
MID28,SID28,67,2017-03-08 06:05:10,.603,25,2.10403994459003
MID27,SID27,67,2017-03-08 06:05:10,.517,29,2.071662425443993
MID26,SID26,67,2017-03-08 06:05:10,.517,26,2.301651425693299
MID8,SID8,67,2017-03-08 06:05:10,.603,31,2.2743566389607146
MID25,SID25,67,2017-03-08 06:05:10,.431,25,2.449787104006412
MID9,SID9,67,2017-03-08 06:05:10,.689,28,2.252942676049455
MID24,SID24,67,2017-03-08 06:05:10,.431,34,2.1068372784261062
MID23,SID23,67,2017-03-08 06:05:10,.689,25,2.441490367433556
MID22,SID22,67,2017-03-08 06:05:10,.603,26,2.0939523487303915
MID21,SID21,67,2017-03-08 06:05:10,.517,33,2.438846107090336
MID20,SID20,67,2017-03-08 06:05:10,.603,32,2.2856558514714562
MID100,SID100,67,2017-03-08 06:05:10,.689,30,2.287744557396933
MID79,SID79,67,2017-03-08 06:05:10,.431,31,2.16803649461732
MID78,SID78,67,2017-03-08 06:05:10,.689,30,2.077723543789105
MID77,SID77,67,2017-03-08 06:05:10,.431,29,2.2670166546494053
MID76,SID76,67,2017-03-08 06:05:10,.517,34,2.277683816945653
MID75,SID75,67,2017-03-08 06:05:10,.603,29,2.064952702873298
MID74,SID74,67,2017-03-08 06:05:10,.689,26,2.0101791990381788
MID73,SID73,67,2017-03-08 06:05:10,.517,32,2.4977531707062037
MID72,SID72,67,2017-03-08 06:05:10,.861,25,2.2807503893360193
MID71,SID71,67,2017-03-08 06:05:10,.517,27,2.3898275240068934
MID70,SID70,67,2017-03-08 06:05:10,.517,33,2.0559703672924665
MID90,SID90,67,2017-03-08 06:05:10,.689,28,2.027210819260125
MID89,SID89,67,2017-03-08 06:05:10,.861,27,2.1631339752525163
MID88,SID88,67,2017-03-08 06:05:10,.689,34,2.0223986129115366
MID87,SID87,67,2017-03-08 06:05:10,.775,29,2.254978031659491
MID86,SID86,67,2017-03-08 06:05:10,.517,27,2.467589558789704
MID85,SID85,67,2017-03-08 06:05:10,.861,34,2.366668313293981
MID84,SID84,67,2017-03-08 06:05:10,.517,32,2.408039453392564
MID83,SID83,67,2017-03-08 06:05:10,.517,30,2.424149241345038
MID82,SID82,67,2017-03-08 06:05:10,.775,27,2.114689554836472
MID81,SID81,67,2017-03-08 06:05:10,.775,29,2.3728667407931825
MID80,SID80,67,2017-03-08 06:05:10,.775,32,2.2078468933715363
MID59,SID59,67,2017-03-08 06:05:10,.517,25,2.138039258197667
MID58,SID58,67,2017-03-08 06:05:10,.517,28,2.276364677778376
MID57,SID57,67,2017-03-08 06:05:10,.861,25,2.2173983486103683
MID56,SID56,67,2017-03-08 06:05:10,.431,25,2.191602735358869
MID55,SID55,67,2017-03-08 06:05:10,.689,25,2.272652474806718
MID54,SID54,67,2017-03-08 06:05:10,.431,25,2.0114895916918067
MID53,SID53,67,2017-03-08 06:05:10,.603,34,2.4744688874511986
MID52,SID52,67,2017-03-08 06:05:10,.861,27,2.1510592817965883
MID51,SID51,67,2017-03-08 06:05:10,.775,25,2.283273724735565
MID50,SID50,67,2017-03-08 06:05:10,.431,33,2.0849450215147747
MID69,SID69,67,2017-03-08 06:05:10,.861,25,2.0965947405706338
MID68,SID68,67,2017-03-08 06:05:10,.603,30,2.0514516433763554
MID67,SID67,67,2017-03-08 06:05:10,.775,31,2.2408192296793183
MID66,SID66,67,2017-03-08 06:05:10,.517,26,2.158671608412539
MID65,SID65,67,2017-03-08 06:05:10,.775,27,2.299934105931318
MID64,SID64,67,2017-03-08 06:05:10,.689,33,2.20736713285469
MID63,SID63,67,2017-03-08 06:05:10,.517,34,2.083138562903245
MID62,SID62,67,2017-03-08 06:05:10,.861,30,2.484027077300764
MID61,SID61,67,2017-03-08 06:05:10,.775,27,2.1508009767085063
MID60,SID60,67,2017-03-08 06:05:10,.775,33,2.2227817429592993
MID39,SID39,67,2017-03-08 06:05:10,.689,27,2.089944650329799
MID38,SID38,67,2017-03-08 06:05:10,.603,29,2.2131581305293624
MID37,SID37,67,2017-03-08 06:05:10,.689,32,2.0888864374335716
MID36,SID36,67,2017-03-08 06:05:10,.775,34,2.4884454004829637
MID35,SID35,67,2017-03-08 06:05:10,.775,33,2.422921148780782
MID34,SID34,67,2017-03-08 06:05:10,.431,33,2.0620802853765667
MID33,SID33,67,2017-03-08 06:05:10,.861,33,2.4761121603326215
MID32,SID32,67,2017-03-08 06:05:10,.775,27,2.016173378529717
MID31,SID31,67,2017-03-08 06:05:10,.431,31,2.250988146927306
MID30,SID30,67,2017-03-08 06:05:10,.603,25,2.239564865207102
MID49,SID49,67,2017-03-08 06:05:10,.603,34,2.184470785510344
MID48,SID48,67,2017-03-08 06:05:10,.775,29,2.381383865007338
MID47,SID47,67,2017-03-08 06:05:10,.603,28,2.037824413603095
MID46,SID46,67,2017-03-08 06:05:10,.689,31,2.4119962485467763
MID45,SID45,67,2017-03-08 06:05:10,.603,25,2.4534922617896573
MID44,SID44,67,2017-03-08 06:05:10,.431,34,2.499059110740074
MID43,SID43,67,2017-03-08 06:05:10,.517,30,2.2019414971154787
MID42,SID42,67,2017-03-08 06:05:10,.775,27,2.306715682774357
MID41,SID41,67,2017-03-08 06:05:10,.775,29,2.3293290125487944
MID40,SID40,67,2017-03-08 06:05:10,.861,29,2.2852238117490318
MID19,SID19,67,2017-03-08 06:05:20,.711,33,2.2123218762248156
MID18,SID18,67,2017-03-08 06:05:20,.622,33,2.4406998288377744
MID17,SID17,67,2017-03-08 06:05:20,.711,27,2.304711276690076
MID16,SID16,67,2017-03-08 06:05:20,.622,28,2.202620919723177
MID15,SID15,67,2017-03-08 06:05:20,.444,31,2.003293562083182
MID14,SID14,67,2017-03-08 06:05:20,.711,31,2.223685788526022
MID13,SID13,67,2017-03-08 06:05:20,.800,30,2.379854873526165
MID12,SID12,67,2017-03-08 06:05:20,.711,34,2.060359514781041
MID11,SID11,67,2017-03-08 06:05:20,.889,29,2.4874452179258735
MID99,SID99,67,2017-03-08 06:05:20,.622,32,2.140522787483883
MID10,SID10,67,2017-03-08 06:05:20,.444,29,2.484517896656069
MID98,SID98,67,2017-03-08 06:05:20,.800,32,2.122312936098697
MID97,SID97,67,2017-03-08 06:05:20,.444,30,2.3570701024496454
MID96,SID96,67,2017-03-08 06:05:20,.800,29,2.364235585820178
MID95,SID95,67,2017-03-08 06:05:20,.889,29,2.25139126296258
MID94,SID94,67,2017-03-08 06:05:20,.889,26,2.1296498084044204
MID93,SID93,67,2017-03-08 06:05:20,.889,25,2.1731291918795144
MID92,SID92,67,2017-03-08 06:05:20,.622,29,2.4149491680650153
MID91,SID91,67,2017-03-08 06:05:20,.889,29,2.395006695145284
MID4,SID4,67,2017-03-08 06:05:20,.444,31,2.2223698276939037
MID5,SID5,67,2017-03-08 06:05:20,.711,34,2.2169741114881045
MID6,SID6,67,2017-03-08 06:05:20,.533,29,2.020426496329841
MID7,SID7,67,2017-03-08 06:05:20,.889,32,2.352888762324832
MID1,SID1,67,2017-03-08 06:05:20,.622,33,2.4561250744088925
MID2,SID2,67,2017-03-08 06:05:20,.889,27,2.3227143533187538
MID3,SID3,67,2017-03-08 06:05:20,.800,25,2.4133595672800556
MID29,SID29,67,2017-03-08 06:05:20,.800,33,2.003222647839939
MID28,SID28,67,2017-03-08 06:05:20,.622,28,2.0375052197524157
MID27,SID27,67,2017-03-08 06:05:20,.533,29,2.014518836119848
MID26,SID26,67,2017-03-08 06:05:20,.533,31,2.3279901808317804
MID8,SID8,67,2017-03-08 06:05:20,.622,26,2.3900155115425346
MID25,SID25,67,2017-03-08 06:05:20,.444,32,2.2285624201832084
MID9,SID9,67,2017-03-08 06:05:20,.711,34,2.3022429434546763
MID24,SID24,67,2017-03-08 06:05:20,.444,28,2.481121228952546
MID23,SID23,67,2017-03-08 06:05:20,.711,28,2.045560374936245
MID22,SID22,67,2017-03-08 06:05:20,.622,26,2.2965167187256528
MID21,SID21,67,2017-03-08 06:05:20,.533,26,2.009455437082908
MID20,SID20,67,2017-03-08 06:05:20,.622,25,2.1459338104463677
MID100,SID100,67,2017-03-08 06:05:20,.711,28,2.1591928633812296
MID79,SID79,67,2017-03-08 06:05:20,.444,32,2.16026778204957
MID78,SID78,67,2017-03-08 06:05:20,.711,33,2.3576635971616398
MID77,SID77,67,2017-03-08 06:05:20,.444,25,2.4266662140031983
MID76,SID76,67,2017-03-08 06:05:20,.533,25,2.3839206349985416
MID75,SID75,67,2017-03-08 06:05:20,.622,30,2.492291844361219
MID74,SID74,67,2017-03-08 06:05:20,.711,34,2.30828536443156
MID73,SID73,67,2017-03-08 06:05:20,.533,25,2.323190514736403
MID72,SID72,67,2017-03-08 06:05:20,.889,26,2.3015669251881854
MID71,SID71,67,2017-03-08 06:05:20,.533,25,2.434412022405285
MID70,SID70,67,2017-03-08 06:05:20,.533,31,2.294620642562638
MID90,SID90,67,2017-03-08 06:05:20,.711,26,2.032524355622364
MID89,SID89,67,2017-03-08 06:05:20,.889,25,2.4508374470858225
MID88,SID88,67,2017-03-08 06:05:20,.711,34,2.404183038832472
MID87,SID87,67,2017-03-08 06:05:20,.800,31,2.3574738446325254
MID86,SID86,67,2017-03-08 06:05:20,.533,29,2.470287239762694
MID85,SID85,67,2017-03-08 06:05:20,.889,25,2.1707320901427813
MID84,SID84,67,2017-03-08 06:05:20,.533,31,2.0237153553314653
MID83,SID83,67,2017-03-08 06:05:20,.533,34,2.3100669967169485
MID82,SID82,67,2017-03-08 06:05:20,.800,27,2.4320520683077294
MID81,SID81,67,2017-03-08 06:05:20,.800,33,2.328751005435204
MID80,SID80,67,2017-03-08 06:05:20,.800,34,2.4803503779718827
MID59,SID59,67,2017-03-08 06:05:20,.533,30,2.0197918843943206
MID58,SID58,67,2017-03-08 06:05:20,.533,26,2.111922340020924
MID57,SID57,67,2017-03-08 06:05:20,.889,29,2.1500104743016584
MID56,SID56,67,2017-03-08 06:05:20,.444,30,2.159815350687057
MID55,SID55,67,2017-03-08 06:05:20,.711,33,2.4576393587967433
MID54,SID54,67,2017-03-08 06:05:20,.444,31,2.210437157246387
MID53,SID53,67,2017-03-08 06:05:20,.622,32,2.293514152499319
MID52,SID52,67,2017-03-08 06:05:20,.889,27,2.4231536237694202
MID51,SID51,67,2017-03-08 06:05:20,.800,33,2.089300309934534
MID50,SID50,67,2017-03-08 06:05:20,.444,29,2.1971524413183605
MID69,SID69,67,2017-03-08 06:05:20,.889,33,2.4152627413083225
MID68,SID68,67,2017-03-08 06:05:20,.622,28,2.3729304428912528
MID67,SID67,67,2017-03-08 06:05:20,.800,25,2.443745376014395
MID66,SID66,67,2017-03-08 06:05:20,.533,34,2.3287598988476863
MID65,SID65,67,2017-03-08 06:05:20,.800,30,2.2517161352369586
MID64,SID64,67,2017-03-08 06:05:20,.711,33,2.4217308758567
MID63,SID63,67,2017-03-08 06:05:20,.533,32,2.214797320378398
MID62,SID62,67,2017-03-08 06:05:20,.889,25,2.06352561947375
MID61,SID61,67,2017-03-08 06:05:20,.800,34,2.306316996126544
MID60,SID60,67,2017-03-08 06:05:20,.800,31,2.20473433893046
MID39,SID39,67,2017-03-08 06:05:20,.711,26,2.439316050196304
MID38,SID38,67,2017-03-08 06:05:20,.622,32,2.299127979665491
MID37,SID37,67,2017-03-08 06:05:20,.711,25,2.453490093550895
MID36,SID36,67,2017-03-08 06:05:20,.800,26,2.1287477862400186
MID35,SID35,67,2017-03-08 06:05:20,.800,30,2.3508909915584386
MID34,SID34,67,2017-03-08 06:05:20,.444,34,2.4012963727731753
MID33,SID33,67,2017-03-08 06:05:20,.889,33,2.294526762328106
MID32,SID32,67,2017-03-08 06:05:20,.800,32,2.409372518133708
MID31,SID31,67,2017-03-08 06:05:20,.444,29,2.058077050428477
MID30,SID30,67,2017-03-08 06:05:20,.622,32,2.4532559667602913
MID49,SID49,67,2017-03-08 06:05:20,.622,33,2.3414664119795217
MID48,SID48,67,2017-03-08 06:05:20,.800,26,2.008623897414739
MID47,SID47,67,2017-03-08 06:05:20,.622,26,2.349523211318375
MID46,SID46,67,2017-03-08 06:05:20,.711,28,2.2761309455228504
MID45,SID45,67,2017-03-08 06:05:20,.622,27,2.326403894150142
MID44,SID44,67,2017-03-08 06:05:20,.444,25,2.3204265202681387
MID43,SID43,67,2017-03-08 06:05:20,.533,30,2.24152197731817
MID42,SID42,67,2017-03-08 06:05:20,.800,25,2.0436999504452844
MID41,SID41,67,2017-03-08 06:05:20,.800,29,2.1482833470407474
MID40,SID40,67,2017-03-08 06:05:20,.889,25,2.4818588258688283
MID19,SID19,67,2017-03-08 06:05:30,.733,32,2.3145085704711534
MID18,SID18,67,2017-03-08 06:05:30,.642,26,2.4376136510129824
MID17,SID17,67,2017-03-08 06:05:30,.733,31,2.403992139555873
MID16,SID16,67,2017-03-08 06:05:30,.642,26,2.2487290732685397
MID15,SID15,67,2017-03-08 06:05:30,.458,31,2.3984800513361835
MID14,SID14,67,2017-03-08 06:05:30,.733,31,2.187818488468656
MID13,SID13,67,2017-03-08 06:05:30,.825,27,2.273107940186097
MID12,SID12,67,2017-03-08 06:05:30,.733,28,2.012529051788305
MID11,SID11,67,2017-03-08 06:05:30,.917,34,2.4467888235961155
MID99,SID99,67,2017-03-08 06:05:30,.642,28,2.4384686406096883
MID10,SID10,67,2017-03-08 06:05:30,.458,32,2.387258555156311
MID98,SID98,67,2017-03-08 06:05:30,.825,31,2.162076637760855
MID97,SID97,67,2017-03-08 06:05:30,.458,27,2.1916833766057398
MID96,SID96,67,2017-03-08 06:05:30,.825,29,2.106846652420111
MID95,SID95,67,2017-03-08 06:05:30,.917,31,2.2302980443990466
MID94,SID94,67,2017-03-08 06:05:30,.917,34,2.044862047378147
MID93,SID93,67,2017-03-08 06:05:30,.917,34,2.065950265288021
MID92,SID92,67,2017-03-08 06:05:30,.642,26,2.4504257435739856
MID91,SID91,67,2017-03-08 06:05:30,.917,29,2.0814893128476193
MID4,SID4,67,2017-03-08 06:05:30,.458,30,2.2294377335833593
MID5,SID5,67,2017-03-08 06:05:30,.733,30,2.222672145029459
MID6,SID6,67,2017-03-08 06:05:30,.550,27,2.3247961642195047
MID7,SID7,67,2017-03-08 06:05:30,.917,33,2.305686207869245
MID1,SID1,67,2017-03-08 06:05:30,.642,29,2.428369826529634
MID2,SID2,67,2017-03-08 06:05:30,.917,28,2.3759463827261853
MID3,SID3,67,2017-03-08 06:05:30,.825,26,2.467246117236944
MID29,SID29,67,2017-03-08 06:05:30,.825,26,2.3509441655323684
MID28,SID28,67,2017-03-08 06:05:30,.642,31,2.364322570953136
MID27,SID27,67,2017-03-08 06:05:30,.550,25,2.387768221035943
MID26,SID26,67,2017-03-08 06:05:30,.550,30,2.3634056125740948
MID8,SID8,67,2017-03-08 06:05:30,.642,30,2.4336397636394143
MID25,SID25,67,2017-03-08 06:05:30,.458,30,2.2280904498354026
MID9,SID9,67,2017-03-08 06:05:30,.733,30,2.331300895043279
MID24,SID24,67,2017-03-08 06:05:30,.458,26,2.00238719117331
MID23,SID23,67,2017-03-08 06:05:30,.733,33,2.3472885808174073
MID22,SID22,67,2017-03-08 06:05:30,.642,31,2.4937085745568695
MID21,SID21,67,2017-03-08 06:05:30,.550,33,2.4939186296240017
MID20,SID20,67,2017-03-08 06:05:30,.642,27,2.052908771885693
MID100,SID100,67,2017-03-08 06:05:30,.733,29,2.0717856679665276
MID79,SID79,67,2017-03-08 06:05:30,.458,33,2.3780614984824613
MID78,SID78,67,2017-03-08 06:05:30,.733,28,2.1562109945253325
MID77,SID77,67,2017-03-08 06:05:30,.458,33,2.3784674082552675
MID76,SID76,67,2017-03-08 06:05:30,.550,26,2.028407107817828
MID75,SID75,67,2017-03-08 06:05:30,.642,30,2.001817981521248
MID74,SID74,67,2017-03-08 06:05:30,.733,30,2.2873927999799637
MID73,SID73,67,2017-03-08 06:05:30,.550,29,2.1029873350887183
MID72,SID72,67,2017-03-08 06:05:30,.917,27,2.1207351295833554
MID71,SID71,67,2017-03-08 06:05:30,.550,33,2.314166772882846
MID70,SID70,67,2017-03-08 06:05:30,.550,29,2.364056183559105
MID90,SID90,67,2017-03-08 06:05:30,.733,32,2.275724559107939
MID89,SID89,67,2017-03-08 06:05:30,.917,32,2.4039362716322366
MID88,SID88,67,2017-03-08 06:05:30,.733,26,2.345246361510174
MID87,SID87,67,2017-03-08 06:05:30,.825,25,2.081474949990965
MID86,SID86,67,2017-03-08 06:05:30,.550,26,2.492473199920351
MID85,SID85,67,2017-03-08 06:05:30,.917,25,2.2167941016372543
MID84,SID84,67,2017-03-08 06:05:30,.550,27,2.114529591407652
MID83,SID83,67,2017-03-08 06:05:30,.550,30,2.38377315898429
MID82,SID82,67,2017-03-08 06:05:30,.825,27,2.3058777230424305
MID81,SID81,67,2017-03-08 06:05:30,.825,25,2.1929411436073707
MID80,SID80,67,2017-03-08 06:05:30,.825,26,2.319551165097996
MID59,SID59,67,2017-03-08 06:05:30,.550,32,2.072045320989577
MID58,SID58,67,2017-03-08 06:05:30,.550,25,2.4991757049674552
MID57,SID57,67,2017-03-08 06:05:30,.917,28,2.338702072895065
MID56,SID56,67,2017-03-08 06:05:30,.458,29,2.251692530682645
MID55,SID55,67,2017-03-08 06:05:30,.733,25,2.1147152841512566
MID54,SID54,67,2017-03-08 06:05:30,.458,26,2.1938780613743756
MID53,SID53,67,2017-03-08 06:05:30,.642,30,2.447174079911654
MID52,SID52,67,2017-03-08 06:05:30,.917,33,2.3901944600295835
MID51,SID51,67,2017-03-08 06:05:30,.825,29,2.496917084440829
MID50,SID50,67,2017-03-08 06:05:30,.458,33,2.238242106192745
MID69,SID69,67,2017-03-08 06:05:30,.917,27,2.1596094216746256
MID68,SID68,67,2017-03-08 06:05:30,.642,33,2.0095367117023004
MID67,SID67,67,2017-03-08 06:05:30,.825,29,2.1268563444551227
MID66,SID66,67,2017-03-08 06:05:30,.550,28,2.0977197841263373
MID65,SID65,67,2017-03-08 06:05:30,.825,32,2.0895971821169264
MID64,SID64,67,2017-03-08 06:05:30,.733,34,2.045625968782546
MID63,SID63,67,2017-03-08 06:05:30,.550,34,2.360767663811836
MID62,SID62,67,2017-03-08 06:05:30,.917,25,2.268178500018958
MID61,SID61,67,2017-03-08 06:05:30,.825,30,2.162638237994558
MID60,SID60,67,2017-03-08 06:05:30,.825,25,2.1417398602665765
MID39,SID39,67,2017-03-08 06:05:30,.733,30,2.1017008350902477
MID38,SID38,67,2017-03-08 06:05:30,.642,28,2.4096362123979516
MID37,SID37,67,2017-03-08 06:05:30,.733,25,2.165505047961429
MID36,SID36,67,2017-03-08 06:05:30,.825,32,2.0508502476823036
MID35,SID35,67,2017-03-08 06:05:30,.825,29,2.2847037178985414
MID34,SID34,67,2017-03-08 06:05:30,.458,29,2.367167347006049
MID33,SID33,67,2017-03-08 06:05:30,.917,31,2.2825866259631025
MID32,SID32,67,2017-03-08 06:05:30,.825,25,2.0402854090116755
MID31,SID31,67,2017-03-08 06:05:30,.458,27,2.370557580396681
MID30,SID30,67,2017-03-08 06:05:30,.642,30,2.1516797365538274
MID49,SID49,67,2017-03-08 06:05:30,.642,33,2.472112246943093
MID48,SID48,67,2017-03-08 06:05:30,.825,33,2.1389432244975106
MID47,SID47,67,2017-03-08 06:05:30,.642,28,2.4038126075882116
MID46,SID46,67,2017-03-08 06:05:30,.733,32,2.3363650052777434
MID45,SID45,67,2017-03-08 06:05:30,.642,29,2.4712688064494475
MID44,SID44,67,2017-03-08 06:05:30,.458,31,2.328721583735485
MID43,SID43,67,2017-03-08 06:05:30,.550,27,2.009642541706043
MID42,SID42,67,2017-03-08 06:05:30,.825,29,2.040520764324152
MID41,SID41,67,2017-03-08 06:05:30,.825,26,2.401747002722064
MID40,SID40,67,2017-03-08 06:05:30,.917,28,2.141249290646137
MID19,SID19,67,2017-03-08 06:05:40,.756,27,2.4176794036987816
MID18,SID18,67,2017-03-08 06:05:40,.661,27,2.4253497108399995
MID17,SID17,67,2017-03-08 06:05:40,.756,29,2.3221486486973495
MID16,SID16,67,2017-03-08 06:05:40,.661,25,2.00190466092431
MID15,SID15,67,2017-03-08 06:05:40,.472,30,2.0254663353781055
MID14,SID14,67,2017-03-08 06:05:40,.756,27,2.045040143576272
MID13,SID13,67,2017-03-08 06:05:40,.850,29,2.4605553829254267
MID12,SID12,67,2017-03-08 06:05:40,.756,31,2.3309051953102777
MID11,SID11,67,2017-03-08 06:05:40,.944,33,2.2044000223683535
MID99,SID99,67,2017-03-08 06:05:40,.661,32,2.190639641581101
MID10,SID10,67,2017-03-08 06:05:40,.472,32,2.371189647942599
MID98,SID98,67,2017-03-08 06:05:40,.850,31,2.3174158265279794
MID97,SID97,67,2017-03-08 06:05:40,.472,33,2.116205298460762
MID96,SID96,67,2017-03-08 06:05:40,.850,25,2.1165079972225826
MID95,SID95,67,2017-03-08 06:05:40,.944,32,2.2365446103540076
MID94,SID94,67,2017-03-08 06:05:40,.944,26,2.3998074222102654
MID93,SID93,67,2017-03-08 06:05:40,.944,25,2.2952219752511995
MID92,SID92,67,2017-03-08 06:05:40,.661,27,2.084086390489013
MID91,SID91,67,2017-03-08 06:05:40,.944,32,2.459336000463848
MID4,SID4,67,2017-03-08 06:05:40,.472,28,2.2575282629699736
MID5,SID5,67,2017-03-08 06:05:40,.756,25,2.305457243216767
MID6,SID6,67,2017-03-08 06:05:40,.567,34,2.4754289112195114
MID7,SID7,67,2017-03-08 06:05:40,.944,31,2.3295690995451093
MID1,SID1,67,2017-03-08 06:05:40,.661,33,2.1911915519378873
MID2,SID2,67,2017-03-08 06:05:40,.944,29,2.2979114087094725
MID3,SID3,67,2017-03-08 06:05:40,.850,34,2.09503903260474
MID29,SID29,67,2017-03-08 06:05:40,.850,31,2.184930576387574
MID28,SID28,67,2017-03-08 06:05:40,.661,30,2.4304859478680467
MID27,SID27,67,2017-03-08 06:05:40,.567,28,2.0302217598038235
MID26,SID26,67,2017-03-08 06:05:40,.567,30,2.491430997044209
MID8,SID8,67,2017-03-08 06:05:40,.661,28,2.1745502764206757
MID25,SID25,67,2017-03-08 06:05:40,.472,26,2.3239694951126615
MID9,SID9,67,2017-03-08 06:05:40,.756,29,2.0862515274208984
MID24,SID24,67,2017-03-08 06:05:40,.472,26,2.247353771035936
MID23,SID23,67,2017-03-08 06:05:40,.756,34,2.1510043906546312
MID22,SID22,67,2017-03-08 06:05:40,.661,26,2.209684148165413
MID21,SID21,67,2017-03-08 06:05:40,.567,29,2.161671272899313
MID20,SID20,67,2017-03-08 06:05:40,.661,32,2.3925505316385163
MID100,SID100,67,2017-03-08 06:05:40,.756,32,2.192435995244678
MID79,SID79,67,2017-03-08 06:05:40,.472,26,2.3587181808452042
MID78,SID78,67,2017-03-08 06:05:40,.756,26,2.1830059577010266
MID77,SID77,67,2017-03-08 06:05:40,.472,28,2.011472197458052
MID76,SID76,67,2017-03-08 06:05:40,.567,31,2.2011340768088212
MID75,SID75,67,2017-03-08 06:05:40,.661,31,2.3205384369475426
MID74,SID74,67,2017-03-08 06:05:40,.756,33,2.0332784121998335
MID73,SID73,67,2017-03-08 06:05:40,.567,31,2.082665813294392
MID72,SID72,67,2017-03-08 06:05:40,.944,25,2.4218095704277554
MID71,SID71,67,2017-03-08 06:05:40,.567,26,2.423510963323982
MID70,SID70,67,2017-03-08 06:05:40,.567,34,2.0516387438811066
MID90,SID90,67,2017-03-08 06:05:40,.756,28,2.3022135435107502
MID89,SID89,67,2017-03-08 06:05:40,.944,30,2.312019988242557
MID88,SID88,67,2017-03-08 06:05:40,.756,33,2.177466242987475
MID87,SID87,67,2017-03-08 06:05:40,.850,27,2.18097030303859
MID86,SID86,67,2017-03-08 06:05:40,.567,28,2.2561366447844486
MID85,SID85,67,2017-03-08 06:05:40,.944,32,2.0204094887300323
MID84,SID84,67,2017-03-08 06:05:40,.567,27,2.380063997218002
MID83,SID83,67,2017-03-08 06:05:40,.567,27,2.2117029338061287
MID82,SID82,67,2017-03-08 06:05:40,.850,30,2.41031637033181
MID81,SID81,67,2017-03-08 06:05:40,.850,26,2.4560976014244953
MID80,SID80,67,2017-03-08 06:05:40,.850,26,2.3503097372952
MID59,SID59,67,2017-03-08 06:05:40,.567,32,2.1818106444665153
MID58,SID58,67,2017-03-08 06:05:40,.567,29,2.1808368976867016
MID57,SID57,67,2017-03-08 06:05:40,.944,25,2.1565213533253322
MID56,SID56,67,2017-03-08 06:05:40,.472,26,2.0732234114886596
MID55,SID55,67,2017-03-08 06:05:40,.756,30,2.1247263612607274
MID54,SID54,67,2017-03-08 06:05:40,.472,30,2.2764042531348165
MID53,SID53,67,2017-03-08 06:05:40,.661,26,2.3632518009744046
MID52,SID52,67,2017-03-08 06:05:40,.944,29,2.1367329538407644
MID51,SID51,67,2017-03-08 06:05:40,.850,27,2.087846601967509
MID50,SID50,67,2017-03-08 06:05:40,.472,32,2.1898510017276407
MID69,SID69,67,2017-03-08 06:05:40,.944,29,2.1183741390194655
MID68,SID68,67,2017-03-08 06:05:40,.661,30,2.3972868789297537
MID67,SID67,67,2017-03-08 06:05:40,.850,32,2.496827304672303
MID66,SID66,67,2017-03-08 06:05:40,.567,34,2.055341517258717
MID65,SID65,67,2017-03-08 06:05:40,.850,32,2.1721250670116414
MID64,SID64,67,2017-03-08 06:05:40,.756,30,2.353982707441034
MID63,SID63,67,2017-03-08 06:05:40,.567,26,2.203278802340859
MID62,SID62,67,2017-03-08 06:05:40,.944,25,2.4685849957537087
MID61,SID61,67,2017-03-08 06:05:40,.850,29,2.1111403444641867
MID60,SID60,67,2017-03-08 06:05:40,.850,31,2.09169398954184
MID39,SID39,67,2017-03-08 06:05:40,.756,27,2.3795179534326936
MID38,SID38,67,2017-03-08 06:05:40,.661,28,2.207252124248879
MID37,SID37,67,2017-03-08 06:05:40,.756,30,2.174891485461979
MID36,SID36,67,2017-03-08 06:05:40,.850,26,2.223786826222664
MID35,SID35,67,2017-03-08 06:05:40,.850,31,2.4025330494918435
MID34,SID34,67,2017-03-08 06:05:40,.472,30,2.3567767153830355
MID33,SID33,67,2017-03-08 06:05:40,.944,30,2.1423181365126114
MID32,SID32,67,2017-03-08 06:05:40,.850,32,2.1724660839647387
MID31,SID31,67,2017-03-08 06:05:40,.472,25,2.3207068527651815
MID30,SID30,67,2017-03-08 06:05:40,.661,31,2.29960090795699
MID49,SID49,67,2017-03-08 06:05:40,.661,34,2.2915091844548137
MID48,SID48,67,2017-03-08 06:05:40,.850,25,2.44027841827217
MID47,SID47,67,2017-03-08 06:05:40,.661,32,2.29768619760972
MID46,SID46,67,2017-03-08 06:05:40,.756,34,2.272616896357233
MID45,SID45,67,2017-03-08 06:05:40,.661,29,2.299828951736561
MID44,SID44,67,2017-03-08 06:05:40,.472,31,2.1259059836270064
MID43,SID43,67,2017-03-08 06:05:40,.567,30,2.0123137127233504
MID42,SID42,67,2017-03-08 06:05:40,.850,28,2.1205367438714933
MID41,SID41,67,2017-03-08 06:05:40,.850,29,2.3100925035196234
MID40,SID40,67,2017-03-08 06:05:40,.944,33,2.3357282897185034
MID19,SID19,67,2017-03-08 06:05:50,.778,31,2.2325779614046874
MID18,SID18,67,2017-03-08 06:05:50,.681,31,2.1355418080514403
MID17,SID17,67,2017-03-08 06:05:50,.778,25,2.450411409833884
MID16,SID16,67,2017-03-08 06:05:50,.681,25,2.0856522823280654
MID15,SID15,67,2017-03-08 06:05:50,.486,32,2.085460471193368
MID14,SID14,67,2017-03-08 06:05:50,.778,26,2.1927559708933217
MID13,SID13,67,2017-03-08 06:05:50,.875,25,2.2269185721630578
MID12,SID12,67,2017-03-08 06:05:50,.778,32,2.1756414301157196
MID11,SID11,67,2017-03-08 06:05:50,.972,26,2.074451479634993
MID99,SID99,67,2017-03-08 06:05:50,.681,29,2.319415698483375
MID10,SID10,67,2017-03-08 06:05:50,.486,30,2.403416544741961
MID98,SID98,67,2017-03-08 06:05:50,.875,33,2.4027765969653934
MID97,SID97,67,2017-03-08 06:05:50,.486,29,2.4284307395178297
MID96,SID96,67,2017-03-08 06:05:50,.875,33,2.231040213018221
MID95,SID95,67,2017-03-08 06:05:50,.972,33,2.452941840386175
MID94,SID94,67,2017-03-08 06:05:50,.972,26,2.032839272571035
MID93,SID93,67,2017-03-08 06:05:50,.972,31,2.437668310553099
MID92,SID92,67,2017-03-08 06:05:50,.681,33,2.417582922058677
MID91,SID91,67,2017-03-08 06:05:50,.972,27,2.2066512937319143
MID4,SID4,67,2017-03-08 06:05:50,.486,32,2.3694969173630374
MID5,SID5,67,2017-03-08 06:05:50,.778,31,2.077776133953473
MID6,SID6,67,2017-03-08 06:05:50,.583,25,2.1973693394740126
MID7,SID7,67,2017-03-08 06:05:50,.972,32,2.455080676306725
MID1,SID1,67,2017-03-08 06:05:50,.681,26,2.219031486490322
MID2,SID2,67,2017-03-08 06:05:50,.972,25,2.323558025771404
MID3,SID3,67,2017-03-08 06:05:50,.875,32,2.254213096377222
MID29,SID29,67,2017-03-08 06:05:50,.875,26,2.453448427693671
MID28,SID28,67,2017-03-08 06:05:50,.681,25,2.0364928821193717
MID27,SID27,67,2017-03-08 06:05:50,.583,29,2.364197126949128
MID26,SID26,67,2017-03-08 06:05:50,.583,27,2.3282982220606256
MID8,SID8,67,2017-03-08 06:05:50,.681,25,2.3290414998353968
MID25,SID25,67,2017-03-08 06:05:50,.486,31,2.289667880441589
MID9,SID9,67,2017-03-08 06:05:50,.778,33,2.307978570785113
MID24,SID24,67,2017-03-08 06:05:50,.486,30,2.190472990985897
MID23,SID23,67,2017-03-08 06:05:50,.778,25,2.4083884963380235
MID22,SID22,67,2017-03-08 06:05:50,.681,34,2.0040218412961375
MID21,SID21,67,2017-03-08 06:05:50,.583,29,2.0136459809576386
MID20,SID20,67,2017-03-08 06:05:50,.681,28,2.3816589617363904
MID100,SID100,67,2017-03-08 06:05:50,.778,29,2.291271695368033
MID79,SID79,67,2017-03-08 06:05:50,.486,25,2.1083970699235968
MID78,SID78,67,2017-03-08 06:05:50,.778,32,2.362079272025981
MID77,SID77,67,2017-03-08 06:05:50,.486,32,2.1563435897218923
MID76,SID76,67,2017-03-08 06:05:50,.583,34,2.464213777821723
MID75,SID75,67,2017-03-08 06:05:50,.681,29,2.3497907010365098
MID74,SID74,67,2017-03-08 06:05:50,.778,34,2.4062646084853925
MID73,SID73,67,2017-03-08 06:05:50,.583,31,2.3030439342760736
MID72,SID72,67,2017-03-08 06:05:50,.972,33,2.48921832910872
MID71,SID71,67,2017-03-08 06:05:50,.583,26,2.389754734531613
MID70,SID70,67,2017-03-08 06:05:50,.583,32,2.1758697221195904
MID90,SID90,67,2017-03-08 06:05:50,.778,34,2.2554598133767816
MID89,SID89,67,2017-03-08 06:05:50,.972,34,2.1132159496593967
MID88,SID88,67,2017-03-08 06:05:50,.778,28,2.021054426346883
MID87,SID87,67,2017-03-08 06:05:50,.875,25,2.1609667580146343
MID86,SID86,67,2017-03-08 06:05:50,.583,34,2.36959481609263
MID85,SID85,67,2017-03-08 06:05:50,.972,34,2.197685406988285
MID84,SID84,67,2017-03-08 06:05:50,.583,31,2.414858809659954
MID83,SID83,67,2017-03-08 06:05:50,.583,33,2.139046055301798
MID82,SID82,67,2017-03-08 06:05:50,.875,30,2.1732185247811047
MID81,SID81,67,2017-03-08 06:05:50,.875,27,2.186383775248335
MID80,SID80,67,2017-03-08 06:05:50,.875,25,2.0198508348379742
MID59,SID59,67,2017-03-08 06:05:50,.583,28,2.272333181433236
MID58,SID58,67,2017-03-08 06:05:50,.583,32,2.277886461935943
MID57,SID57,67,2017-03-08 06:05:50,.972,29,2.4389727043167144
MID56,SID56,67,2017-03-08 06:05:50,.486,26,2.4895927689046307
MID55,SID55,67,2017-03-08 06:05:50,.778,27,2.3238860338791283
MID54,SID54,67,2017-03-08 06:05:50,.486,33,2.0193513284788183
MID53,SID53,67,2017-03-08 06:05:50,.681,29,2.0216431832437523
MID52,SID52,67,2017-03-08 06:05:50,.972,34,2.025635364587008
MID51,SID51,67,2017-03-08 06:05:50,.875,33,2.1306047281304483
MID50,SID50,67,2017-03-08 06:05:50,.486,27,2.3699942069495563
MID69,SID69,67,2017-03-08 06:05:50,.972,26,2.0660958754602734
MID68,SID68,67,2017-03-08 06:05:50,.681,34,2.2439377597238432
MID67,SID67,67,2017-03-08 06:05:50,.875,33,2.0985106407747023
MID66,SID66,67,2017-03-08 06:05:50,.583,30,2.4921199148417115
MID65,SID65,67,2017-03-08 06:05:50,.875,33,2.009391104390848
MID64,SID64,67,2017-03-08 06:05:50,.778,33,2.3813847795725804
MID63,SID63,67,2017-03-08 06:05:50,.583,25,2.419181526737235
MID62,SID62,67,2017-03-08 06:05:50,.972,27,2.2239115905215567
MID61,SID61,67,2017-03-08 06:05:50,.875,28,2.421879945003849
MID60,SID60,67,2017-03-08 06:05:50,.875,25,2.369388369006658
MID39,SID39,67,2017-03-08 06:05:50,.778,29,2.1251189716222267
MID38,SID38,67,2017-03-08 06:05:50,.681,31,2.4734652551095033
MID37,SID37,67,2017-03-08 06:05:50,.778,25,2.179714021529879
MID36,SID36,67,2017-03-08 06:05:50,.875,27,2.311052418141324
MID35,SID35,67,2017-03-08 06:05:50,.875,32,2.1952835224886673
MID34,SID34,67,2017-03-08 06:05:50,.486,25,2.02686299089869
MID33,SID33,67,2017-03-08 06:05:50,.972,32,2.311510469530771
MID32,SID32,67,2017-03-08 06:05:50,.875,30,2.0544438479726423
MID31,SID31,67,2017-03-08 06:05:50,.486,30,2.176087315467781
MID30,SID30,67,2017-03-08 06:05:50,.681,27,2.151979381098596
MID49,SID49,67,2017-03-08 06:05:50,.681,28,2.4048098912654146
MID48,SID48,67,2017-03-08 06:05:50,.875,25,2.335870389297282
MID47,SID47,67,2017-03-08 06:05:50,.681,32,2.2660608599779533
MID46,SID46,67,2017-03-08 06:05:50,.778,34,2.1320339707975577
MID45,SID45,67,2017-03-08 06:05:50,.681,31,2.2340326419033034
MID44,SID44,67,2017-03-08 06:05:50,.486,34,2.1305621601610927
MID43,SID43,67,2017-03-08 06:05:50,.583,25,2.0779088254690046
MID42,SID42,67,2017-03-08 06:05:50,.875,26,2.3790391845642906
MID41,SID41,67,2017-03-08 06:05:50,.875,30,2.48226046233557
MID40,SID40,67,2017-03-08 06:05:50,.972,29,2.2443371111495862
MID19,SID19,67,2017-03-08 06:06:00,.800,25,2.2308015529753837
MID18,SID18,67,2017-03-08 06:06:00,.700,26,2.4145717840117116
MID17,SID17,67,2017-03-08 06:06:00,.800,25,2.29783510480161
MID16,SID16,67,2017-03-08 06:06:00,.700,26,2.028155310966024
MID15,SID15,67,2017-03-08 06:06:00,.500,31,2.196354221143773
MID14,SID14,67,2017-03-08 06:06:00,.800,33,2.0354211875563717
MID13,SID13,67,2017-03-08 06:06:00,.900,31,2.4136494757044313
MID12,SID12,67,2017-03-08 06:06:00,.800,29,2.1331888012458644
MID11,SID11,67,2017-03-08 06:06:00,1.000,33,2.2433800381676816
MID99,SID99,67,2017-03-08 06:06:00,.700,27,2.352480519766016
MID10,SID10,67,2017-03-08 06:06:00,.500,28,2.197004364661409
MID98,SID98,67,2017-03-08 06:06:00,.900,30,2.1627598059835824
MID97,SID97,67,2017-03-08 06:06:00,.500,27,2.109293230097168
MID96,SID96,67,2017-03-08 06:06:00,.900,31,2.162386600693212
MID95,SID95,67,2017-03-08 06:06:00,1.000,34,2.242920583145397
MID94,SID94,67,2017-03-08 06:06:00,1.000,26,2.0792123687767434
MID93,SID93,67,2017-03-08 06:06:00,1.000,34,2.1211748203586325
MID92,SID92,67,2017-03-08 06:06:00,.700,32,2.150253688569527
MID91,SID91,67,2017-03-08 06:06:00,1.000,25,2.0875908821528375
MID4,SID4,67,2017-03-08 06:06:00,.500,30,2.0977178846999793
MID5,SID5,67,2017-03-08 06:06:00,.800,29,2.3924546677959424
MID6,SID6,67,2017-03-08 06:06:00,.600,25,2.2477973120691237
MID7,SID7,67,2017-03-08 06:06:00,1.000,30,2.0128156086307296
MID1,SID1,67,2017-03-08 06:06:00,.700,32,2.040853994844546
MID2,SID2,67,2017-03-08 06:06:00,1.000,29,2.469540866903225
MID3,SID3,67,2017-03-08 06:06:00,.900,31,2.3180706633354653
MID29,SID29,67,2017-03-08 06:06:00,.900,27,2.4956417262786372
MID28,SID28,67,2017-03-08 06:06:00,.700,25,2.2003416977517585
MID27,SID27,67,2017-03-08 06:06:00,.600,26,2.3850214360971305
MID26,SID26,67,2017-03-08 06:06:00,.600,28,2.1076749107014665
MID8,SID8,67,2017-03-08 06:06:00,.700,34,2.076693194128426
MID25,SID25,67,2017-03-08 06:06:00,.500,30,2.260341798865539
MID9,SID9,67,2017-03-08 06:06:00,.800,31,2.295505043596469
MID24,SID24,67,2017-03-08 06:06:00,.500,34,2.1895404622920522
MID23,SID23,67,2017-03-08 06:06:00,.800,34,2.405499385740857
MID22,SID22,67,2017-03-08 06:06:00,.700,29,2.162822634441484
MID21,SID21,67,2017-03-08 06:06:00,.600,27,2.4277646210816997
MID20,SID20,67,2017-03-08 06:06:00,.700,33,2.468987439064841
MID100,SID100,67,2017-03-08 06:06:00,.800,30,2.4453155140967153
MID79,SID79,67,2017-03-08 06:06:00,.500,27,2.2522446937054275
MID78,SID78,67,2017-03-08 06:06:00,.800,26,2.224875698563123
MID77,SID77,67,2017-03-08 06:06:00,.500,31,2.2999226967225708
MID76,SID76,67,2017-03-08 06:06:00,.600,32,2.485148646347762
MID75,SID75,67,2017-03-08 06:06:00,.700,25,2.3002786864927094
MID74,SID74,67,2017-03-08 06:06:00,.800,27,2.327926074477463
MID73,SID73,67,2017-03-08 06:06:00,.600,34,2.0928179910175255
MID72,SID72,67,2017-03-08 06:06:00,1.000,31,2.180954162132622
MID71,SID71,67,2017-03-08 06:06:00,.600,30,2.2457186525250523
MID70,SID70,67,2017-03-08 06:06:00,.600,27,2.4531256176179954
MID90,SID90,67,2017-03-08 06:06:00,.800,30,2.0490959886848974
MID89,SID89,67,2017-03-08 06:06:00,1.000,25,2.227004698058492
MID88,SID88,67,2017-03-08 06:06:00,.800,34,2.2804848722040445
MID87,SID87,67,2017-03-08 06:06:00,.900,28,2.4539887541991985
MID86,SID86,67,2017-03-08 06:06:00,.600,31,2.3180895671263158
MID85,SID85,67,2017-03-08 06:06:00,1.000,26,2.2615871523114746
MID84,SID84,67,2017-03-08 06:06:00,.600,30,2.0560580408126077
MID83,SID83,67,2017-03-08 06:06:00,.600,30,2.358806651662852
MID82,SID82,67,2017-03-08 06:06:00,.900,28,2.0601642427748668
MID81,SID81,67,2017-03-08 06:06:00,.900,29,2.137359945832556
MID80,SID80,67,2017-03-08 06:06:00,.900,26,2.3050046877453543
MID59,SID59,67,2017-03-08 06:06:00,.600,33,2.471372300132404
MID58,SID58,67,2017-03-08 06:06:00,.600,26,2.2179391085928657
MID57,SID57,67,2017-03-08 06:06:00,1.000,26,2.384647765954973
MID56,SID56,67,2017-03-08 06:06:00,.500,25,2.4478036670498233
MID55,SID55,67,2017-03-08 06:06:00,.800,30,2.4167066977267555
MID54,SID54,67,2017-03-08 06:06:00,.500,27,2.091308918039848
MID53,SID53,67,2017-03-08 06:06:00,.700,25,2.0377199608953878
MID52,SID52,67,2017-03-08 06:06:00,1.000,28,2.3276829336112907
MID51,SID51,67,2017-03-08 06:06:00,.900,31,2.009340113451025
MID50,SID50,67,2017-03-08 06:06:00,.500,31,2.4029526048295757
MID69,SID69,67,2017-03-08 06:06:00,1.000,33,2.479148033536455
MID68,SID68,67,2017-03-08 06:06:00,.700,28,2.3267728123339646
MID67,SID67,67,2017-03-08 06:06:00,.900,34,2.0374695195552333
MID66,SID66,67,2017-03-08 06:06:00,.600,26,2.103284062282175
MID65,SID65,67,2017-03-08 06:06:00,.900,28,2.442862017001174
MID64,SID64,67,2017-03-08 06:06:00,.800,28,2.4373372154339683
MID63,SID63,67,2017-03-08 06:06:00,.600,30,2.408009415753678
MID62,SID62,67,2017-03-08 06:06:00,1.000,28,2.2244046767379086
MID61,SID61,67,2017-03-08 06:06:00,.900,30,2.2664165680668495
MID60,SID60,67,2017-03-08 06:06:00,.900,32,2.163487900959416
MID39,SID39,67,2017-03-08 06:06:00,.800,31,2.111366539457557
MID38,SID38,67,2017-03-08 06:06:00,.700,33,2.0553774791076873
MID37,SID37,67,2017-03-08 06:06:00,.800,30,2.086544041151701
MID36,SID36,67,2017-03-08 06:06:00,.900,28,2.378144563852418
MID35,SID35,67,2017-03-08 06:06:00,.900,31,2.430744101198536
MID34,SID34,67,2017-03-08 06:06:00,.500,31,2.0291519774624467
MID33,SID33,67,2017-03-08 06:06:00,1.000,32,2.018730871218149
MID32,SID32,67,2017-03-08 06:06:00,.900,28,2.4465966671667556
MID31,SID31,67,2017-03-08 06:06:00,.500,28,2.4052661849171977
MID30,SID30,67,2017-03-08 06:06:00,.700,28,2.26492324417947
MID49,SID49,67,2017-03-08 06:06:00,.700,29,2.4304918300794944
MID48,SID48,67,2017-03-08 06:06:00,.900,34,2.2182806828427757
MID47,SID47,67,2017-03-08 06:06:00,.700,30,2.300699956327061
MID46,SID46,67,2017-03-08 06:06:00,.800,32,2.406962144612588
MID45,SID45,67,2017-03-08 06:06:00,.700,25,2.3480654631584343
MID44,SID44,67,2017-03-08 06:06:00,.500,30,2.3361705857176718
MID43,SID43,67,2017-03-08 06:06:00,.600,33,2.3587951956446234
MID42,SID42,67,2017-03-08 06:06:00,.900,29,2.1386902364244675
MID41,SID41,67,2017-03-08 06:06:00,.900,26,2.191900288963204
MID40,SID40,67,2017-03-08 06:06:00,1.000,28,2.1061955796458016
MID19,SID19,67,2017-03-08 06:06:10,.822,27,2.0139053238590376
MID18,SID18,67,2017-03-08 06:06:10,.719,30,2.057491298658794
MID17,SID17,67,2017-03-08 06:06:10,.822,27,2.2080609964057376
MID16,SID16,67,2017-03-08 06:06:10,.719,27,2.1402824129745355
MID15,SID15,67,2017-03-08 06:06:10,.514,30,2.2380124833917425
MID14,SID14,67,2017-03-08 06:06:10,.822,31,2.324763590076254
MID13,SID13,67,2017-03-08 06:06:10,.925,25,2.0988085000204046
MID12,SID12,67,2017-03-08 06:06:10,.822,34,2.1248370014611377
MID11,SID11,67,2017-03-08 06:06:10,1.028,33,2.1027062557773437
MID99,SID99,67,2017-03-08 06:06:10,.719,25,2.476784335954814
MID10,SID10,67,2017-03-08 06:06:10,.514,27,2.09255782624317
MID98,SID98,67,2017-03-08 06:06:10,.925,27,2.3703661427102034
MID97,SID97,67,2017-03-08 06:06:10,.514,27,2.475753478790647
MID96,SID96,67,2017-03-08 06:06:10,.925,29,2.4827382593582374
MID95,SID95,67,2017-03-08 06:06:10,1.028,33,2.494261495848031
MID94,SID94,67,2017-03-08 06:06:10,1.028,31,2.3259475028477263
MID93,SID93,67,2017-03-08 06:06:10,1.028,25,2.387195424550204
MID92,SID92,67,2017-03-08 06:06:10,.719,28,2.4640776179881296
MID91,SID91,67,2017-03-08 06:06:10,1.028,33,2.1864228019266987
MID4,SID4,67,2017-03-08 06:06:10,.514,26,2.3269298273959107
MID5,SID5,67,2017-03-08 06:06:10,.822,34,2.162815491445919
MID6,SID6,67,2017-03-08 06:06:10,.617,29,2.240934144202447
MID7,SID7,67,2017-03-08 06:06:10,1.028,29,2.0190405164461938
MID1,SID1,67,2017-03-08 06:06:10,.719,31,2.4000135152393787
MID2,SID2,67,2017-03-08 06:06:10,1.028,34,2.376232985536905
MID3,SID3,67,2017-03-08 06:06:10,.925,33,2.096450159568079
MID29,SID29,67,2017-03-08 06:06:10,.925,25,2.107045969817377
MID28,SID28,67,2017-03-08 06:06:10,.719,28,2.3403109635354507
MID27,SID27,67,2017-03-08 06:06:10,.617,30,2.4447893339521944
MID26,SID26,67,2017-03-08 06:06:10,.617,27,2.4241833946059748
MID8,SID8,67,2017-03-08 06:06:10,.719,29,2.1815260149710114
MID25,SID25,67,2017-03-08 06:06:10,.514,34,2.3761104807649227
MID9,SID9,67,2017-03-08 06:06:10,.822,28,2.396125972646452
MID24,SID24,67,2017-03-08 06:06:10,.514,31,2.1641536454732546
MID23,SID23,67,2017-03-08 06:06:10,.822,33,2.0959068357143096
MID22,SID22,67,2017-03-08 06:06:10,.719,29,2.2050628465115687
MID21,SID21,67,2017-03-08 06:06:10,.617,29,2.1472787063551677
MID20,SID20,67,2017-03-08 06:06:10,.719,34,2.134510424366564
MID100,SID100,67,2017-03-08 06:06:10,.822,25,2.2163124671272785
MID79,SID79,67,2017-03-08 06:06:10,.514,33,2.187562143188702
MID78,SID78,67,2017-03-08 06:06:10,.822,29,2.1259569155608706
MID77,SID77,67,2017-03-08 06:06:10,.514,25,2.315623997723182
MID76,SID76,67,2017-03-08 06:06:10,.617,26,2.470285297855263
MID75,SID75,67,2017-03-08 06:06:10,.719,29,2.336921454521601
MID74,SID74,67,2017-03-08 06:06:10,.822,27,2.079984950447513
MID73,SID73,67,2017-03-08 06:06:10,.617,31,2.4407818025311467
MID72,SID72,67,2017-03-08 06:06:10,1.028,29,2.353382410620681
MID71,SID71,67,2017-03-08 06:06:10,.617,27,2.13542878467262
MID70,SID70,67,2017-03-08 06:06:10,.617,29,2.009396345605113
MID90,SID90,67,2017-03-08 06:06:10,.822,34,2.4485095216630723
MID89,SID89,67,2017-03-08 06:06:10,1.028,30,2.462481955878269
MID88,SID88,67,2017-03-08 06:06:10,.822,32,2.105267794390257
MID87,SID87,67,2017-03-08 06:06:10,.925,27,2.114852631575603
MID86,SID86,67,2017-03-08 06:06:10,.617,33,2.4486629856479882
MID85,SID85,67,2017-03-08 06:06:10,1.028,28,2.459244569200416
MID84,SID84,67,2017-03-08 06:06:10,.617,25,2.0393669945871347
MID83,SID83,67,2017-03-08 06:06:10,.617,34,2.4653188123252834
MID82,SID82,67,2017-03-08 06:06:10,.925,30,2.1290255588139257
MID81,SID81,67,2017-03-08 06:06:10,.925,34,2.459182901201499
MID80,SID80,67,2017-03-08 06:06:10,.925,30,2.139031660906684
MID59,SID59,67,2017-03-08 06:06:10,.617,31,2.4159963062066003
MID58,SID58,67,2017-03-08 06:06:10,.617,25,2.3734987555259863
MID57,SID57,67,2017-03-08 06:06:10,1.028,28,2.15970248053528
MID56,SID56,67,2017-03-08 06:06:10,.514,32,2.1979303499755356
MID55,SID55,67,2017-03-08 06:06:10,.822,27,2.227187387900012
MID54,SID54,67,2017-03-08 06:06:10,.514,31,2.232289601872788
MID53,SID53,67,2017-03-08 06:06:10,.719,31,2.1346169234332955
MID52,SID52,67,2017-03-08 06:06:10,1.028,33,2.0195423416525795
MID51,SID51,67,2017-03-08 06:06:10,.925,26,2.386465490137439
MID50,SID50,67,2017-03-08 06:06:10,.514,29,2.1956118149258743
MID69,SID69,67,2017-03-08 06:06:10,1.028,34,2.4580704893648075
MID68,SID68,67,2017-03-08 06:06:10,.719,28,2.202820243093177
MID67,SID67,67,2017-03-08 06:06:10,.925,27,2.433289314935992
MID66,SID66,67,2017-03-08 06:06:10,.617,30,2.307670157419142
MID65,SID65,67,2017-03-08 06:06:10,.925,34,2.041551169627553
MID64,SID64,67,2017-03-08 06:06:10,.822,33,2.0563199996140695
MID63,SID63,67,2017-03-08 06:06:10,.617,29,2.324274839059931
MID62,SID62,67,2017-03-08 06:06:10,1.028,26,2.0137897634271336
MID61,SID61,67,2017-03-08 06:06:10,.925,33,2.1011197128988908
MID60,SID60,67,2017-03-08 06:06:10,.925,30,2.2890650515356015
MID39,SID39,67,2017-03-08 06:06:10,.822,33,2.4281363809057175
MID38,SID38,67,2017-03-08 06:06:10,.719,25,2.0440419789678077
MID37,SID37,67,2017-03-08 06:06:10,.822,32,2.439677179878647
MID36,SID36,67,2017-03-08 06:06:10,.925,32,2.438476470632503
MID35,SID35,67,2017-03-08 06:06:10,.925,33,2.307019197846716
MID34,SID34,67,2017-03-08 06:06:10,.514,25,2.246266272033813
MID33,SID33,67,2017-03-08 06:06:10,1.028,34,2.3337298503388073
MID32,SID32,67,2017-03-08 06:06:10,.925,34,2.091034442249073
MID31,SID31,67,2017-03-08 06:06:10,.514,31,2.090381148748622
MID30,SID30,67,2017-03-08 06:06:10,.719,32,2.1700280586308374
MID49,SID49,67,2017-03-08 06:06:10,.719,25,2.3161664519301115
MID48,SID48,67,2017-03-08 06:06:10,.925,33,2.0598106549485427
MID47,SID47,67,2017-03-08 06:06:10,.719,30,2.0909099443525774
MID46,SID46,67,2017-03-08 06:06:10,.822,33,2.097887192645225
MID45,SID45,67,2017-03-08 06:06:10,.719,32,2.3385659856798964
MID44,SID44,67,2017-03-08 06:06:10,.514,34,2.207361312034992
MID43,SID43,67,2017-03-08 06:06:10,.617,31,2.3489321222430997
MID42,SID42,67,2017-03-08 06:06:10,.925,30,2.437124423559486
MID41,SID41,67,2017-03-08 06:06:10,.925,31,2.236123968971604
MID40,SID40,67,2017-03-08 06:06:10,1.028,34,2.3717191151623314
MID19,SID19,67,2017-03-08 06:06:20,.844,27,2.2782748325664457
MID18,SID18,67,2017-03-08 06:06:20,.739,27,2.18989064005935
MID17,SID17,67,2017-03-08 06:06:20,.844,34,2.3761800168891947
MID16,SID16,67,2017-03-08 06:06:20,.739,27,2.490314580092801
MID15,SID15,67,2017-03-08 06:06:20,.528,26,2.2084407333340526
MID14,SID14,67,2017-03-08 06:06:20,.844,32,2.491530316105909
MID13,SID13,67,2017-03-08 06:06:20,.950,34,2.21336923507542
MID12,SID12,67,2017-03-08 06:06:20,.844,31,2.42633321278782
MID11,SID11,67,2017-03-08 06:06:20,1.056,29,2.448789346161028
MID99,SID99,67,2017-03-08 06:06:20,.739,34,2.119815031508913
MID10,SID10,67,2017-03-08 06:06:20,.528,25,2.2082142886695624
MID98,SID98,67,2017-03-08 06:06:20,.950,32,2.3569237274212504
MID97,SID97,67,2017-03-08 06:06:20,.528,32,2.112085194665873
MID96,SID96,67,2017-03-08 06:06:20,.950,25,2.021691902163696
MID95,SID95,67,2017-03-08 06:06:20,1.056,26,2.099346301908045
MID94,SID94,67,2017-03-08 06:06:20,1.056,26,2.1566815048844536
MID93,SID93,67,2017-03-08 06:06:20,1.056,27,2.117897884860077
MID92,SID92,67,2017-03-08 06:06:20,.739,30,2.0123462180436764
MID91,SID91,67,2017-03-08 06:06:20,1.056,33,2.2497682041768226
MID4,SID4,67,2017-03-08 06:06:20,.528,33,2.1779494942018336
MID5,SID5,67,2017-03-08 06:06:20,.844,25,2.2852517028159127
MID6,SID6,67,2017-03-08 06:06:20,.633,27,2.424514466268524
MID7,SID7,67,2017-03-08 06:06:20,1.056,25,2.260223904636288
MID1,SID1,67,2017-03-08 06:06:20,.739,30,2.2636096483826242
MID2,SID2,67,2017-03-08 06:06:20,1.056,29,2.183287409418995
MID3,SID3,67,2017-03-08 06:06:20,.950,31,2.3620973542713246
MID29,SID29,67,2017-03-08 06:06:20,.950,33,2.1105655982321707
MID28,SID28,67,2017-03-08 06:06:20,.739,29,2.044493073221659
MID27,SID27,67,2017-03-08 06:06:20,.633,34,2.0406856315849815
MID26,SID26,67,2017-03-08 06:06:20,.633,27,2.3480703429771776
MID8,SID8,67,2017-03-08 06:06:20,.739,29,2.248285897967277
MID25,SID25,67,2017-03-08 06:06:20,.528,31,2.059799544708158
MID9,SID9,67,2017-03-08 06:06:20,.844,27,2.356473745384971
MID24,SID24,67,2017-03-08 06:06:20,.528,28,2.009063048105604
MID23,SID23,67,2017-03-08 06:06:20,.844,32,2.259512410257698
MID22,SID22,67,2017-03-08 06:06:20,.739,27,2.3296101330485675
MID21,SID21,67,2017-03-08 06:06:20,.633,31,2.4816420536817723
MID20,SID20,67,2017-03-08 06:06:20,.739,28,2.309514499849198
MID100,SID100,67,2017-03-08 06:06:20,.844,27,2.4491125469038155
MID79,SID79,67,2017-03-08 06:06:20,.528,34,2.1694615716206958
MID78,SID78,67,2017-03-08 06:06:20,.844,33,2.038817030105701
MID77,SID77,67,2017-03-08 06:06:20,.528,32,2.294184464180398
MID76,SID76,67,2017-03-08 06:06:20,.633,25,2.3073540794310645
MID75,SID75,67,2017-03-08 06:06:20,.739,30,2.3674480989991653
MID74,SID74,67,2017-03-08 06:06:20,.844,34,2.055280086987064
MID73,SID73,67,2017-03-08 06:06:20,.633,26,2.1844625427845017
MID72,SID72,67,2017-03-08 06:06:20,1.056,32,2.134952019657982
MID71,SID71,67,2017-03-08 06:06:20,.633,31,2.3695306723370284
MID70,SID70,67,2017-03-08 06:06:20,.633,33,2.26940823762067
MID90,SID90,67,2017-03-08 06:06:20,.844,33,2.2669517003249213
MID89,SID89,67,2017-03-08 06:06:20,1.056,28,2.495356094138739
MID88,SID88,67,2017-03-08 06:06:20,.844,32,2.361143048944724
MID87,SID87,67,2017-03-08 06:06:20,.950,30,2.3031585084997297
MID86,SID86,67,2017-03-08 06:06:20,.633,26,2.130326062905053
MID85,SID85,67,2017-03-08 06:06:20,1.056,34,2.3868352300834017
MID84,SID84,67,2017-03-08 06:06:20,.633,28,2.081288890706195
MID83,SID83,67,2017-03-08 06:06:20,.633,28,2.2284929174749313
MID82,SID82,67,2017-03-08 06:06:20,.950,25,2.037173727666073
MID81,SID81,67,2017-03-08 06:06:20,.950,32,2.1154607896670816
MID80,SID80,67,2017-03-08 06:06:20,.950,34,2.0993239255408653
MID59,SID59,67,2017-03-08 06:06:20,.633,33,2.0484914250457606
MID58,SID58,67,2017-03-08 06:06:20,.633,32,2.405178236185965
MID57,SID57,67,2017-03-08 06:06:20,1.056,27,2.446103147035769
MID56,SID56,67,2017-03-08 06:06:20,.528,28,2.1495987248182122
MID55,SID55,67,2017-03-08 06:06:20,.844,28,2.336014534937727
MID54,SID54,67,2017-03-08 06:06:20,.528,30,2.379154463687726
MID53,SID53,67,2017-03-08 06:06:20,.739,29,2.084643250632415
MID52,SID52,67,2017-03-08 06:06:20,1.056,28,2.270463098670179
MID51,SID51,67,2017-03-08 06:06:20,.950,25,2.4803915273663817
MID50,SID50,67,2017-03-08 06:06:20,.528,29,2.4285439816964884
MID69,SID69,67,2017-03-08 06:06:20,1.056,27,2.312568995401047
MID68,SID68,67,2017-03-08 06:06:20,.739,31,2.4138477075890434
MID67,SID67,67,2017-03-08 06:06:20,.950,29,2.3590774921056488
MID66,SID66,67,2017-03-08 06:06:20,.633,28,2.0083177955595053
MID65,SID65,67,2017-03-08 06:06:20,.950,34,2.1623057218824626
MID64,SID64,67,2017-03-08 06:06:20,.844,30,2.2099352937098558
MID63,SID63,67,2017-03-08 06:06:20,.633,33,2.0228764738176164
MID62,SID62,67,2017-03-08 06:06:20,1.056,26,2.3526303464500558
MID61,SID61,67,2017-03-08 06:06:20,.950,28,2.205151906771407
MID60,SID60,67,2017-03-08 06:06:20,.950,27,2.3334606377483738
MID39,SID39,67,2017-03-08 06:06:20,.844,26,2.312776454500597
MID38,SID38,67,2017-03-08 06:06:20,.739,27,2.37275664542932
MID37,SID37,67,2017-03-08 06:06:20,.844,31,2.166560813566665
MID36,SID36,67,2017-03-08 06:06:20,.950,29,2.3940056054345176
MID35,SID35,67,2017-03-08 06:06:20,.950,33,2.4189173780030924
MID34,SID34,67,2017-03-08 06:06:20,.528,29,2.2936907309838896
MID33,SID33,67,2017-03-08 06:06:20,1.056,32,2.3763112826003865
MID32,SID32,67,2017-03-08 06:06:20,.950,26,2.3399395060644883
MID31,SID31,67,2017-03-08 06:06:20,.528,26,2.3458117359713055
MID30,SID30,67,2017-03-08 06:06:20,.739,32,2.45381458636192
MID49,SID49,67,2017-03-08 06:06:20,.739,31,2.0633862904304063
MID48,SID48,67,2017-03-08 06:06:20,.950,31,2.451719222012289
MID47,SID47,67,2017-03-08 06:06:20,.739,29,2.1130919836977182
MID46,SID46,67,2017-03-08 06:06:20,.844,25,2.262553931216024
MID45,SID45,67,2017-03-08 06:06:20,.739,34,2.0087197870697517
MID44,SID44,67,2017-03-08 06:06:20,.528,25,2.1577755536579684
MID43,SID43,67,2017-03-08 06:06:20,.633,27,2.264129770778395
MID42,SID42,67,2017-03-08 06:06:20,.950,30,2.0415444122043542
MID41,SID41,67,2017-03-08 06:06:20,.950,25,2.0463810474028272
MID40,SID40,67,2017-03-08 06:06:20,1.056,31,2.465339466657962
MID19,SID19,67,2017-03-08 06:06:30,.867,32,2.1520976101270426
MID18,SID18,67,2017-03-08 06:06:30,.758,31,2.419906836901278
MID17,SID17,67,2017-03-08 06:06:30,.867,32,2.1750298285058367
MID16,SID16,67,2017-03-08 06:06:30,.758,32,2.4918807658026925
MID15,SID15,67,2017-03-08 06:06:30,.542,27,2.3671659261979974
MID14,SID14,67,2017-03-08 06:06:30,.867,30,2.3294820196233097
MID13,SID13,67,2017-03-08 06:06:30,.975,26,2.302261728185301
MID12,SID12,67,2017-03-08 06:06:30,.867,28,2.1402387178216626
MID11,SID11,67,2017-03-08 06:06:30,1.083,26,2.0130918598071563
MID99,SID99,67,2017-03-08 06:06:30,.758,25,2.326991977653114
MID10,SID10,67,2017-03-08 06:06:30,.542,31,2.2835383813669137
MID98,SID98,67,2017-03-08 06:06:30,.975,33,2.0524575407634904
MID97,SID97,67,2017-03-08 06:06:30,.542,29,2.2471601349807244
MID96,SID96,67,2017-03-08 06:06:30,.975,34,2.248343026092875
MID95,SID95,67,2017-03-08 06:06:30,1.083,25,2.298933020333325
MID94,SID94,67,2017-03-08 06:06:30,1.083,32,2.2449152697636596
MID93,SID93,67,2017-03-08 06:06:30,1.083,29,2.3251239688808782
MID92,SID92,67,2017-03-08 06:06:30,.758,27,2.2901876888353248
MID91,SID91,67,2017-03-08 06:06:30,1.083,25,2.07455410643153
MID4,SID4,67,2017-03-08 06:06:30,.542,30,2.4577749584703987
MID5,SID5,67,2017-03-08 06:06:30,.867,27,2.1746681461524964
MID6,SID6,67,2017-03-08 06:06:30,.650,32,2.246013411659039
MID7,SID7,67,2017-03-08 06:06:30,1.083,30,2.2762086967086415
MID1,SID1,67,2017-03-08 06:06:30,.758,26,2.2605074987481926
MID2,SID2,67,2017-03-08 06:06:30,1.083,27,2.3334762214700624
MID3,SID3,67,2017-03-08 06:06:30,.975,29,2.161888303003017
MID29,SID29,67,2017-03-08 06:06:30,.975,27,2.3723686002416287
MID28,SID28,67,2017-03-08 06:06:30,.758,25,2.034968077561036
MID27,SID27,67,2017-03-08 06:06:30,.650,30,2.2773175757240525
MID26,SID26,67,2017-03-08 06:06:30,.650,33,2.3994283199606103
MID8,SID8,67,2017-03-08 06:06:30,.758,31,2.493722278453502
MID25,SID25,67,2017-03-08 06:06:30,.542,31,2.153207161880857
MID9,SID9,67,2017-03-08 06:06:30,.867,28,2.067372998189974
MID24,SID24,67,2017-03-08 06:06:30,.542,28,2.3357084520076556
MID23,SID23,67,2017-03-08 06:06:30,.867,27,2.4156586150651784
MID22,SID22,67,2017-03-08 06:06:30,.758,32,2.2526201605220724
MID21,SID21,67,2017-03-08 06:06:30,.650,27,2.1378128471558333
MID20,SID20,67,2017-03-08 06:06:30,.758,27,2.4018360368898923
MID100,SID100,67,2017-03-08 06:06:30,.867,28,2.0659375965743023
MID79,SID79,67,2017-03-08 06:06:30,.542,29,2.1062689113023776
MID78,SID78,67,2017-03-08 06:06:30,.867,28,2.045071235948879
MID77,SID77,67,2017-03-08 06:06:30,.542,32,2.006524853516085
MID76,SID76,67,2017-03-08 06:06:30,.650,27,2.463888747261802
MID75,SID75,67,2017-03-08 06:06:30,.758,30,2.2350503474867676
MID74,SID74,67,2017-03-08 06:06:30,.867,31,2.186987820097338
MID73,SID73,67,2017-03-08 06:06:30,.650,25,2.3831929891827994
MID72,SID72,67,2017-03-08 06:06:30,1.083,25,2.078106542977817
MID71,SID71,67,2017-03-08 06:06:30,.650,30,2.1050447729879487
MID70,SID70,67,2017-03-08 06:06:30,.650,30,2.221697897659408
MID90,SID90,67,2017-03-08 06:06:30,.867,27,2.2186461531505293
MID89,SID89,67,2017-03-08 06:06:30,1.083,26,2.393329949348499
MID88,SID88,67,2017-03-08 06:06:30,.867,26,2.3472633790332664
MID87,SID87,67,2017-03-08 06:06:30,.975,26,2.083488271425391
MID86,SID86,67,2017-03-08 06:06:30,.650,28,2.0191978306979053
MID85,SID85,67,2017-03-08 06:06:30,1.083,26,2.25991994081912
MID84,SID84,67,2017-03-08 06:06:30,.650,31,2.3473469193805463
MID83,SID83,67,2017-03-08 06:06:30,.650,28,2.483098824838253
MID82,SID82,67,2017-03-08 06:06:30,.975,27,2.2723044143952413
MID81,SID81,67,2017-03-08 06:06:30,.975,29,2.0439354273599903
MID80,SID80,67,2017-03-08 06:06:30,.975,33,2.301761524919158
MID59,SID59,67,2017-03-08 06:06:30,.650,34,2.455066928778298
MID58,SID58,67,2017-03-08 06:06:30,.650,34,2.402776926060243
MID57,SID57,67,2017-03-08 06:06:30,1.083,29,2.3463020755753687
MID56,SID56,67,2017-03-08 06:06:30,.542,25,2.1046251248042056
MID55,SID55,67,2017-03-08 06:06:30,.867,25,2.147047669143825
MID54,SID54,67,2017-03-08 06:06:30,.542,26,2.1052108907065996
MID53,SID53,67,2017-03-08 06:06:30,.758,25,2.0020248503062366
MID52,SID52,67,2017-03-08 06:06:30,1.083,34,2.223856249307133
MID51,SID51,67,2017-03-08 06:06:30,.975,30,2.0297752428758047
MID50,SID50,67,2017-03-08 06:06:30,.542,33,2.0835934720961093
MID69,SID69,67,2017-03-08 06:06:30,1.083,30,2.280318346416552
MID68,SID68,67,2017-03-08 06:06:30,.758,27,2.4297799804295375
MID67,SID67,67,2017-03-08 06:06:30,.975,29,2.2680030433352556
MID66,SID66,67,2017-03-08 06:06:30,.650,30,2.0914636104709943
MID65,SID65,67,2017-03-08 06:06:30,.975,26,2.3694660102148575
MID64,SID64,67,2017-03-08 06:06:30,.867,30,2.1713719588860485
MID63,SID63,67,2017-03-08 06:06:30,.650,33,2.459102224472924
MID62,SID62,67,2017-03-08 06:06:30,1.083,28,2.1386286898459255
MID61,SID61,67,2017-03-08 06:06:30,.975,31,2.2523676622240996
MID60,SID60,67,2017-03-08 06:06:30,.975,25,2.148407482989483
MID39,SID39,67,2017-03-08 06:06:30,.867,25,2.0186322022830248
MID38,SID38,67,2017-03-08 06:06:30,.758,31,2.4896984458284606
MID37,SID37,67,2017-03-08 06:06:30,.867,30,2.3812833048676034
MID36,SID36,67,2017-03-08 06:06:30,.975,25,2.03180582773652
MID35,SID35,67,2017-03-08 06:06:30,.975,30,2.1752223416956014
MID34,SID34,67,2017-03-08 06:06:30,.542,29,2.368679216006201
MID33,SID33,67,2017-03-08 06:06:30,1.083,27,2.47648234430006
MID32,SID32,67,2017-03-08 06:06:30,.975,25,2.2039180934891687
MID31,SID31,67,2017-03-08 06:06:30,.542,28,2.330889205106856
MID30,SID30,67,2017-03-08 06:06:30,.758,28,2.209635618544139
MID49,SID49,67,2017-03-08 06:06:30,.758,28,2.0759259254804103
MID48,SID48,67,2017-03-08 06:06:30,.975,30,2.173397239686068
MID47,SID47,67,2017-03-08 06:06:30,.758,27,2.4437845353180463
MID46,SID46,67,2017-03-08 06:06:30,.867,26,2.165009022070046
MID45,SID45,67,2017-03-08 06:06:30,.758,25,2.163781241554126
MID44,SID44,67,2017-03-08 06:06:30,.542,32,2.0765163896370855
MID43,SID43,67,2017-03-08 06:06:30,.650,26,2.4865902438272918
MID42,SID42,67,2017-03-08 06:06:30,.975,34,2.432982306028088
MID41,SID41,67,2017-03-08 06:06:30,.975,33,2.2288279522042727
MID40,SID40,67,2017-03-08 06:06:30,1.083,32,2.2996590639830035
MID19,SID19,67,2017-03-08 06:06:40,.889,26,2.171099115042831
MID18,SID18,67,2017-03-08 06:06:40,.778,32,2.4819072196653953
MID17,SID17,67,2017-03-08 06:06:40,.889,34,2.1706371933428823
MID16,SID16,67,2017-03-08 06:06:40,.778,31,2.3301684214214227
MID15,SID15,67,2017-03-08 06:06:40,.556,26,2.2791144106000587
MID14,SID14,67,2017-03-08 06:06:40,.889,33,2.324191712136985
MID13,SID13,67,2017-03-08 06:06:40,1.000,26,2.3208549385399553
MID12,SID12,67,2017-03-08 06:06:40,.889,25,2.012040535244445
MID11,SID11,67,2017-03-08 06:06:40,1.111,28,2.479979150115298
MID99,SID99,67,2017-03-08 06:06:40,.778,29,2.437555060892217
MID10,SID10,67,2017-03-08 06:06:40,.556,31,2.1284656085971463
MID98,SID98,67,2017-03-08 06:06:40,1.000,26,2.1736929316466433
MID97,SID97,67,2017-03-08 06:06:40,.556,34,2.380596987157073
MID96,SID96,67,2017-03-08 06:06:40,1.000,27,2.115883776351419
MID95,SID95,67,2017-03-08 06:06:40,1.111,30,2.389543369658323
MID94,SID94,67,2017-03-08 06:06:40,1.111,30,2.430513816704256
MID93,SID93,67,2017-03-08 06:06:40,1.111,27,2.142116211948611
MID92,SID92,67,2017-03-08 06:06:40,.778,32,2.1425341846707227
MID91,SID91,67,2017-03-08 06:06:40,1.111,27,2.165422180913558
MID4,SID4,67,2017-03-08 06:06:40,.556,31,2.1238867143488407
MID5,SID5,67,2017-03-08 06:06:40,.889,30,2.407422962397941
MID6,SID6,67,2017-03-08 06:06:40,.667,27,2.08097072364918
MID7,SID7,67,2017-03-08 06:06:40,1.111,34,2.049354721456895
MID1,SID1,67,2017-03-08 06:06:40,.778,33,2.1366316355821104
MID2,SID2,67,2017-03-08 06:06:40,1.111,32,2.396017446874053
MID3,SID3,67,2017-03-08 06:06:40,1.000,29,2.020648714942104
MID29,SID29,67,2017-03-08 06:06:40,1.000,27,2.430613366338952
MID28,SID28,67,2017-03-08 06:06:40,.778,28,2.4652238383989715
MID27,SID27,67,2017-03-08 06:06:40,.667,25,2.3177918012041614
MID26,SID26,67,2017-03-08 06:06:40,.667,26,2.3762829801457026
MID8,SID8,67,2017-03-08 06:06:40,.778,31,2.358821911787292
MID25,SID25,67,2017-03-08 06:06:40,.556,25,2.026628857137
MID9,SID9,67,2017-03-08 06:06:40,.889,26,2.182725771199032
MID24,SID24,67,2017-03-08 06:06:40,.556,32,2.480510515734724
MID23,SID23,67,2017-03-08 06:06:40,.889,30,2.20249958980893
MID22,SID22,67,2017-03-08 06:06:40,.778,34,2.4352087140748298
MID21,SID21,67,2017-03-08 06:06:40,.667,26,2.0216171408511614
MID20,SID20,67,2017-03-08 06:06:40,.778,29,2.4263304982429963
MID100,SID100,67,2017-03-08 06:06:40,.889,30,2.0051111551506504
MID79,SID79,67,2017-03-08 06:06:40,.556,34,2.1921138367699364
MID78,SID78,67,2017-03-08 06:06:40,.889,27,2.340078007924176
MID77,SID77,67,2017-03-08 06:06:40,.556,33,2.2608381288759327
MID76,SID76,67,2017-03-08 06:06:40,.667,34,2.3560564492679577
MID75,SID75,67,2017-03-08 06:06:40,.778,29,2.405430392050772
MID74,SID74,67,2017-03-08 06:06:40,.889,34,2.16374238825223
MID73,SID73,67,2017-03-08 06:06:40,.667,30,2.279654112945458
MID72,SID72,67,2017-03-08 06:06:40,1.111,29,2.447622501116698
MID71,SID71,67,2017-03-08 06:06:40,.667,34,2.309623436834256
MID70,SID70,67,2017-03-08 06:06:40,.667,31,2.2010134181720837
MID90,SID90,67,2017-03-08 06:06:40,.889,26,2.1954130625489467
MID89,SID89,67,2017-03-08 06:06:40,1.111,34,2.116713230181678
MID88,SID88,67,2017-03-08 06:06:40,.889,26,2.046174882258208
MID87,SID87,67,2017-03-08 06:06:40,1.000,25,2.194479243148256
MID86,SID86,67,2017-03-08 06:06:40,.667,27,2.2247910793369665
MID85,SID85,67,2017-03-08 06:06:40,1.111,26,2.382364694629729
MID84,SID84,67,2017-03-08 06:06:40,.667,31,2.2891566429092736
MID83,SID83,67,2017-03-08 06:06:40,.667,31,2.21733047192604
MID82,SID82,67,2017-03-08 06:06:40,1.000,34,2.348869921764772
MID81,SID81,67,2017-03-08 06:06:40,1.000,34,2.3302236207797122
MID80,SID80,67,2017-03-08 06:06:40,1.000,34,2.0163659599304546
MID59,SID59,67,2017-03-08 06:06:40,.667,31,2.2784770175047635
MID58,SID58,67,2017-03-08 06:06:40,.667,32,2.0923640868535434
MID57,SID57,67,2017-03-08 06:06:40,1.111,30,2.399676179914447
MID56,SID56,67,2017-03-08 06:06:40,.556,33,2.2158836642358235
MID55,SID55,67,2017-03-08 06:06:40,.889,33,2.4606178107244085
MID54,SID54,67,2017-03-08 06:06:40,.556,34,2.1787654898391993
MID53,SID53,67,2017-03-08 06:06:40,.778,34,2.2385070361973565
MID52,SID52,67,2017-03-08 06:06:40,1.111,27,2.0323810467198022
MID51,SID51,67,2017-03-08 06:06:40,1.000,30,2.1870462670638275
MID50,SID50,67,2017-03-08 06:06:40,.556,30,2.4482094448728295
MID69,SID69,67,2017-03-08 06:06:40,1.111,27,2.347267444135325
MID68,SID68,67,2017-03-08 06:06:40,.778,29,2.279695501431617
MID67,SID67,67,2017-03-08 06:06:40,1.000,31,2.2663741736556617
MID66,SID66,67,2017-03-08 06:06:40,.667,27,2.3637877658098234
MID65,SID65,67,2017-03-08 06:06:40,1.000,30,2.173129690256247
MID64,SID64,67,2017-03-08 06:06:40,.889,31,2.350444806996178
MID63,SID63,67,2017-03-08 06:06:40,.667,34,2.2613145987538426
MID62,SID62,67,2017-03-08 06:06:40,1.111,26,2.329587611397323
MID61,SID61,67,2017-03-08 06:06:40,1.000,32,2.0258756111564282
MID60,SID60,67,2017-03-08 06:06:40,1.000,33,2.460622834704864
MID39,SID39,67,2017-03-08 06:06:40,.889,29,2.310712228907629
MID38,SID38,67,2017-03-08 06:06:40,.778,27,2.0841660175847956
MID37,SID37,67,2017-03-08 06:06:40,.889,29,2.2639879289988207
MID36,SID36,67,2017-03-08 06:06:40,1.000,25,2.3996343121892907
MID35,SID35,67,2017-03-08 06:06:40,1.000,28,2.1541563609526397
MID34,SID34,67,2017-03-08 06:06:40,.556,27,2.0016522112942647
MID33,SID33,67,2017-03-08 06:06:40,1.111,32,2.0381941486819386
MID32,SID32,67,2017-03-08 06:06:40,1.000,30,2.453971484782187
MID31,SID31,67,2017-03-08 06:06:40,.556,28,2.275139629855845
MID30,SID30,67,2017-03-08 06:06:40,.778,32,2.4626539654485486
MID49,SID49,67,2017-03-08 06:06:40,.778,30,2.016704458404964
MID48,SID48,67,2017-03-08 06:06:40,1.000,27,2.4476287833523243
MID47,SID47,67,2017-03-08 06:06:40,.778,31,2.3091122846307743
MID46,SID46,67,2017-03-08 06:06:40,.889,26,2.2938878878726854
MID45,SID45,67,2017-03-08 06:06:40,.778,33,2.1936536582526607
MID44,SID44,67,2017-03-08 06:06:40,.556,25,2.279427814922284
MID43,SID43,67,2017-03-08 06:06:40,.667,34,2.4602270996826463
MID42,SID42,67,2017-03-08 06:06:40,1.000,32,2.085052023250534
MID41,SID41,67,2017-03-08 06:06:40,1.000,27,2.3262168956056195
MID40,SID40,67,2017-03-08 06:06:40,1.111,27,2.2691799849455982
MID19,SID19,67,2017-03-08 06:06:50,.911,26,2.2369394771344395
MID18,SID18,67,2017-03-08 06:06:50,.797,33,2.295484269854626
MID17,SID17,67,2017-03-08 06:06:50,.911,25,2.3482126679818434
MID16,SID16,67,2017-03-08 06:06:50,.797,25,2.110889539954398
MID15,SID15,67,2017-03-08 06:06:50,.569,30,2.1015928697246715
MID14,SID14,67,2017-03-08 06:06:50,.911,26,2.36696696237067
MID13,SID13,67,2017-03-08 06:06:50,1.025,33,2.2284251762883756
MID12,SID12,67,2017-03-08 06:06:50,.911,34,2.2285467093661593
MID11,SID11,67,2017-03-08 06:06:50,1.139,32,2.0959407019329657
MID99,SID99,67,2017-03-08 06:06:50,.797,34,2.040888650438199
MID10,SID10,67,2017-03-08 06:06:50,.569,32,2.07612927406092
MID98,SID98,67,2017-03-08 06:06:50,1.025,27,2.0100758202330082
MID97,SID97,67,2017-03-08 06:06:50,.569,29,2.227097426564437
MID96,SID96,67,2017-03-08 06:06:50,1.025,30,2.000166795482937
MID95,SID95,67,2017-03-08 06:06:50,1.139,28,2.302392329885654
MID94,SID94,67,2017-03-08 06:06:50,1.139,31,2.159935371002879
MID93,SID93,67,2017-03-08 06:06:50,1.139,28,2.348620131940048
MID92,SID92,67,2017-03-08 06:06:50,.797,25,2.1579854003333794
MID91,SID91,67,2017-03-08 06:06:50,1.139,32,2.0053372187721688
MID4,SID4,67,2017-03-08 06:06:50,.569,33,2.211866684045364
MID5,SID5,67,2017-03-08 06:06:50,.911,31,2.0196474235143076
MID6,SID6,67,2017-03-08 06:06:50,.683,25,2.437308742509754
MID7,SID7,67,2017-03-08 06:06:50,1.139,32,2.4951843171204775
MID1,SID1,67,2017-03-08 06:06:50,.797,26,2.400586052637002
MID2,SID2,67,2017-03-08 06:06:50,1.139,27,2.4488139097277677
MID3,SID3,67,2017-03-08 06:06:50,1.025,34,2.489943015383101
MID29,SID29,67,2017-03-08 06:06:50,1.025,32,2.1788591181174852
MID28,SID28,67,2017-03-08 06:06:50,.797,25,2.3550062478173026
MID27,SID27,67,2017-03-08 06:06:50,.683,29,2.048534039959252
MID26,SID26,67,2017-03-08 06:06:50,.683,28,2.4991855018213434
MID8,SID8,67,2017-03-08 06:06:50,.797,28,2.1306023649395707
MID25,SID25,67,2017-03-08 06:06:50,.569,30,2.0699195688920184
MID9,SID9,67,2017-03-08 06:06:50,.911,30,2.095672481620316
MID24,SID24,67,2017-03-08 06:06:50,.569,34,2.1798730579584986
MID23,SID23,67,2017-03-08 06:06:50,.911,34,2.3778106317226575
MID22,SID22,67,2017-03-08 06:06:50,.797,25,2.1169720669302907
MID21,SID21,67,2017-03-08 06:06:50,.683,29,2.229463590896304
MID20,SID20,67,2017-03-08 06:06:50,.797,31,2.0178193964465727
MID100,SID100,67,2017-03-08 06:06:50,.911,27,2.3735424850749522
MID79,SID79,67,2017-03-08 06:06:50,.569,29,2.3781903227461076
MID78,SID78,67,2017-03-08 06:06:50,.911,26,2.1131919520368054
MID77,SID77,67,2017-03-08 06:06:50,.569,34,2.0811972258284337
MID76,SID76,67,2017-03-08 06:06:50,.683,28,2.1367303644599493
MID75,SID75,67,2017-03-08 06:06:50,.797,33,2.3001660097984935
MID74,SID74,67,2017-03-08 06:06:50,.911,33,2.3560628809251467
MID73,SID73,67,2017-03-08 06:06:50,.683,27,2.111789455367076
MID72,SID72,67,2017-03-08 06:06:50,1.139,28,2.3950786193492855
MID71,SID71,67,2017-03-08 06:06:50,.683,33,2.3974521427781395
MID70,SID70,67,2017-03-08 06:06:50,.683,27,2.3418522037374463
MID90,SID90,67,2017-03-08 06:06:50,.911,32,2.203137064932448
MID89,SID89,67,2017-03-08 06:06:50,1.139,33,2.2050375048909654
MID88,SID88,67,2017-03-08 06:06:50,.911,30,2.1742248055463245
MID87,SID87,67,2017-03-08 06:06:50,1.025,30,2.1108494877857313
MID86,SID86,67,2017-03-08 06:06:50,.683,29,2.3288267680572585
MID85,SID85,67,2017-03-08 06:06:50,1.139,32,2.0067092267431295
MID84,SID84,67,2017-03-08 06:06:50,.683,26,2.4623449354361275
MID83,SID83,67,2017-03-08 06:06:50,.683,31,2.456505780101087
MID82,SID82,67,2017-03-08 06:06:50,1.025,28,2.1394223173783087
MID81,SID81,67,2017-03-08 06:06:50,1.025,30,2.4438549277140016
MID80,SID80,67,2017-03-08 06:06:50,1.025,28,2.301707881875008
MID59,SID59,67,2017-03-08 06:06:50,.683,28,2.3640020975801317
MID58,SID58,67,2017-03-08 06:06:50,.683,32,2.243666585035689
MID57,SID57,67,2017-03-08 06:06:50,1.139,27,2.1221156802864245
MID56,SID56,67,2017-03-08 06:06:50,.569,32,2.0792713617254845
MID55,SID55,67,2017-03-08 06:06:50,.911,32,2.246379584088691
MID54,SID54,67,2017-03-08 06:06:50,.569,30,2.3535917754603544
MID53,SID53,67,2017-03-08 06:06:50,.797,34,2.033031455274086
MID52,SID52,67,2017-03-08 06:06:50,1.139,26,2.4857090640516377
MID51,SID51,67,2017-03-08 06:06:50,1.025,28,2.397617352516675
MID50,SID50,67,2017-03-08 06:06:50,.569,33,2.1449266418061605
MID69,SID69,67,2017-03-08 06:06:50,1.139,29,2.119821796333416
MID68,SID68,67,2017-03-08 06:06:50,.797,32,2.1880460524454732
MID67,SID67,67,2017-03-08 06:06:50,1.025,30,2.3490298326623407
MID66,SID66,67,2017-03-08 06:06:50,.683,33,2.266923753209594
MID65,SID65,67,2017-03-08 06:06:50,1.025,30,2.0103636703441516
MID64,SID64,67,2017-03-08 06:06:50,.911,31,2.4114189553136516
MID63,SID63,67,2017-03-08 06:06:50,.683,25,2.0438802157000815
MID62,SID62,67,2017-03-08 06:06:50,1.139,28,2.086601209221043
MID61,SID61,67,2017-03-08 06:06:50,1.025,34,2.1874784857645184
MID60,SID60,67,2017-03-08 06:06:50,1.025,33,2.1440300320176147
MID39,SID39,67,2017-03-08 06:06:50,.911,28,2.397434698578759
MID38,SID38,67,2017-03-08 06:06:50,.797,31,2.2230891468627507
MID37,SID37,67,2017-03-08 06:06:50,.911,33,2.275319588436348
MID36,SID36,67,2017-03-08 06:06:50,1.025,27,2.1683443154895654
MID35,SID35,67,2017-03-08 06:06:50,1.025,29,2.4654242496958103
MID34,SID34,67,2017-03-08 06:06:50,.569,29,2.2208258019288314
MID33,SID33,67,2017-03-08 06:06:50,1.139,28,2.1229046582495763
MID32,SID32,67,2017-03-08 06:06:50,1.025,26,2.042410513005301
MID31,SID31,67,2017-03-08 06:06:50,.569,29,2.0989268920725137
MID30,SID30,67,2017-03-08 06:06:50,.797,32,2.275424244348906
MID49,SID49,67,2017-03-08 06:06:50,.797,30,2.301002126080552
MID48,SID48,67,2017-03-08 06:06:50,1.025,28,2.3885807654232014
MID47,SID47,67,2017-03-08 06:06:50,.797,30,2.4486635739932288
MID46,SID46,67,2017-03-08 06:06:50,.911,28,2.202152385843086
MID45,SID45,67,2017-03-08 06:06:50,.797,27,2.328112093267752
MID44,SID44,67,2017-03-08 06:06:50,.569,32,2.040877459646228
MID43,SID43,67,2017-03-08 06:06:50,.683,27,2.298543389130943
MID42,SID42,67,2017-03-08 06:06:50,1.025,26,2.3617612580140848
MID41,SID41,67,2017-03-08 06:06:50,1.025,25,2.1389963572121666
MID40,SID40,67,2017-03-08 06:06:50,1.139,32,2.266036422532445
MID19,SID19,67,2017-03-08 06:07:00,.933,34,2.37627037492887
MID18,SID18,67,2017-03-08 06:07:00,.817,32,2.0278256124347123
MID17,SID17,67,2017-03-08 06:07:00,.933,25,2.2288352060312513
MID16,SID16,67,2017-03-08 06:07:00,.817,33,2.1762431224284757
MID15,SID15,67,2017-03-08 06:07:00,.583,31,2.1093243377156616
MID14,SID14,67,2017-03-08 06:07:00,.933,30,2.081798692496279
MID13,SID13,67,2017-03-08 06:07:00,1.050,31,2.1159603655429757
MID12,SID12,67,2017-03-08 06:07:00,.933,27,2.0039289826307054
MID11,SID11,67,2017-03-08 06:07:00,1.167,25,2.331332028939915
MID99,SID99,67,2017-03-08 06:07:00,.817,27,2.4241392156970667
MID10,SID10,67,2017-03-08 06:07:00,.583,26,2.367754737170171
MID98,SID98,67,2017-03-08 06:07:00,1.050,30,2.4040240659037138
MID97,SID97,67,2017-03-08 06:07:00,.583,27,2.066137725419141
MID96,SID96,67,2017-03-08 06:07:00,1.050,26,2.1095705670266147
MID95,SID95,67,2017-03-08 06:07:00,1.167,33,2.3279881982589163
MID94,SID94,67,2017-03-08 06:07:00,1.167,26,2.388636961962369
MID93,SID93,67,2017-03-08 06:07:00,1.167,32,2.298712392113404
MID92,SID92,67,2017-03-08 06:07:00,.817,28,2.3354726558385748
MID91,SID91,67,2017-03-08 06:07:00,1.167,27,2.04226717826561
MID4,SID4,67,2017-03-08 06:07:00,.583,32,2.2947253405405132
MID5,SID5,67,2017-03-08 06:07:00,.933,29,2.457654882820819
MID6,SID6,67,2017-03-08 06:07:00,.700,29,2.3460912433059415
MID7,SID7,67,2017-03-08 06:07:00,1.167,29,2.3120980412647913
MID1,SID1,67,2017-03-08 06:07:00,.817,30,2.1904846971913363
MID2,SID2,67,2017-03-08 06:07:00,1.167,32,2.118310182726454
MID3,SID3,67,2017-03-08 06:07:00,1.050,34,2.42344179791926
MID29,SID29,67,2017-03-08 06:07:00,1.050,30,2.329571266655232
MID28,SID28,67,2017-03-08 06:07:00,.817,33,2.322687057964558
MID27,SID27,67,2017-03-08 06:07:00,.700,27,2.251784546528129
MID26,SID26,67,2017-03-08 06:07:00,.700,32,2.1913841580702105
MID8,SID8,67,2017-03-08 06:07:00,.817,29,2.4675048838645868
MID25,SID25,67,2017-03-08 06:07:00,.583,30,2.0314405714845285
MID9,SID9,67,2017-03-08 06:07:00,.933,31,2.488287658009106
MID24,SID24,67,2017-03-08 06:07:00,.583,30,2.2610131367258233
MID23,SID23,67,2017-03-08 06:07:00,.933,31,2.3772484740170294
MID22,SID22,67,2017-03-08 06:07:00,.817,26,2.1170233730789256
MID21,SID21,67,2017-03-08 06:07:00,.700,27,2.0630047184838736
MID20,SID20,67,2017-03-08 06:07:00,.817,32,2.263496049019491
MID100,SID100,67,2017-03-08 06:07:00,.933,27,2.2144169892974075
MID79,SID79,67,2017-03-08 06:07:00,.583,31,2.0422587161678263
MID78,SID78,67,2017-03-08 06:07:00,.933,34,2.403076520776351
MID77,SID77,67,2017-03-08 06:07:00,.583,32,2.4389036513214384
MID76,SID76,67,2017-03-08 06:07:00,.700,25,2.0063144291043007
MID75,SID75,67,2017-03-08 06:07:00,.817,25,2.197027690993162
MID74,SID74,67,2017-03-08 06:07:00,.933,26,2.0062739151727578
MID73,SID73,67,2017-03-08 06:07:00,.700,30,2.358753622290963
MID72,SID72,67,2017-03-08 06:07:00,1.167,34,2.407222558843043
MID71,SID71,67,2017-03-08 06:07:00,.700,28,2.0740297641367715
MID70,SID70,67,2017-03-08 06:07:00,.700,32,2.071764233689043
MID90,SID90,67,2017-03-08 06:07:00,.933,31,2.2677605718479317
MID89,SID89,67,2017-03-08 06:07:00,1.167,31,2.042495003053493
MID88,SID88,67,2017-03-08 06:07:00,.933,34,2.3660711643694556
MID87,SID87,67,2017-03-08 06:07:00,1.050,26,2.315396371225617
MID86,SID86,67,2017-03-08 06:07:00,.700,29,2.0445938098607406
MID85,SID85,67,2017-03-08 06:07:00,1.167,28,2.0227781356238186
MID84,SID84,67,2017-03-08 06:07:00,.700,26,2.2197962691163378
MID83,SID83,67,2017-03-08 06:07:00,.700,32,2.0752680621566406
MID82,SID82,67,2017-03-08 06:07:00,1.050,28,2.2996483990588117
MID81,SID81,67,2017-03-08 06:07:00,1.050,28,2.102094785824049
MID80,SID80,67,2017-03-08 06:07:00,1.050,29,2.1249299429054505
MID59,SID59,67,2017-03-08 06:07:00,.700,25,2.14512885949199
MID58,SID58,67,2017-03-08 06:07:00,.700,32,2.359521244809341
MID57,SID57,67,2017-03-08 06:07:00,1.167,27,2.1258943582054797
MID56,SID56,67,2017-03-08 06:07:00,.583,28,2.2295602980189146
MID55,SID55,67,2017-03-08 06:07:00,.933,27,2.2447680070180684
MID54,SID54,67,2017-03-08 06:07:00,.583,31,2.1643219995893888
MID53,SID53,67,2017-03-08 06:07:00,.817,27,2.321948406041396
MID52,SID52,67,2017-03-08 06:07:00,1.167,31,2.460468265154846
MID51,SID51,67,2017-03-08 06:07:00,1.050,33,2.3543602438651092
MID50,SID50,67,2017-03-08 06:07:00,.583,28,2.141498964558966
MID69,SID69,67,2017-03-08 06:07:00,1.167,30,2.29166528525153
MID68,SID68,67,2017-03-08 06:07:00,.817,28,2.176709610499223
MID67,SID67,67,2017-03-08 06:07:00,1.050,26,2.399342589625273
MID66,SID66,67,2017-03-08 06:07:00,.700,34,2.415161242310263
MID65,SID65,67,2017-03-08 06:07:00,1.050,26,2.284184870090077
MID64,SID64,67,2017-03-08 06:07:00,.933,29,2.1846322004432763
MID63,SID63,67,2017-03-08 06:07:00,.700,28,2.330557268937004
MID62,SID62,67,2017-03-08 06:07:00,1.167,29,2.2848461672797855
MID61,SID61,67,2017-03-08 06:07:00,1.050,29,2.439438891418039
MID60,SID60,67,2017-03-08 06:07:00,1.050,27,2.0907198967618448
MID39,SID39,67,2017-03-08 06:07:00,.933,25,2.3592406810310087
MID38,SID38,67,2017-03-08 06:07:00,.817,31,2.0027900412115054
MID37,SID37,67,2017-03-08 06:07:00,.933,33,2.4925303833419763
MID36,SID36,67,2017-03-08 06:07:00,1.050,28,2.191225509798215
MID35,SID35,67,2017-03-08 06:07:00,1.050,27,2.132733336314178
MID34,SID34,67,2017-03-08 06:07:00,.583,26,2.482591384363203
MID33,SID33,67,2017-03-08 06:07:00,1.167,27,2.0556673542580297
MID32,SID32,67,2017-03-08 06:07:00,1.050,33,2.045824576629401
MID31,SID31,67,2017-03-08 06:07:00,.583,29,2.497060097703729
MID30,SID30,67,2017-03-08 06:07:00,.817,27,2.149190655711675
MID49,SID49,67,2017-03-08 06:07:00,.817,27,2.3499257568727385
MID48,SID48,67,2017-03-08 06:07:00,1.050,30,2.468656983279274
MID47,SID47,67,2017-03-08 06:07:00,.817,33,2.0774677959284826
MID46,SID46,67,2017-03-08 06:07:00,.933,32,2.4078562628857485
MID45,SID45,67,2017-03-08 06:07:00,.817,34,2.47430174098861
MID44,SID44,67,2017-03-08 06:07:00,.583,28,2.343086114878923
MID43,SID43,67,2017-03-08 06:07:00,.700,34,2.0672301321975106
MID42,SID42,67,2017-03-08 06:07:00,1.050,33,2.125702851302997
MID41,SID41,67,2017-03-08 06:07:00,1.050,26,2.263232942488054
MID40,SID40,67,2017-03-08 06:07:00,1.167,26,2.4932163484891188
MID19,SID19,67,2017-03-08 06:07:10,.956,29,2.1036559538657054
MID18,SID18,67,2017-03-08 06:07:10,.836,29,2.4959581090386
MID17,SID17,67,2017-03-08 06:07:10,.956,28,2.325185693075703
MID16,SID16,67,2017-03-08 06:07:10,.836,28,2.4271644015061766
MID15,SID15,67,2017-03-08 06:07:10,.597,26,2.375736251662606
MID14,SID14,67,2017-03-08 06:07:10,.956,32,2.269555668018533
MID13,SID13,67,2017-03-08 06:07:10,1.075,28,2.283438750793383
MID12,SID12,67,2017-03-08 06:07:10,.956,25,2.3686826233086613
MID11,SID11,67,2017-03-08 06:07:10,1.194,34,2.1184156286659546
MID99,SID99,67,2017-03-08 06:07:10,.836,26,2.381338448614282
MID10,SID10,67,2017-03-08 06:07:10,.597,29,2.3880353355319652
MID98,SID98,67,2017-03-08 06:07:10,1.075,25,2.1965773181461334
MID97,SID97,67,2017-03-08 06:07:10,.597,26,2.1166268471393934
MID96,SID96,67,2017-03-08 06:07:10,1.075,32,2.0001829914914184
MID95,SID95,67,2017-03-08 06:07:10,1.194,33,2.0301205010218886
MID94,SID94,67,2017-03-08 06:07:10,1.194,34,2.22321893293842
MID93,SID93,67,2017-03-08 06:07:10,1.194,27,2.0182009994637355
MID92,SID92,67,2017-03-08 06:07:10,.836,27,2.276204068242837
MID91,SID91,67,2017-03-08 06:07:10,1.194,26,2.3942826999188664
MID4,SID4,67,2017-03-08 06:07:10,.597,27,2.3740860048290777
MID5,SID5,67,2017-03-08 06:07:10,.956,26,2.008703277414503
MID6,SID6,67,2017-03-08 06:07:10,.717,32,2.019690868828319
MID7,SID7,67,2017-03-08 06:07:10,1.194,31,2.0893597829789274
MID1,SID1,67,2017-03-08 06:07:10,.836,31,2.476786779940293
MID2,SID2,67,2017-03-08 06:07:10,1.194,25,2.1140411959192797
MID3,SID3,67,2017-03-08 06:07:10,1.075,32,2.230953489212276
MID29,SID29,67,2017-03-08 06:07:10,1.075,30,2.0787421501414785
MID28,SID28,67,2017-03-08 06:07:10,.836,29,2.3530201948868115
MID27,SID27,67,2017-03-08 06:07:10,.717,26,2.1399573674004473
MID26,SID26,67,2017-03-08 06:07:10,.717,25,2.0501557841624543
MID8,SID8,67,2017-03-08 06:07:10,.836,28,2.0887809443345025
MID25,SID25,67,2017-03-08 06:07:10,.597,32,2.03667883193328
MID9,SID9,67,2017-03-08 06:07:10,.956,27,2.381601497359199
MID24,SID24,67,2017-03-08 06:07:10,.597,30,2.03887211067233
MID23,SID23,67,2017-03-08 06:07:10,.956,27,2.050302179010292
MID22,SID22,67,2017-03-08 06:07:10,.836,34,2.168981105236412
MID21,SID21,67,2017-03-08 06:07:10,.717,28,2.1674643595454635
MID20,SID20,67,2017-03-08 06:07:10,.836,28,2.402489189553385
MID100,SID100,67,2017-03-08 06:07:10,.956,32,2.2139681643702946
MID79,SID79,67,2017-03-08 06:07:10,.597,33,2.243444983847806
MID78,SID78,67,2017-03-08 06:07:10,.956,29,2.442604232897098
MID77,SID77,67,2017-03-08 06:07:10,.597,26,2.3363495853577954
MID76,SID76,67,2017-03-08 06:07:10,.717,30,2.383810625769442
MID75,SID75,67,2017-03-08 06:07:10,.836,31,2.2810287857968823
MID74,SID74,67,2017-03-08 06:07:10,.956,28,2.3877650873858687
MID73,SID73,67,2017-03-08 06:07:10,.717,27,2.3861267125752876
MID72,SID72,67,2017-03-08 06:07:10,1.194,31,2.394937466023961
MID71,SID71,67,2017-03-08 06:07:10,.717,25,2.4763200974406856
MID70,SID70,67,2017-03-08 06:07:10,.717,28,2.3481671370030117
MID90,SID90,67,2017-03-08 06:07:10,.956,34,2.2966968265536742
MID89,SID89,67,2017-03-08 06:07:10,1.194,34,2.48080909437699
MID88,SID88,67,2017-03-08 06:07:10,.956,25,2.469174451986317
MID87,SID87,67,2017-03-08 06:07:10,1.075,30,2.4820757211330533
MID86,SID86,67,2017-03-08 06:07:10,.717,33,2.469777030408335
MID85,SID85,67,2017-03-08 06:07:10,1.194,33,2.455439368715951
MID84,SID84,67,2017-03-08 06:07:10,.717,29,2.4670238307381713
MID83,SID83,67,2017-03-08 06:07:10,.717,30,2.2688717077687035
MID82,SID82,67,2017-03-08 06:07:10,1.075,30,2.1506120355941625
MID81,SID81,67,2017-03-08 06:07:10,1.075,33,2.3548310739124636
MID80,SID80,67,2017-03-08 06:07:10,1.075,25,2.3000055823049252
MID59,SID59,67,2017-03-08 06:07:10,.717,27,2.4639317594685233
MID58,SID58,67,2017-03-08 06:07:10,.717,33,2.2953404866594633
MID57,SID57,67,2017-03-08 06:07:10,1.194,26,2.4842851246583146
MID56,SID56,67,2017-03-08 06:07:10,.597,31,2.301927947482645
MID55,SID55,67,2017-03-08 06:07:10,.956,25,2.000345869610911
MID54,SID54,67,2017-03-08 06:07:10,.597,32,2.312744754275711
MID53,SID53,67,2017-03-08 06:07:10,.836,31,2.4484211078892386
MID52,SID52,67,2017-03-08 06:07:10,1.194,30,2.409739489029382
MID51,SID51,67,2017-03-08 06:07:10,1.075,26,2.4967018436813224
MID50,SID50,67,2017-03-08 06:07:10,.597,31,2.1395286842896772
MID69,SID69,67,2017-03-08 06:07:10,1.194,28,2.426966224711096
MID68,SID68,67,2017-03-08 06:07:10,.836,25,2.00733001765429
MID67,SID67,67,2017-03-08 06:07:10,1.075,34,2.081112859628705
MID66,SID66,67,2017-03-08 06:07:10,.717,34,2.151263587249083
MID65,SID65,67,2017-03-08 06:07:10,1.075,29,2.1733884521610825
MID64,SID64,67,2017-03-08 06:07:10,.956,33,2.199462884204663
MID63,SID63,67,2017-03-08 06:07:10,.717,34,2.477666464077925
MID62,SID62,67,2017-03-08 06:07:10,1.194,34,2.2199852258715453
MID61,SID61,67,2017-03-08 06:07:10,1.075,30,2.2599751129716372
MID60,SID60,67,2017-03-08 06:07:10,1.075,25,2.215233476223806
MID39,SID39,67,2017-03-08 06:07:10,.956,29,2.0977376836424737
MID38,SID38,67,2017-03-08 06:07:10,.836,25,2.0604706534690678
MID37,SID37,67,2017-03-08 06:07:10,.956,33,2.073618095463652
MID36,SID36,67,2017-03-08 06:07:10,1.075,26,2.4385169292872044
MID35,SID35,67,2017-03-08 06:07:10,1.075,30,2.239230286763279
MID34,SID34,67,2017-03-08 06:07:10,.597,27,2.144780442684476
MID33,SID33,67,2017-03-08 06:07:10,1.194,33,2.3274905494005047
MID32,SID32,67,2017-03-08 06:07:10,1.075,34,2.1230987780699953
MID31,SID31,67,2017-03-08 06:07:10,.597,34,2.388611357013039
MID30,SID30,67,2017-03-08 06:07:10,.836,25,2.286619443275092
MID49,SID49,67,2017-03-08 06:07:10,.836,32,2.404704870826859
MID48,SID48,67,2017-03-08 06:07:10,1.075,25,2.3212488180252544
MID47,SID47,67,2017-03-08 06:07:10,.836,31,2.4202152445494614
MID46,SID46,67,2017-03-08 06:07:10,.956,26,2.227661845835501
MID45,SID45,67,2017-03-08 06:07:10,.836,26,2.3345873836677717
MID44,SID44,67,2017-03-08 06:07:10,.597,27,2.0064130653843963
MID43,SID43,67,2017-03-08 06:07:10,.717,25,2.1321216225383592
MID42,SID42,67,2017-03-08 06:07:10,1.075,33,2.238912028998411
MID41,SID41,67,2017-03-08 06:07:10,1.075,33,2.3554347269595373
MID40,SID40,67,2017-03-08 06:07:10,1.194,31,2.441248946838435
MID19,SID19,67,2017-03-08 06:07:20,.978,29,2.4556949078517407
MID18,SID18,67,2017-03-08 06:07:20,.856,29,2.1647107694853704
MID17,SID17,67,2017-03-08 06:07:20,.978,30,2.129433745056258
MID16,SID16,67,2017-03-08 06:07:20,.856,25,2.4067364260917223
MID15,SID15,67,2017-03-08 06:07:20,.611,26,2.339450605175921
MID14,SID14,67,2017-03-08 06:07:20,.978,27,2.3595834840970915
MID13,SID13,67,2017-03-08 06:07:20,1.100,28,2.308594947095343
MID12,SID12,67,2017-03-08 06:07:20,.978,31,2.0584417792674117
MID11,SID11,67,2017-03-08 06:07:20,1.222,27,2.0797269134528813
MID99,SID99,67,2017-03-08 06:07:20,.856,30,2.4985615167630053
MID10,SID10,67,2017-03-08 06:07:20,.611,32,2.169295792876656
MID98,SID98,67,2017-03-08 06:07:20,1.100,30,2.1417158144791277
MID97,SID97,67,2017-03-08 06:07:20,.611,27,2.4543068772948136
MID96,SID96,67,2017-03-08 06:07:20,1.100,34,2.19156027142715
MID95,SID95,67,2017-03-08 06:07:20,1.222,34,2.1342523160086437
MID94,SID94,67,2017-03-08 06:07:20,1.222,34,2.3668900990012993
MID93,SID93,67,2017-03-08 06:07:20,1.222,31,2.4481017059994694
MID92,SID92,67,2017-03-08 06:07:20,.856,33,2.1881931133972206
MID91,SID91,67,2017-03-08 06:07:20,1.222,30,2.0728324780131113
MID4,SID4,67,2017-03-08 06:07:20,.611,33,2.4763423412887047
MID5,SID5,67,2017-03-08 06:07:20,.978,34,2.3822500819263186
MID6,SID6,67,2017-03-08 06:07:20,.733,25,2.0908218812113692
MID7,SID7,67,2017-03-08 06:07:20,1.222,28,2.0098113557252395
MID1,SID1,67,2017-03-08 06:07:20,.856,30,2.330640564479389
MID2,SID2,67,2017-03-08 06:07:20,1.222,32,2.4693407665953573
MID3,SID3,67,2017-03-08 06:07:20,1.100,26,2.3237561441386934
MID29,SID29,67,2017-03-08 06:07:20,1.100,29,2.058908491110799
MID28,SID28,67,2017-03-08 06:07:20,.856,31,2.314893890187852
MID27,SID27,67,2017-03-08 06:07:20,.733,34,2.3047102667864845
MID26,SID26,67,2017-03-08 06:07:20,.733,26,2.0107317911005573
MID8,SID8,67,2017-03-08 06:07:20,.856,28,2.3832804013711097
MID25,SID25,67,2017-03-08 06:07:20,.611,31,2.3212035992887032
MID9,SID9,67,2017-03-08 06:07:20,.978,34,2.281277740144476
MID24,SID24,67,2017-03-08 06:07:20,.611,26,2.1374416061900723
MID23,SID23,67,2017-03-08 06:07:20,.978,33,2.3892042146052237
MID22,SID22,67,2017-03-08 06:07:20,.856,26,2.428490423381713
MID21,SID21,67,2017-03-08 06:07:20,.733,28,2.399783639579142
MID20,SID20,67,2017-03-08 06:07:20,.856,34,2.102675021622196
MID100,SID100,67,2017-03-08 06:07:20,.978,31,2.266236858033035
MID79,SID79,67,2017-03-08 06:07:20,.611,33,2.4230939682304404
MID78,SID78,67,2017-03-08 06:07:20,.978,30,2.1296429413740663
MID77,SID77,67,2017-03-08 06:07:20,.611,32,2.0100134329809336
MID76,SID76,67,2017-03-08 06:07:20,.733,32,2.4376687927899274
MID75,SID75,67,2017-03-08 06:07:20,.856,32,2.3853436388972264
MID74,SID74,67,2017-03-08 06:07:20,.978,26,2.4663037070191898
MID73,SID73,67,2017-03-08 06:07:20,.733,31,2.27710846664073
MID72,SID72,67,2017-03-08 06:07:20,1.222,31,2.4227334203314297
MID71,SID71,67,2017-03-08 06:07:20,.733,31,2.0004487745486483
MID70,SID70,67,2017-03-08 06:07:20,.733,32,2.452896655874936
MID90,SID90,67,2017-03-08 06:07:20,.978,30,2.0335893100773528
MID89,SID89,67,2017-03-08 06:07:20,1.222,29,2.340122954458175
MID88,SID88,67,2017-03-08 06:07:20,.978,31,2.151769521358303
MID87,SID87,67,2017-03-08 06:07:20,1.100,34,2.0160905480163405
MID86,SID86,67,2017-03-08 06:07:20,.733,31,2.4513399471482025
MID85,SID85,67,2017-03-08 06:07:20,1.222,31,2.350497929504325
MID84,SID84,67,2017-03-08 06:07:20,.733,30,2.482794971322659
MID83,SID83,67,2017-03-08 06:07:20,.733,30,2.2291700966477084
MID82,SID82,67,2017-03-08 06:07:20,1.100,32,2.446569669627657
MID81,SID81,67,2017-03-08 06:07:20,1.100,25,2.1627182393359705
MID80,SID80,67,2017-03-08 06:07:20,1.100,32,2.487537487792406
MID59,SID59,67,2017-03-08 06:07:20,.733,33,2.4267753585955263
MID58,SID58,67,2017-03-08 06:07:20,.733,30,2.2998112493230005
MID57,SID57,67,2017-03-08 06:07:20,1.222,33,2.3624793699197726
MID56,SID56,67,2017-03-08 06:07:20,.611,26,2.266870520179744
MID55,SID55,67,2017-03-08 06:07:20,.978,26,2.480278289176626
MID54,SID54,67,2017-03-08 06:07:20,.611,32,2.1866179702509396
MID53,SID53,67,2017-03-08 06:07:20,.856,30,2.4340411512420355
MID52,SID52,67,2017-03-08 06:07:20,1.222,34,2.205042994484582
MID51,SID51,67,2017-03-08 06:07:20,1.100,32,2.377166301855811
MID50,SID50,67,2017-03-08 06:07:20,.611,32,2.000654956138769
MID69,SID69,67,2017-03-08 06:07:20,1.222,29,2.443701354870953
MID68,SID68,67,2017-03-08 06:07:20,.856,29,2.30040864268361
MID67,SID67,67,2017-03-08 06:07:20,1.100,33,2.2947462091780153
MID66,SID66,67,2017-03-08 06:07:20,.733,29,2.2945158822783056
MID65,SID65,67,2017-03-08 06:07:20,1.100,27,2.309002648578947
MID64,SID64,67,2017-03-08 06:07:20,.978,31,2.499271759521475
MID63,SID63,67,2017-03-08 06:07:20,.733,28,2.4032723519565717
MID62,SID62,67,2017-03-08 06:07:20,1.222,25,2.0836778640151383
MID61,SID61,67,2017-03-08 06:07:20,1.100,27,2.0237817513986665
MID60,SID60,67,2017-03-08 06:07:20,1.100,32,2.4012976457692696
MID39,SID39,67,2017-03-08 06:07:20,.978,27,2.0964451164381472
MID38,SID38,67,2017-03-08 06:07:20,.856,30,2.359385730948302
MID37,SID37,67,2017-03-08 06:07:20,.978,26,2.3318209036229134
MID36,SID36,67,2017-03-08 06:07:20,1.100,34,2.1751529351657655
MID35,SID35,67,2017-03-08 06:07:20,1.100,33,2.266869189965024
MID34,SID34,67,2017-03-08 06:07:20,.611,34,2.4337705799879585
MID33,SID33,67,2017-03-08 06:07:20,1.222,29,2.2641078850442797
MID32,SID32,67,2017-03-08 06:07:20,1.100,28,2.185333741154216
MID31,SID31,67,2017-03-08 06:07:20,.611,26,2.428828097206332
MID30,SID30,67,2017-03-08 06:07:20,.856,30,2.0443126151661177
MID49,SID49,67,2017-03-08 06:07:20,.856,30,2.295463263114445
MID48,SID48,67,2017-03-08 06:07:20,1.100,29,2.120166989687239
MID47,SID47,67,2017-03-08 06:07:20,.856,33,2.4702876952102635
MID46,SID46,67,2017-03-08 06:07:20,.978,33,2.3429960021461653
MID45,SID45,67,2017-03-08 06:07:20,.856,30,2.482472471615876
MID44,SID44,67,2017-03-08 06:07:20,.611,32,2.1823016469865837
MID43,SID43,67,2017-03-08 06:07:20,.733,33,2.437272705420057
MID42,SID42,67,2017-03-08 06:07:20,1.100,29,2.3256055184318263
MID41,SID41,67,2017-03-08 06:07:20,1.100,26,2.3235413803575202
MID40,SID40,67,2017-03-08 06:07:20,1.222,25,2.004542092461415
MID19,SID19,67,2017-03-08 06:07:30,1.000,25,2.267071852073963
MID18,SID18,67,2017-03-08 06:07:30,.875,26,2.373180326510152
MID17,SID17,67,2017-03-08 06:07:30,1.000,30,2.0054018999510577
MID16,SID16,67,2017-03-08 06:07:30,.875,29,2.08478867405261
MID15,SID15,67,2017-03-08 06:07:30,.625,30,2.4303312231776455
MID14,SID14,67,2017-03-08 06:07:30,1.000,26,2.159172777931133
MID13,SID13,67,2017-03-08 06:07:30,1.125,25,2.3240202132840997
MID12,SID12,67,2017-03-08 06:07:30,1.000,30,2.0692748347176537
MID11,SID11,67,2017-03-08 06:07:30,1.250,34,2.151684080256924
MID99,SID99,67,2017-03-08 06:07:30,.875,25,2.0962170219628797
MID10,SID10,67,2017-03-08 06:07:30,.625,32,2.3239276241503757
MID98,SID98,67,2017-03-08 06:07:30,1.125,26,2.3501917602774847
MID97,SID97,67,2017-03-08 06:07:30,.625,29,2.1221474845920376
MID96,SID96,67,2017-03-08 06:07:30,1.125,34,2.2293459163908222
MID95,SID95,67,2017-03-08 06:07:30,1.250,31,2.1605661741310165
MID94,SID94,67,2017-03-08 06:07:30,1.250,31,2.31354582039473
MID93,SID93,67,2017-03-08 06:07:30,1.250,33,2.1171723632957313
MID92,SID92,67,2017-03-08 06:07:30,.875,34,2.4146869806311906
MID91,SID91,67,2017-03-08 06:07:30,1.250,31,2.425342762743063
MID4,SID4,67,2017-03-08 06:07:30,.625,34,2.3533972786742474
MID5,SID5,67,2017-03-08 06:07:30,1.000,30,2.3274313925829833
MID6,SID6,67,2017-03-08 06:07:30,.750,32,2.0135350726910906
MID7,SID7,67,2017-03-08 06:07:30,1.250,28,2.414730896987365
MID1,SID1,67,2017-03-08 06:07:30,.875,26,2.1766868779965045
MID2,SID2,67,2017-03-08 06:07:30,1.250,33,2.1061188096402295
MID3,SID3,67,2017-03-08 06:07:30,1.125,30,2.0055615863846903
MID29,SID29,67,2017-03-08 06:07:30,1.125,31,2.4809739568451765
MID28,SID28,67,2017-03-08 06:07:30,.875,27,2.325189129802458
MID27,SID27,67,2017-03-08 06:07:30,.750,28,2.2711928927804035
MID26,SID26,67,2017-03-08 06:07:30,.750,30,2.1757707516231988
MID8,SID8,67,2017-03-08 06:07:30,.875,29,2.255200787791238
MID25,SID25,67,2017-03-08 06:07:30,.625,34,2.172240533214203
MID9,SID9,67,2017-03-08 06:07:30,1.000,31,2.1592464796784494
MID24,SID24,67,2017-03-08 06:07:30,.625,25,2.0534181003261187
MID23,SID23,67,2017-03-08 06:07:30,1.000,31,2.397161911645407
MID22,SID22,67,2017-03-08 06:07:30,.875,32,2.4119879281128433
MID21,SID21,67,2017-03-08 06:07:30,.750,26,2.3994309957215076
MID20,SID20,67,2017-03-08 06:07:30,.875,27,2.256504020362171
MID100,SID100,67,2017-03-08 06:07:30,1.000,34,2.4803492114785097
MID79,SID79,67,2017-03-08 06:07:30,.625,28,2.303404287086062
MID78,SID78,67,2017-03-08 06:07:30,1.000,29,2.1570956503724057
MID77,SID77,67,2017-03-08 06:07:30,.625,29,2.059443161359416
MID76,SID76,67,2017-03-08 06:07:30,.750,29,2.406478551702705
MID75,SID75,67,2017-03-08 06:07:30,.875,34,2.227564212518811
MID74,SID74,67,2017-03-08 06:07:30,1.000,26,2.249032936475051
MID73,SID73,67,2017-03-08 06:07:30,.750,27,2.3918547696074577
MID72,SID72,67,2017-03-08 06:07:30,1.250,29,2.4596297815615373
MID71,SID71,67,2017-03-08 06:07:30,.750,30,2.0951242387113123
MID70,SID70,67,2017-03-08 06:07:30,.750,25,2.280433352213457
MID90,SID90,67,2017-03-08 06:07:30,1.000,29,2.4169681148775677
MID89,SID89,67,2017-03-08 06:07:30,1.250,25,2.033037139597063
MID88,SID88,67,2017-03-08 06:07:30,1.000,27,2.460419381976852
MID87,SID87,67,2017-03-08 06:07:30,1.125,34,2.400167027800732
MID86,SID86,67,2017-03-08 06:07:30,.750,30,2.001270564059795
MID85,SID85,67,2017-03-08 06:07:30,1.250,30,2.1489079905127113
MID84,SID84,67,2017-03-08 06:07:30,.750,32,2.054524733948386
MID83,SID83,67,2017-03-08 06:07:30,.750,32,2.391949641050612
MID82,SID82,67,2017-03-08 06:07:30,1.125,26,2.0885499879881553
MID81,SID81,67,2017-03-08 06:07:30,1.125,33,2.3768831736243436
MID80,SID80,67,2017-03-08 06:07:30,1.125,32,2.1496124868140387
MID59,SID59,67,2017-03-08 06:07:30,.750,28,2.1144876239767156
MID58,SID58,67,2017-03-08 06:07:30,.750,30,2.291416733814088
MID57,SID57,67,2017-03-08 06:07:30,1.250,34,2.223966526101891
MID56,SID56,67,2017-03-08 06:07:30,.625,30,2.08371055170308
MID55,SID55,67,2017-03-08 06:07:30,1.000,34,2.3286840354322296
MID54,SID54,67,2017-03-08 06:07:30,.625,34,2.474212860114237
MID53,SID53,67,2017-03-08 06:07:30,.875,32,2.092806502528844
MID52,SID52,67,2017-03-08 06:07:30,1.250,32,2.0005896916778143
MID51,SID51,67,2017-03-08 06:07:30,1.125,30,2.067571787239702
MID50,SID50,67,2017-03-08 06:07:30,.625,32,2.311860412453813
MID69,SID69,67,2017-03-08 06:07:30,1.250,32,2.426739263011653
MID68,SID68,67,2017-03-08 06:07:30,.875,26,2.290621795775324
MID67,SID67,67,2017-03-08 06:07:30,1.125,31,2.2709773498478896
MID66,SID66,67,2017-03-08 06:07:30,.750,25,2.2610174310767697
MID65,SID65,67,2017-03-08 06:07:30,1.125,30,2.0218575117002344
MID64,SID64,67,2017-03-08 06:07:30,1.000,33,2.2666186032785935
MID63,SID63,67,2017-03-08 06:07:30,.750,26,2.0234501465518826
MID62,SID62,67,2017-03-08 06:07:30,1.250,34,2.0700789601770984
MID61,SID61,67,2017-03-08 06:07:30,1.125,26,2.289530546961422
MID60,SID60,67,2017-03-08 06:07:30,1.125,28,2.394877494273895
MID39,SID39,67,2017-03-08 06:07:30,1.000,34,2.427503104464643
MID38,SID38,67,2017-03-08 06:07:30,.875,34,2.012510732579694
MID37,SID37,67,2017-03-08 06:07:30,1.000,26,2.257374148175283
MID36,SID36,67,2017-03-08 06:07:30,1.125,33,2.014680798141324
MID35,SID35,67,2017-03-08 06:07:30,1.125,33,2.038101128835286
MID34,SID34,67,2017-03-08 06:07:30,.625,31,2.014773801195765
MID33,SID33,67,2017-03-08 06:07:30,1.250,25,2.367342064629339
MID32,SID32,67,2017-03-08 06:07:30,1.125,25,2.3885010655902574
MID31,SID31,67,2017-03-08 06:07:30,.625,26,2.2737683890066327
MID30,SID30,67,2017-03-08 06:07:30,.875,32,2.180527489576654
MID49,SID49,67,2017-03-08 06:07:30,.875,31,2.03860833229669
MID48,SID48,67,2017-03-08 06:07:30,1.125,34,2.4705224196282893
MID47,SID47,67,2017-03-08 06:07:30,.875,29,2.2900402335647447
MID46,SID46,67,2017-03-08 06:07:30,1.000,34,2.0780668555675605
MID45,SID45,67,2017-03-08 06:07:30,.875,27,2.4921794966317354
MID44,SID44,67,2017-03-08 06:07:30,.625,30,2.2833120335000685
MID43,SID43,67,2017-03-08 06:07:30,.750,26,2.480881192015249
MID42,SID42,67,2017-03-08 06:07:30,1.125,29,2.081439097468074
MID41,SID41,67,2017-03-08 06:07:30,1.125,26,2.388195045704877
MID40,SID40,67,2017-03-08 06:07:30,1.250,29,2.207206599507073
MID19,SID19,67,2017-03-08 06:07:40,1.022,32,2.3403750088711615
MID18,SID18,67,2017-03-08 06:07:40,.894,34,2.288063337071695
MID17,SID17,67,2017-03-08 06:07:40,1.022,33,2.238749350701605
MID16,SID16,67,2017-03-08 06:07:40,.894,29,2.363311870266554
MID15,SID15,67,2017-03-08 06:07:40,.639,26,2.29031692297026
MID14,SID14,67,2017-03-08 06:07:40,1.022,34,2.29004595170968
MID13,SID13,67,2017-03-08 06:07:40,1.150,34,2.0427269115848814
MID12,SID12,67,2017-03-08 06:07:40,1.022,33,2.3910216278701033
MID11,SID11,67,2017-03-08 06:07:40,1.278,28,2.188350747601854
MID99,SID99,67,2017-03-08 06:07:40,.894,31,2.218366765088801
MID10,SID10,67,2017-03-08 06:07:40,.639,26,2.2243534139869316
MID98,SID98,67,2017-03-08 06:07:40,1.150,31,2.019404308375387
MID97,SID97,67,2017-03-08 06:07:40,.639,33,2.4694577410158045
MID96,SID96,67,2017-03-08 06:07:40,1.150,33,2.1419989661928174
MID95,SID95,67,2017-03-08 06:07:40,1.278,33,2.420338989895889
MID94,SID94,67,2017-03-08 06:07:40,1.278,26,2.046268659895246
MID93,SID93,67,2017-03-08 06:07:40,1.278,29,2.4159526537688722
MID92,SID92,67,2017-03-08 06:07:40,.894,27,2.238525687888682
MID91,SID91,67,2017-03-08 06:07:40,1.278,25,2.2438772404310483
MID4,SID4,67,2017-03-08 06:07:40,.639,31,2.061035658779079
MID5,SID5,67,2017-03-08 06:07:40,1.022,33,2.3655095047146535
MID6,SID6,67,2017-03-08 06:07:40,.767,34,2.4105834885758695
MID7,SID7,67,2017-03-08 06:07:40,1.278,27,2.0499887346306958
MID1,SID1,67,2017-03-08 06:07:40,.894,32,2.2685695872397975
MID2,SID2,67,2017-03-08 06:07:40,1.278,25,2.0421777691649385
MID3,SID3,67,2017-03-08 06:07:40,1.150,34,2.490521292463489
MID29,SID29,67,2017-03-08 06:07:40,1.150,25,2.161110107650442
MID28,SID28,67,2017-03-08 06:07:40,.894,34,2.051690080154869
MID27,SID27,67,2017-03-08 06:07:40,.767,30,2.462572920242068
MID26,SID26,67,2017-03-08 06:07:40,.767,33,2.390456038882334
MID8,SID8,67,2017-03-08 06:07:40,.894,29,2.0221291290934715
MID25,SID25,67,2017-03-08 06:07:40,.639,34,2.0937764626140427
MID9,SID9,67,2017-03-08 06:07:40,1.022,31,2.47940922526361
MID24,SID24,67,2017-03-08 06:07:40,.639,33,2.209095797972325
MID23,SID23,67,2017-03-08 06:07:40,1.022,31,2.291156627324514
MID22,SID22,67,2017-03-08 06:07:40,.894,28,2.20945508624796
MID21,SID21,67,2017-03-08 06:07:40,.767,29,2.3107408386506907
MID20,SID20,67,2017-03-08 06:07:40,.894,27,2.0680470168497527
MID100,SID100,67,2017-03-08 06:07:40,1.022,27,2.100182634150347
MID79,SID79,67,2017-03-08 06:07:40,.639,28,2.0097157902873635
MID78,SID78,67,2017-03-08 06:07:40,1.022,31,2.1403290078670216
MID77,SID77,67,2017-03-08 06:07:40,.639,32,2.4891109719931475
MID76,SID76,67,2017-03-08 06:07:40,.767,26,2.187171670395817
MID75,SID75,67,2017-03-08 06:07:40,.894,25,2.2923004864162295
MID74,SID74,67,2017-03-08 06:07:40,1.022,31,2.1592854108946167
MID73,SID73,67,2017-03-08 06:07:40,.767,33,2.487997425797709
MID72,SID72,67,2017-03-08 06:07:40,1.278,34,2.23052743295985
MID71,SID71,67,2017-03-08 06:07:40,.767,27,2.4708584991563987
MID70,SID70,67,2017-03-08 06:07:40,.767,34,2.3042370416541917
MID90,SID90,67,2017-03-08 06:07:40,1.022,25,2.184023217528988
MID89,SID89,67,2017-03-08 06:07:40,1.278,25,2.1269885713304215
MID88,SID88,67,2017-03-08 06:07:40,1.022,33,2.0335208005522087
MID87,SID87,67,2017-03-08 06:07:40,1.150,33,2.0554289474815772
MID86,SID86,67,2017-03-08 06:07:40,.767,31,2.3286836515950142
MID85,SID85,67,2017-03-08 06:07:40,1.278,25,2.277621691812997
MID84,SID84,67,2017-03-08 06:07:40,.767,29,2.3897250404906476
MID83,SID83,67,2017-03-08 06:07:40,.767,31,2.21820460542584
MID82,SID82,67,2017-03-08 06:07:40,1.150,33,2.043523155458111
MID81,SID81,67,2017-03-08 06:07:40,1.150,33,2.1234015442494574
MID80,SID80,67,2017-03-08 06:07:40,1.150,28,2.241491856180523
MID59,SID59,67,2017-03-08 06:07:40,.767,30,2.1973983639582704
MID58,SID58,67,2017-03-08 06:07:40,.767,31,2.223110645392049
MID57,SID57,67,2017-03-08 06:07:40,1.278,34,2.4758460115136915
MID56,SID56,67,2017-03-08 06:07:40,.639,28,2.1698488773495628
MID55,SID55,67,2017-03-08 06:07:40,1.022,29,2.160640429518633
MID54,SID54,67,2017-03-08 06:07:40,.639,32,2.3626278574907653
MID53,SID53,67,2017-03-08 06:07:40,.894,31,2.4583829847546443
MID52,SID52,67,2017-03-08 06:07:40,1.278,30,2.2301934812241218
MID51,SID51,67,2017-03-08 06:07:40,1.150,31,2.2326782138959693
MID50,SID50,67,2017-03-08 06:07:40,.639,31,2.300684436281923
MID69,SID69,67,2017-03-08 06:07:40,1.278,30,2.323356085310574
MID68,SID68,67,2017-03-08 06:07:40,.894,30,2.289719644520215
MID67,SID67,67,2017-03-08 06:07:40,1.150,34,2.272606147879014
MID66,SID66,67,2017-03-08 06:07:40,.767,33,2.1728359130916592
MID65,SID65,67,2017-03-08 06:07:40,1.150,32,2.1726109296314675
MID64,SID64,67,2017-03-08 06:07:40,1.022,33,2.4313332684376627
MID63,SID63,67,2017-03-08 06:07:40,.767,26,2.201858049434743
MID62,SID62,67,2017-03-08 06:07:40,1.278,34,2.094584850285975
MID61,SID61,67,2017-03-08 06:07:40,1.150,33,2.3464678839338613
MID60,SID60,67,2017-03-08 06:07:40,1.150,33,2.3606096420289107
MID39,SID39,67,2017-03-08 06:07:40,1.022,32,2.005959000977472
MID38,SID38,67,2017-03-08 06:07:40,.894,29,2.392176722433181
MID37,SID37,67,2017-03-08 06:07:40,1.022,30,2.159090098261729
MID36,SID36,67,2017-03-08 06:07:40,1.150,34,2.062921833305295
MID35,SID35,67,2017-03-08 06:07:40,1.150,28,2.307465491452241
MID34,SID34,67,2017-03-08 06:07:40,.639,26,2.2031245910387773
MID33,SID33,67,2017-03-08 06:07:40,1.278,30,2.1819115551916335
MID32,SID32,67,2017-03-08 06:07:40,1.150,29,2.417000642985414
MID31,SID31,67,2017-03-08 06:07:40,.639,25,2.4045753679812987
MID30,SID30,67,2017-03-08 06:07:40,.894,30,2.3294753753850617
MID49,SID49,67,2017-03-08 06:07:40,.894,25,2.1034549111430483
MID48,SID48,67,2017-03-08 06:07:40,1.150,26,2.2635920563139837
MID47,SID47,67,2017-03-08 06:07:40,.894,32,2.3179918862464537
MID46,SID46,67,2017-03-08 06:07:40,1.022,28,2.1275329072688804
MID45,SID45,67,2017-03-08 06:07:40,.894,32,2.047825229108942
MID44,SID44,67,2017-03-08 06:07:40,.639,25,2.467002119230195
MID43,SID43,67,2017-03-08 06:07:40,.767,34,2.223935884288313
MID42,SID42,67,2017-03-08 06:07:40,1.150,32,2.441398136643557
MID41,SID41,67,2017-03-08 06:07:40,1.150,27,2.3031985935573536
MID40,SID40,67,2017-03-08 06:07:40,1.278,33,2.1036359185043643
MID19,SID19,67,2017-03-08 06:07:50,1.044,29,2.303085129538701
MID18,SID18,67,2017-03-08 06:07:50,.914,26,2.475273415230027
MID17,SID17,67,2017-03-08 06:07:50,1.044,31,2.2653669329912676
MID16,SID16,67,2017-03-08 06:07:50,.914,32,2.068004866447156
MID15,SID15,67,2017-03-08 06:07:50,.653,27,2.325942241509252
MID14,SID14,67,2017-03-08 06:07:50,1.044,34,2.08214982876793
MID13,SID13,67,2017-03-08 06:07:50,1.175,32,2.2717998188597126
MID12,SID12,67,2017-03-08 06:07:50,1.044,31,2.045565233126562
MID11,SID11,67,2017-03-08 06:07:50,1.306,30,2.4605837778911823
MID99,SID99,67,2017-03-08 06:07:50,.914,33,2.023697302188465
MID10,SID10,67,2017-03-08 06:07:50,.653,29,2.4329350394923033
MID98,SID98,67,2017-03-08 06:07:50,1.175,26,2.2499637570010687
MID97,SID97,67,2017-03-08 06:07:50,.653,28,2.3505979843192835
MID96,SID96,67,2017-03-08 06:07:50,1.175,26,2.043121899928317
MID95,SID95,67,2017-03-08 06:07:50,1.306,33,2.1696429309533967
MID94,SID94,67,2017-03-08 06:07:50,1.306,31,2.3648397654318507
MID93,SID93,67,2017-03-08 06:07:50,1.306,32,2.3424336956916796
MID92,SID92,67,2017-03-08 06:07:50,.914,29,2.0754788872788827
MID91,SID91,67,2017-03-08 06:07:50,1.306,32,2.3720473998531166
MID4,SID4,67,2017-03-08 06:07:50,.653,29,2.175450019013744
MID5,SID5,67,2017-03-08 06:07:50,1.044,29,2.2067244675129096
MID6,SID6,67,2017-03-08 06:07:50,.783,26,2.4052809265939192
MID7,SID7,67,2017-03-08 06:07:50,1.306,34,2.2162464854672104
MID1,SID1,67,2017-03-08 06:07:50,.914,26,2.037418633100081
MID2,SID2,67,2017-03-08 06:07:50,1.306,30,2.445930877553213
MID3,SID3,67,2017-03-08 06:07:50,1.175,27,2.00935358263318
MID29,SID29,67,2017-03-08 06:07:50,1.175,28,2.276937444448665
MID28,SID28,67,2017-03-08 06:07:50,.914,32,2.364008571817137
MID27,SID27,67,2017-03-08 06:07:50,.783,32,2.226867363634258
MID26,SID26,67,2017-03-08 06:07:50,.783,34,2.017279384512555
MID8,SID8,67,2017-03-08 06:07:50,.914,29,2.1228335924433517
MID25,SID25,67,2017-03-08 06:07:50,.653,30,2.418469337606913
MID9,SID9,67,2017-03-08 06:07:50,1.044,28,2.115783947106857
MID24,SID24,67,2017-03-08 06:07:50,.653,29,2.334923684057492
MID23,SID23,67,2017-03-08 06:07:50,1.044,26,2.433464481960168
MID22,SID22,67,2017-03-08 06:07:50,.914,33,2.088344678747802
MID21,SID21,67,2017-03-08 06:07:50,.783,25,2.4498316304523513
MID20,SID20,67,2017-03-08 06:07:50,.914,31,2.078050493379648
MID100,SID100,67,2017-03-08 06:07:50,1.044,30,2.1191116984895886
MID79,SID79,67,2017-03-08 06:07:50,.653,30,2.220517979025612
MID78,SID78,67,2017-03-08 06:07:50,1.044,30,2.267128131193232
MID77,SID77,67,2017-03-08 06:07:50,.653,26,2.186456876577184
MID76,SID76,67,2017-03-08 06:07:50,.783,30,2.3711323708287737
MID75,SID75,67,2017-03-08 06:07:50,.914,33,2.088564508471988
MID74,SID74,67,2017-03-08 06:07:50,1.044,32,2.426965414146964
MID73,SID73,67,2017-03-08 06:07:50,.783,26,2.3211981714246552
MID72,SID72,67,2017-03-08 06:07:50,1.306,34,2.4929142602851373
MID71,SID71,67,2017-03-08 06:07:50,.783,32,2.2812215737487898
MID70,SID70,67,2017-03-08 06:07:50,.783,28,2.322103300699137
MID90,SID90,67,2017-03-08 06:07:50,1.044,30,2.2430841034746845
MID89,SID89,67,2017-03-08 06:07:50,1.306,32,2.228387370402244
MID88,SID88,67,2017-03-08 06:07:50,1.044,25,2.4810084800449754
MID87,SID87,67,2017-03-08 06:07:50,1.175,25,2.1463652047162114
MID86,SID86,67,2017-03-08 06:07:50,.783,26,2.3863413705991428
MID85,SID85,67,2017-03-08 06:07:50,1.306,28,2.236003633405472
MID84,SID84,67,2017-03-08 06:07:50,.783,28,2.239767172451615
MID83,SID83,67,2017-03-08 06:07:50,.783,27,2.079161698184538
MID82,SID82,67,2017-03-08 06:07:50,1.175,34,2.462430428026656
MID81,SID81,67,2017-03-08 06:07:50,1.175,34,2.372302946762483
MID80,SID80,67,2017-03-08 06:07:50,1.175,32,2.4158457951685324
MID59,SID59,67,2017-03-08 06:07:50,.783,31,2.140593491765782
MID58,SID58,67,2017-03-08 06:07:50,.783,26,2.3684172218340174
MID57,SID57,67,2017-03-08 06:07:50,1.306,28,2.46316107820872
MID56,SID56,67,2017-03-08 06:07:50,.653,31,2.0212706812179038
MID55,SID55,67,2017-03-08 06:07:50,1.044,28,2.1840123065460735
MID54,SID54,67,2017-03-08 06:07:50,.653,25,2.2961429872156334
MID53,SID53,67,2017-03-08 06:07:50,.914,31,2.291803393906019
MID52,SID52,67,2017-03-08 06:07:50,1.306,33,2.074959428401504
MID51,SID51,67,2017-03-08 06:07:50,1.175,28,2.1759834280392067
MID50,SID50,67,2017-03-08 06:07:50,.653,34,2.4588309918179623
MID69,SID69,67,2017-03-08 06:07:50,1.306,33,2.373309799533545
MID68,SID68,67,2017-03-08 06:07:50,.914,33,2.247636504639267
MID67,SID67,67,2017-03-08 06:07:50,1.175,25,2.453166672028261
MID66,SID66,67,2017-03-08 06:07:50,.783,29,2.1351315391964727
MID65,SID65,67,2017-03-08 06:07:50,1.175,32,2.395424461828056
MID64,SID64,67,2017-03-08 06:07:50,1.044,31,2.1428020964598486
MID63,SID63,67,2017-03-08 06:07:50,.783,33,2.1921862599903807
MID62,SID62,67,2017-03-08 06:07:50,1.306,27,2.4035601802595883
MID61,SID61,67,2017-03-08 06:07:50,1.175,27,2.368751467603064
MID60,SID60,67,2017-03-08 06:07:50,1.175,31,2.0195687678528236
MID39,SID39,67,2017-03-08 06:07:50,1.044,33,2.308354617729201
MID38,SID38,67,2017-03-08 06:07:50,.914,25,2.1413174567431623
MID37,SID37,67,2017-03-08 06:07:50,1.044,31,2.393653628855478
MID36,SID36,67,2017-03-08 06:07:50,1.175,26,2.15704869278341
MID35,SID35,67,2017-03-08 06:07:50,1.175,32,2.453448592599459
MID34,SID34,67,2017-03-08 06:07:50,.653,31,2.4733684019020963
MID33,SID33,67,2017-03-08 06:07:50,1.306,27,2.4606204151679076
MID32,SID32,67,2017-03-08 06:07:50,1.175,27,2.2330650126001474
MID31,SID31,67,2017-03-08 06:07:50,.653,33,2.2730892198865567
MID30,SID30,67,2017-03-08 06:07:50,.914,31,2.3180583682359654
MID49,SID49,67,2017-03-08 06:07:50,.914,30,2.043152103141527
MID48,SID48,67,2017-03-08 06:07:50,1.175,26,2.4349672328042424
MID47,SID47,67,2017-03-08 06:07:50,.914,29,2.414216581790153
MID46,SID46,67,2017-03-08 06:07:50,1.044,32,2.05069685170638
MID45,SID45,67,2017-03-08 06:07:50,.914,33,2.0710914870345847
MID44,SID44,67,2017-03-08 06:07:50,.653,28,2.0373405135207268
MID43,SID43,67,2017-03-08 06:07:50,.783,33,2.3449194476004416
MID42,SID42,67,2017-03-08 06:07:50,1.175,28,2.1536833459310687
MID41,SID41,67,2017-03-08 06:07:50,1.175,25,2.202731275934786
MID40,SID40,67,2017-03-08 06:07:50,1.306,32,2.166641778134664
MID19,SID19,67,2017-03-08 06:08:00,1.067,27,2.0776967504174637
MID18,SID18,67,2017-03-08 06:08:00,.933,28,2.14523781310924
MID17,SID17,67,2017-03-08 06:08:00,1.067,32,2.3713147869498075
MID16,SID16,67,2017-03-08 06:08:00,.933,26,2.49548832957967
MID15,SID15,67,2017-03-08 06:08:00,.667,27,2.2918503053668595
MID14,SID14,67,2017-03-08 06:08:00,1.067,27,2.4553140308321635
MID13,SID13,67,2017-03-08 06:08:00,1.200,31,2.3278237758716216
MID12,SID12,67,2017-03-08 06:08:00,1.067,34,2.129933376835049
MID11,SID11,67,2017-03-08 06:08:00,1.333,34,2.2366844804574693
MID99,SID99,67,2017-03-08 06:08:00,.933,31,2.0514124079880647
MID10,SID10,67,2017-03-08 06:08:00,.667,29,2.0580162822329835
MID98,SID98,67,2017-03-08 06:08:00,1.200,29,2.329538770853062
MID97,SID97,67,2017-03-08 06:08:00,.667,34,2.0268345335027567
MID96,SID96,67,2017-03-08 06:08:00,1.200,29,2.2471501270734766
MID95,SID95,67,2017-03-08 06:08:00,1.333,33,2.1860241571283088
MID94,SID94,67,2017-03-08 06:08:00,1.333,26,2.1709622021386505
MID93,SID93,67,2017-03-08 06:08:00,1.333,32,2.0102855993369504
MID92,SID92,67,2017-03-08 06:08:00,.933,29,2.070888280007729
MID91,SID91,67,2017-03-08 06:08:00,1.333,27,2.2696896731729743
MID4,SID4,67,2017-03-08 06:08:00,.667,28,2.129469221417861
MID5,SID5,67,2017-03-08 06:08:00,1.067,32,2.3609133108562137
MID6,SID6,67,2017-03-08 06:08:00,.800,28,2.3410843822504472
MID7,SID7,67,2017-03-08 06:08:00,1.333,27,2.42481479479961
MID1,SID1,67,2017-03-08 06:08:00,.933,30,2.036613773120168
MID2,SID2,67,2017-03-08 06:08:00,1.333,26,2.152104009903375
MID3,SID3,67,2017-03-08 06:08:00,1.200,30,2.4730571843063145
MID29,SID29,67,2017-03-08 06:08:00,1.200,33,2.286857947813884
MID28,SID28,67,2017-03-08 06:08:00,.933,30,2.1661471916230273
MID27,SID27,67,2017-03-08 06:08:00,.800,33,2.4290809764476067
MID26,SID26,67,2017-03-08 06:08:00,.800,31,2.308195634642654
MID8,SID8,67,2017-03-08 06:08:00,.933,33,2.2236518464172783
MID25,SID25,67,2017-03-08 06:08:00,.667,27,2.426855252240125
MID9,SID9,67,2017-03-08 06:08:00,1.067,28,2.095138969417483
MID24,SID24,67,2017-03-08 06:08:00,.667,34,2.4770895872543277
MID23,SID23,67,2017-03-08 06:08:00,1.067,26,2.4924039829372577
MID22,SID22,67,2017-03-08 06:08:00,.933,28,2.3765404009378313
MID21,SID21,67,2017-03-08 06:08:00,.800,31,2.3680824341874707
MID20,SID20,67,2017-03-08 06:08:00,.933,26,2.4164774975996526
MID100,SID100,67,2017-03-08 06:08:00,1.067,28,2.3835155122050624
MID79,SID79,67,2017-03-08 06:08:00,.667,28,2.309811293325019
MID78,SID78,67,2017-03-08 06:08:00,1.067,29,2.162162488686354
MID77,SID77,67,2017-03-08 06:08:00,.667,34,2.433821051025935
MID76,SID76,67,2017-03-08 06:08:00,.800,32,2.334805456108597
MID75,SID75,67,2017-03-08 06:08:00,.933,31,2.0240519895886973
MID74,SID74,67,2017-03-08 06:08:00,1.067,34,2.1117779760346385
MID73,SID73,67,2017-03-08 06:08:00,.800,30,2.39782443441928
MID72,SID72,67,2017-03-08 06:08:00,1.333,29,2.447189374754762
MID71,SID71,67,2017-03-08 06:08:00,.800,31,2.3333010226510345
MID70,SID70,67,2017-03-08 06:08:00,.800,33,2.11263201116378
MID90,SID90,67,2017-03-08 06:08:00,1.067,32,2.479484514177068
MID89,SID89,67,2017-03-08 06:08:00,1.333,33,2.135625485299374
MID88,SID88,67,2017-03-08 06:08:00,1.067,27,2.4175120231593907
MID87,SID87,67,2017-03-08 06:08:00,1.200,32,2.483115924685973
MID86,SID86,67,2017-03-08 06:08:00,.800,30,2.493827877047505
MID85,SID85,67,2017-03-08 06:08:00,1.333,27,2.0257994595296163
MID84,SID84,67,2017-03-08 06:08:00,.800,30,2.1725541580465446
MID83,SID83,67,2017-03-08 06:08:00,.800,29,2.2466413920806287
MID82,SID82,67,2017-03-08 06:08:00,1.200,31,2.4212845452101996
MID81,SID81,67,2017-03-08 06:08:00,1.200,32,2.15316595138891
MID80,SID80,67,2017-03-08 06:08:00,1.200,28,2.4924756257543996
MID59,SID59,67,2017-03-08 06:08:00,.800,31,2.000747424524028
MID58,SID58,67,2017-03-08 06:08:00,.800,29,2.3849685534317855
MID57,SID57,67,2017-03-08 06:08:00,1.333,25,2.3366531217016853
MID56,SID56,67,2017-03-08 06:08:00,.667,34,2.1732223908889337
MID55,SID55,67,2017-03-08 06:08:00,1.067,30,2.4102178509609598
MID54,SID54,67,2017-03-08 06:08:00,.667,28,2.393272922065249
MID53,SID53,67,2017-03-08 06:08:00,.933,34,2.0906985716805546
MID52,SID52,67,2017-03-08 06:08:00,1.333,31,2.2222621826315314
MID51,SID51,67,2017-03-08 06:08:00,1.200,31,2.255032589770232
MID50,SID50,67,2017-03-08 06:08:00,.667,31,2.4969179446662384
MID69,SID69,67,2017-03-08 06:08:00,1.333,31,2.0638636032214803
MID68,SID68,67,2017-03-08 06:08:00,.933,26,2.1927591536538897
MID67,SID67,67,2017-03-08 06:08:00,1.200,33,2.1437200460122505
MID66,SID66,67,2017-03-08 06:08:00,.800,32,2.0298648908497974
MID65,SID65,67,2017-03-08 06:08:00,1.200,25,2.3994816190670543
MID64,SID64,67,2017-03-08 06:08:00,1.067,32,2.2015004427495706
MID63,SID63,67,2017-03-08 06:08:00,.800,30,2.2834609534127273
MID62,SID62,67,2017-03-08 06:08:00,1.333,27,2.4646560799854775
MID61,SID61,67,2017-03-08 06:08:00,1.200,34,2.063998692038852
MID60,SID60,67,2017-03-08 06:08:00,1.200,28,2.371027513651261
MID39,SID39,67,2017-03-08 06:08:00,1.067,25,2.1744417912396057
MID38,SID38,67,2017-03-08 06:08:00,.933,28,2.1504021612359665
MID37,SID37,67,2017-03-08 06:08:00,1.067,33,2.456266285771198
MID36,SID36,67,2017-03-08 06:08:00,1.200,27,2.085090014382649
MID35,SID35,67,2017-03-08 06:08:00,1.200,26,2.1010314662416545
MID34,SID34,67,2017-03-08 06:08:00,.667,33,2.0781452282974353
MID33,SID33,67,2017-03-08 06:08:00,1.333,34,2.2313578261572107
MID32,SID32,67,2017-03-08 06:08:00,1.200,30,2.172998096271197
MID31,SID31,67,2017-03-08 06:08:00,.667,28,2.0386637956550233
MID30,SID30,67,2017-03-08 06:08:00,.933,28,2.1987567273500113
MID49,SID49,67,2017-03-08 06:08:00,.933,29,2.140938557967893
MID48,SID48,67,2017-03-08 06:08:00,1.200,27,2.47479465231255
MID47,SID47,67,2017-03-08 06:08:00,.933,26,2.2991511311898485
MID46,SID46,67,2017-03-08 06:08:00,1.067,27,2.270709629660171
MID45,SID45,67,2017-03-08 06:08:00,.933,26,2.2163011747307877
MID44,SID44,67,2017-03-08 06:08:00,.667,30,2.175995407561943
MID43,SID43,67,2017-03-08 06:08:00,.800,27,2.3466464317816396
MID42,SID42,67,2017-03-08 06:08:00,1.200,33,2.421514523952833
MID41,SID41,67,2017-03-08 06:08:00,1.200,34,2.02907860706605
MID40,SID40,67,2017-03-08 06:08:00,1.333,34,2.4255150156294336
MID19,SID19,67,2017-03-08 06:08:10,1.089,29,2.0070682874686887
MID18,SID18,67,2017-03-08 06:08:10,.953,25,2.336073465234394
MID17,SID17,67,2017-03-08 06:08:10,1.089,26,2.084473169668638
MID16,SID16,67,2017-03-08 06:08:10,.953,28,2.004242392403658
MID15,SID15,67,2017-03-08 06:08:10,.681,31,2.1545462205359134
MID14,SID14,67,2017-03-08 06:08:10,1.089,28,2.232653902461059
MID13,SID13,67,2017-03-08 06:08:10,1.225,29,2.344826983695396
MID12,SID12,67,2017-03-08 06:08:10,1.089,28,2.0339042478790867
MID11,SID11,67,2017-03-08 06:08:10,1.361,26,2.1967292458670697
MID99,SID99,67,2017-03-08 06:08:10,.953,25,2.4853703993119907
MID10,SID10,67,2017-03-08 06:08:10,.681,34,2.0629438391063943
MID98,SID98,67,2017-03-08 06:08:10,1.225,31,2.078045099968234
MID97,SID97,67,2017-03-08 06:08:10,.681,30,2.422327498523361
MID96,SID96,67,2017-03-08 06:08:10,1.225,34,2.2567754952863814
MID95,SID95,67,2017-03-08 06:08:10,1.361,33,2.058814013645861
MID94,SID94,67,2017-03-08 06:08:10,1.361,28,2.455635831070664
MID93,SID93,67,2017-03-08 06:08:10,1.361,31,2.071853843449314
MID92,SID92,67,2017-03-08 06:08:10,.953,32,2.457115799879314
MID91,SID91,67,2017-03-08 06:08:10,1.361,28,2.4053138261470743
MID4,SID4,67,2017-03-08 06:08:10,.681,26,2.484375661603455
MID5,SID5,67,2017-03-08 06:08:10,1.089,29,2.0363084637355815
MID6,SID6,67,2017-03-08 06:08:10,.817,26,2.489567993164907
MID7,SID7,67,2017-03-08 06:08:10,1.361,26,2.1865129358130106
MID1,SID1,67,2017-03-08 06:08:10,.953,29,2.366605622948289
MID2,SID2,67,2017-03-08 06:08:10,1.361,28,2.2510898206386374
MID3,SID3,67,2017-03-08 06:08:10,1.225,32,2.42189490736272
MID29,SID29,67,2017-03-08 06:08:10,1.225,33,2.0301958010501684
MID28,SID28,67,2017-03-08 06:08:10,.953,25,2.1493655937094016
MID27,SID27,67,2017-03-08 06:08:10,.817,34,2.4223790322639034
MID26,SID26,67,2017-03-08 06:08:10,.817,28,2.0355442029090476
MID8,SID8,67,2017-03-08 06:08:10,.953,32,2.0199016729580856
MID25,SID25,67,2017-03-08 06:08:10,.681,25,2.393801947057829
MID9,SID9,67,2017-03-08 06:08:10,1.089,32,2.0169522620359333
MID24,SID24,67,2017-03-08 06:08:10,.681,34,2.4838465664396354
MID23,SID23,67,2017-03-08 06:08:10,1.089,27,2.139955035835737
MID22,SID22,67,2017-03-08 06:08:10,.953,33,2.39538869728427
MID21,SID21,67,2017-03-08 06:08:10,.817,27,2.0087165733881553
MID20,SID20,67,2017-03-08 06:08:10,.953,28,2.154835930521186
MID100,SID100,67,2017-03-08 06:08:10,1.089,26,2.398485323387115
MID79,SID79,67,2017-03-08 06:08:10,.681,30,2.4234706489339866
MID78,SID78,67,2017-03-08 06:08:10,1.089,29,2.430569702264459
MID77,SID77,67,2017-03-08 06:08:10,.681,25,2.0399275541946404
MID76,SID76,67,2017-03-08 06:08:10,.817,33,2.134860646544366
MID75,SID75,67,2017-03-08 06:08:10,.953,27,2.309788619586472
MID74,SID74,67,2017-03-08 06:08:10,1.089,25,2.402062928269831
MID73,SID73,67,2017-03-08 06:08:10,.817,30,2.137339654778365
MID72,SID72,67,2017-03-08 06:08:10,1.361,25,2.1515901651311746
MID71,SID71,67,2017-03-08 06:08:10,.817,29,2.142468360282395
MID70,SID70,67,2017-03-08 06:08:10,.817,28,2.4471483896200916
MID90,SID90,67,2017-03-08 06:08:10,1.089,31,2.4794675613211923
MID89,SID89,67,2017-03-08 06:08:10,1.361,26,2.2306111683608174
MID88,SID88,67,2017-03-08 06:08:10,1.089,26,2.367019907118096
MID87,SID87,67,2017-03-08 06:08:10,1.225,33,2.228159077816417
MID86,SID86,67,2017-03-08 06:08:10,.817,34,2.320371049996045
MID85,SID85,67,2017-03-08 06:08:10,1.361,30,2.435424173758365
MID84,SID84,67,2017-03-08 06:08:10,.817,34,2.4919459156750214
MID83,SID83,67,2017-03-08 06:08:10,.817,27,2.340312643940834
MID82,SID82,67,2017-03-08 06:08:10,1.225,31,2.0925107335677287
MID81,SID81,67,2017-03-08 06:08:10,1.225,28,2.027972644931121
MID80,SID80,67,2017-03-08 06:08:10,1.225,34,2.2408300584234633
MID59,SID59,67,2017-03-08 06:08:10,.817,31,2.182310637979417
MID58,SID58,67,2017-03-08 06:08:10,.817,32,2.4519670683269004
MID57,SID57,67,2017-03-08 06:08:10,1.361,29,2.096879461151891
MID56,SID56,67,2017-03-08 06:08:10,.681,33,2.2309856464438726
MID55,SID55,67,2017-03-08 06:08:10,1.089,26,2.468759814866267
MID54,SID54,67,2017-03-08 06:08:10,.681,27,2.419147617209126
MID53,SID53,67,2017-03-08 06:08:10,.953,27,2.221893135731096
MID52,SID52,67,2017-03-08 06:08:10,1.361,33,2.04007751014014
MID51,SID51,67,2017-03-08 06:08:10,1.225,26,2.423015710070947
MID50,SID50,67,2017-03-08 06:08:10,.681,26,2.295661887623351
MID69,SID69,67,2017-03-08 06:08:10,1.361,33,2.1692703821536834
MID68,SID68,67,2017-03-08 06:08:10,.953,34,2.486331588775651
MID67,SID67,67,2017-03-08 06:08:10,1.225,27,2.23849814966449
MID66,SID66,67,2017-03-08 06:08:10,.817,30,2.3564683602647087
MID65,SID65,67,2017-03-08 06:08:10,1.225,34,2.311074774110505
MID64,SID64,67,2017-03-08 06:08:10,1.089,26,2.0596669853916847
MID63,SID63,67,2017-03-08 06:08:10,.817,31,2.1648836490022116
MID62,SID62,67,2017-03-08 06:08:10,1.361,32,2.239711694982014
MID61,SID61,67,2017-03-08 06:08:10,1.225,32,2.484837517706241
MID60,SID60,67,2017-03-08 06:08:10,1.225,32,2.1330584143200997
MID39,SID39,67,2017-03-08 06:08:10,1.089,25,2.457783954150489
MID38,SID38,67,2017-03-08 06:08:10,.953,34,2.2391297438036135
MID37,SID37,67,2017-03-08 06:08:10,1.089,30,2.412680815835429
MID36,SID36,67,2017-03-08 06:08:10,1.225,34,2.1069336287945006
MID35,SID35,67,2017-03-08 06:08:10,1.225,32,2.0156931626577554
MID34,SID34,67,2017-03-08 06:08:10,.681,31,2.49309852211227
MID33,SID33,67,2017-03-08 06:08:10,1.361,30,2.1725608397499805
MID32,SID32,67,2017-03-08 06:08:10,1.225,31,2.293171293336894
MID31,SID31,67,2017-03-08 06:08:10,.681,34,2.0797966369583785
MID30,SID30,67,2017-03-08 06:08:10,.953,28,2.134339142562083
MID49,SID49,67,2017-03-08 06:08:10,.953,28,2.0191749719646257
MID48,SID48,67,2017-03-08 06:08:10,1.225,33,2.4274489221038333
MID47,SID47,67,2017-03-08 06:08:10,.953,25,2.314041631697484
MID46,SID46,67,2017-03-08 06:08:10,1.089,32,2.023924248245521
MID45,SID45,67,2017-03-08 06:08:10,.953,31,2.478283678080724
MID44,SID44,67,2017-03-08 06:08:10,.681,29,2.0648616126822352
MID43,SID43,67,2017-03-08 06:08:10,.817,34,2.179590876944827
MID42,SID42,67,2017-03-08 06:08:10,1.225,30,2.334888462735315
MID41,SID41,67,2017-03-08 06:08:10,1.225,25,2.0469111917512817
MID40,SID40,67,2017-03-08 06:08:10,1.361,25,2.099370872841261
MID19,SID19,67,2017-03-08 06:08:20,1.111,32,2.196501144131585
MID18,SID18,67,2017-03-08 06:08:20,.972,34,2.4170406972761214
MID17,SID17,67,2017-03-08 06:08:20,1.111,32,2.425686129588542
MID16,SID16,67,2017-03-08 06:08:20,.972,34,2.2704106057326956
MID15,SID15,67,2017-03-08 06:08:20,.694,34,2.0236938099803896
MID14,SID14,67,2017-03-08 06:08:20,1.111,28,2.1666940176605705
MID13,SID13,67,2017-03-08 06:08:20,1.250,25,2.3212458833067426
MID12,SID12,67,2017-03-08 06:08:20,1.111,32,2.3174291675810372
MID11,SID11,67,2017-03-08 06:08:20,1.389,32,2.311944252576244
MID99,SID99,67,2017-03-08 06:08:20,.972,31,2.4972176813407705
MID10,SID10,67,2017-03-08 06:08:20,.694,26,2.458075623997497
MID98,SID98,67,2017-03-08 06:08:20,1.250,34,2.4313382637452525
MID97,SID97,67,2017-03-08 06:08:20,.694,26,2.0870870909309502
MID96,SID96,67,2017-03-08 06:08:20,1.250,33,2.173745264000684
MID95,SID95,67,2017-03-08 06:08:20,1.389,28,2.3086637016267084
MID94,SID94,67,2017-03-08 06:08:20,1.389,32,2.3832864081916423
MID93,SID93,67,2017-03-08 06:08:20,1.389,32,2.1992487697155174
MID92,SID92,67,2017-03-08 06:08:20,.972,25,2.4568485147968664
MID91,SID91,67,2017-03-08 06:08:20,1.389,30,2.0259303177504004
MID4,SID4,67,2017-03-08 06:08:20,.694,33,2.027943017214357
MID5,SID5,67,2017-03-08 06:08:20,1.111,28,2.1754528558461184
MID6,SID6,67,2017-03-08 06:08:20,.833,34,2.3881479202492173
MID7,SID7,67,2017-03-08 06:08:20,1.389,29,2.4539971033974224
MID1,SID1,67,2017-03-08 06:08:20,.972,26,2.0921049278613078
MID2,SID2,67,2017-03-08 06:08:20,1.389,28,2.0882645819140087
MID3,SID3,67,2017-03-08 06:08:20,1.250,27,2.01770219229621
MID29,SID29,67,2017-03-08 06:08:20,1.250,25,2.185521674039326
MID28,SID28,67,2017-03-08 06:08:20,.972,31,2.387945615888994
MID27,SID27,67,2017-03-08 06:08:20,.833,33,2.0489904556282124
MID26,SID26,67,2017-03-08 06:08:20,.833,29,2.07757798261775
MID8,SID8,67,2017-03-08 06:08:20,.972,33,2.254566145384196
MID25,SID25,67,2017-03-08 06:08:20,.694,32,2.0348188526179003
MID9,SID9,67,2017-03-08 06:08:20,1.111,29,2.1446744644708504
MID24,SID24,67,2017-03-08 06:08:20,.694,25,2.299096168452375
MID23,SID23,67,2017-03-08 06:08:20,1.111,31,2.483221459746581
MID22,SID22,67,2017-03-08 06:08:20,.972,31,2.270968221238583
MID21,SID21,67,2017-03-08 06:08:20,.833,33,2.072256607789142
MID20,SID20,67,2017-03-08 06:08:20,.972,27,2.335086807894937
MID100,SID100,67,2017-03-08 06:08:20,1.111,30,2.051232960065514
MID79,SID79,67,2017-03-08 06:08:20,.694,34,2.2392369609819007
MID78,SID78,67,2017-03-08 06:08:20,1.111,33,2.118274946906692
MID77,SID77,67,2017-03-08 06:08:20,.694,29,2.2033097940683044
MID76,SID76,67,2017-03-08 06:08:20,.833,31,2.2754229808250814
MID75,SID75,67,2017-03-08 06:08:20,.972,25,2.205607459920336
MID74,SID74,67,2017-03-08 06:08:20,1.111,33,2.4913091511068273
MID73,SID73,67,2017-03-08 06:08:20,.833,33,2.401100234459021
MID72,SID72,67,2017-03-08 06:08:20,1.389,31,2.005235948129567
MID71,SID71,67,2017-03-08 06:08:20,.833,30,2.2037809988073644
MID70,SID70,67,2017-03-08 06:08:20,.833,27,2.27781821681414
MID90,SID90,67,2017-03-08 06:08:20,1.111,28,2.241705958794229
MID89,SID89,67,2017-03-08 06:08:20,1.389,34,2.0626474077739365
MID88,SID88,67,2017-03-08 06:08:20,1.111,27,2.4040685275503675
MID87,SID87,67,2017-03-08 06:08:20,1.250,33,2.274679570992568
MID86,SID86,67,2017-03-08 06:08:20,.833,27,2.433354433187681
MID85,SID85,67,2017-03-08 06:08:20,1.389,25,2.0671184925857995
MID84,SID84,67,2017-03-08 06:08:20,.833,33,2.345255931619811
MID83,SID83,67,2017-03-08 06:08:20,.833,31,2.1574499442419466
MID82,SID82,67,2017-03-08 06:08:20,1.250,25,2.2364591379867536
MID81,SID81,67,2017-03-08 06:08:20,1.250,32,2.3067458699517474
MID80,SID80,67,2017-03-08 06:08:20,1.250,34,2.4988984992922196
MID59,SID59,67,2017-03-08 06:08:20,.833,31,2.407726868171004
MID58,SID58,67,2017-03-08 06:08:20,.833,25,2.470813534984242
MID57,SID57,67,2017-03-08 06:08:20,1.389,32,2.497068485231627
MID56,SID56,67,2017-03-08 06:08:20,.694,29,2.3414791230864167
MID55,SID55,67,2017-03-08 06:08:20,1.111,29,2.021714879457589
MID54,SID54,67,2017-03-08 06:08:20,.694,31,2.070063151105133
MID53,SID53,67,2017-03-08 06:08:20,.972,33,2.331914641830702
MID52,SID52,67,2017-03-08 06:08:20,1.389,33,2.45042484322819
MID51,SID51,67,2017-03-08 06:08:20,1.250,28,2.3971548706312387
MID50,SID50,67,2017-03-08 06:08:20,.694,30,2.257021855829155
MID69,SID69,67,2017-03-08 06:08:20,1.389,30,2.2613049940781917
MID68,SID68,67,2017-03-08 06:08:20,.972,30,2.338159347107906
MID67,SID67,67,2017-03-08 06:08:20,1.250,28,2.4409197624233685
MID66,SID66,67,2017-03-08 06:08:20,.833,32,2.3360872274176305
MID65,SID65,67,2017-03-08 06:08:20,1.250,26,2.4427217537012504
MID64,SID64,67,2017-03-08 06:08:20,1.111,26,2.3710499267255942
MID63,SID63,67,2017-03-08 06:08:20,.833,34,2.0521355673207062
MID62,SID62,67,2017-03-08 06:08:20,1.389,26,2.3870278472733726
MID61,SID61,67,2017-03-08 06:08:20,1.250,32,2.00048819891096
MID60,SID60,67,2017-03-08 06:08:20,1.250,32,2.439512863014764
MID39,SID39,67,2017-03-08 06:08:20,1.111,27,2.0455322565775815
MID38,SID38,67,2017-03-08 06:08:20,.972,30,2.259298544206706
MID37,SID37,67,2017-03-08 06:08:20,1.111,33,2.4467961813426187
MID36,SID36,67,2017-03-08 06:08:20,1.250,31,2.4032197994224966
MID35,SID35,67,2017-03-08 06:08:20,1.250,30,2.1123517702874306
MID34,SID34,67,2017-03-08 06:08:20,.694,29,2.226224598004296
MID33,SID33,67,2017-03-08 06:08:20,1.389,28,2.323048722340421
MID32,SID32,67,2017-03-08 06:08:20,1.250,31,2.002078457318442
MID31,SID31,67,2017-03-08 06:08:20,.694,25,2.3189683292837793
MID30,SID30,67,2017-03-08 06:08:20,.972,26,2.0754268310838078
MID49,SID49,67,2017-03-08 06:08:20,.972,25,2.3926593287729334
MID48,SID48,67,2017-03-08 06:08:20,1.250,27,2.40612710315059
MID47,SID47,67,2017-03-08 06:08:20,.972,33,2.003632445338593
MID46,SID46,67,2017-03-08 06:08:20,1.111,32,2.0074376917186787
MID45,SID45,67,2017-03-08 06:08:20,.972,29,2.0617905501120464
MID44,SID44,67,2017-03-08 06:08:20,.694,29,2.4232096431674757
MID43,SID43,67,2017-03-08 06:08:20,.833,31,2.4569584724150157
MID42,SID42,67,2017-03-08 06:08:20,1.250,33,2.4877861632360263
MID41,SID41,67,2017-03-08 06:08:20,1.250,32,2.1925047078473234
MID40,SID40,67,2017-03-08 06:08:20,1.389,31,2.3173235856302563
MID19,SID19,67,2017-03-08 06:08:30,1.133,28,2.2290939990509226
MID18,SID18,67,2017-03-08 06:08:30,.992,26,2.2155465703138155
MID17,SID17,67,2017-03-08 06:08:30,1.133,32,2.4615559474722586
MID16,SID16,67,2017-03-08 06:08:30,.992,28,2.2676730571916313
MID15,SID15,67,2017-03-08 06:08:30,.708,32,2.469909002966347
MID14,SID14,67,2017-03-08 06:08:30,1.133,30,2.2141946133232198
MID13,SID13,67,2017-03-08 06:08:30,1.275,31,2.2072403077037306
MID12,SID12,67,2017-03-08 06:08:30,1.133,33,2.1567102285020563
MID11,SID11,67,2017-03-08 06:08:30,1.417,27,2.34026414759046
MID99,SID99,67,2017-03-08 06:08:30,.992,28,2.40053848076408
MID10,SID10,67,2017-03-08 06:08:30,.708,33,2.031608000892184
MID98,SID98,67,2017-03-08 06:08:30,1.275,34,2.4189236457307692
MID97,SID97,67,2017-03-08 06:08:30,.708,34,2.4294251932208435
MID96,SID96,67,2017-03-08 06:08:30,1.275,32,2.1271866873010525
MID95,SID95,67,2017-03-08 06:08:30,1.417,32,2.0577130886966564
MID94,SID94,67,2017-03-08 06:08:30,1.417,25,2.1449561232832375
MID93,SID93,67,2017-03-08 06:08:30,1.417,26,2.4787679602260946
MID92,SID92,67,2017-03-08 06:08:30,.992,33,2.1838734868973733
MID91,SID91,67,2017-03-08 06:08:30,1.417,34,2.4368066382942146
MID4,SID4,67,2017-03-08 06:08:30,.708,28,2.388190164107467
MID5,SID5,67,2017-03-08 06:08:30,1.133,33,2.333989680857261
MID6,SID6,67,2017-03-08 06:08:30,.850,26,2.432474901842586
MID7,SID7,67,2017-03-08 06:08:30,1.417,34,2.211144424338276
MID1,SID1,67,2017-03-08 06:08:30,.992,29,2.197625367781184
MID2,SID2,67,2017-03-08 06:08:30,1.417,34,2.359071130605978
MID3,SID3,67,2017-03-08 06:08:30,1.275,27,2.364700680829531
MID29,SID29,67,2017-03-08 06:08:30,1.275,30,2.016172559996373
MID28,SID28,67,2017-03-08 06:08:30,.992,28,2.1010496814114856
MID27,SID27,67,2017-03-08 06:08:30,.850,28,2.2666745711236715
MID26,SID26,67,2017-03-08 06:08:30,.850,26,2.4679835553615357
MID8,SID8,67,2017-03-08 06:08:30,.992,30,2.1180286166598856
MID25,SID25,67,2017-03-08 06:08:30,.708,33,2.0292185367160482
MID9,SID9,67,2017-03-08 06:08:30,1.133,26,2.1125950033444725
MID24,SID24,67,2017-03-08 06:08:30,.708,31,2.384179226846818
MID23,SID23,67,2017-03-08 06:08:30,1.133,28,2.120712411571093
MID22,SID22,67,2017-03-08 06:08:30,.992,29,2.0528114385547314
MID21,SID21,67,2017-03-08 06:08:30,.850,26,2.263265065220182
MID20,SID20,67,2017-03-08 06:08:30,.992,30,2.4370724377749
MID100,SID100,67,2017-03-08 06:08:30,1.133,32,2.36957850055025
MID79,SID79,67,2017-03-08 06:08:30,.708,33,2.174955799423822
MID78,SID78,67,2017-03-08 06:08:30,1.133,27,2.096296491040321
MID77,SID77,67,2017-03-08 06:08:30,.708,31,2.237769468899123
MID76,SID76,67,2017-03-08 06:08:30,.850,29,2.024979167718882
MID75,SID75,67,2017-03-08 06:08:30,.992,27,2.0557209465723827
MID74,SID74,67,2017-03-08 06:08:30,1.133,34,2.255036899833162
MID73,SID73,67,2017-03-08 06:08:30,.850,30,2.3629852134867657
MID72,SID72,67,2017-03-08 06:08:30,1.417,29,2.257420375584099
MID71,SID71,67,2017-03-08 06:08:30,.850,27,2.4116402043868668
MID70,SID70,67,2017-03-08 06:08:30,.850,32,2.447325016157144
MID90,SID90,67,2017-03-08 06:08:30,1.133,28,2.2583729914608126
MID89,SID89,67,2017-03-08 06:08:30,1.417,28,2.2719397338429017
MID88,SID88,67,2017-03-08 06:08:30,1.133,32,2.3171097548251796
MID87,SID87,67,2017-03-08 06:08:30,1.275,32,2.2511254900011064
MID86,SID86,67,2017-03-08 06:08:30,.850,26,2.3994916672828475
MID85,SID85,67,2017-03-08 06:08:30,1.417,26,2.23890590093219
MID84,SID84,67,2017-03-08 06:08:30,.850,30,2.061180341808243
MID83,SID83,67,2017-03-08 06:08:30,.850,27,2.408588027128889
MID82,SID82,67,2017-03-08 06:08:30,1.275,28,2.4258676892711644
MID81,SID81,67,2017-03-08 06:08:30,1.275,28,2.2149477861569244
MID80,SID80,67,2017-03-08 06:08:30,1.275,32,2.1448636370226777
MID59,SID59,67,2017-03-08 06:08:30,.850,25,2.1259606582265387
MID58,SID58,67,2017-03-08 06:08:30,.850,34,2.1361414415080584
MID57,SID57,67,2017-03-08 06:08:30,1.417,32,2.1290028784184973
MID56,SID56,67,2017-03-08 06:08:30,.708,26,2.125418272457419
MID55,SID55,67,2017-03-08 06:08:30,1.133,33,2.2205514131191513
MID54,SID54,67,2017-03-08 06:08:30,.708,31,2.160382019318805
MID53,SID53,67,2017-03-08 06:08:30,.992,31,2.297284536645192
MID52,SID52,67,2017-03-08 06:08:30,1.417,25,2.203144039466988
MID51,SID51,67,2017-03-08 06:08:30,1.275,32,2.3983043219106497
MID50,SID50,67,2017-03-08 06:08:30,.708,34,2.3003970247424927
MID69,SID69,67,2017-03-08 06:08:30,1.417,30,2.4127944490893487
MID68,SID68,67,2017-03-08 06:08:30,.992,25,2.27001062615241
MID67,SID67,67,2017-03-08 06:08:30,1.275,29,2.2149263770629264
MID66,SID66,67,2017-03-08 06:08:30,.850,30,2.166578403473208
MID65,SID65,67,2017-03-08 06:08:30,1.275,31,2.347566554064261
MID64,SID64,67,2017-03-08 06:08:30,1.133,32,2.222667963965781
MID63,SID63,67,2017-03-08 06:08:30,.850,28,2.1296043094957384
MID62,SID62,67,2017-03-08 06:08:30,1.417,27,2.2514353054474427
MID61,SID61,67,2017-03-08 06:08:30,1.275,31,2.0998404150848837
MID60,SID60,67,2017-03-08 06:08:30,1.275,31,2.0054185468377796
MID39,SID39,67,2017-03-08 06:08:30,1.133,32,2.493567191141917
MID38,SID38,67,2017-03-08 06:08:30,.992,31,2.190503490357308
MID37,SID37,67,2017-03-08 06:08:30,1.133,30,2.2374117035888483
MID36,SID36,67,2017-03-08 06:08:30,1.275,27,2.4860690656245197
MID35,SID35,67,2017-03-08 06:08:30,1.275,32,2.082832931962655
MID34,SID34,67,2017-03-08 06:08:30,.708,28,2.2231836226196093
MID33,SID33,67,2017-03-08 06:08:30,1.417,32,2.091677903109754
MID32,SID32,67,2017-03-08 06:08:30,1.275,31,2.35968467776722
MID31,SID31,67,2017-03-08 06:08:30,.708,34,2.287242452524449
MID30,SID30,67,2017-03-08 06:08:30,.992,26,2.060541861274508
MID49,SID49,67,2017-03-08 06:08:30,.992,33,2.356805771598733
MID48,SID48,67,2017-03-08 06:08:30,1.275,31,2.2244648251463603
MID47,SID47,67,2017-03-08 06:08:30,.992,26,2.2040531783820225
MID46,SID46,67,2017-03-08 06:08:30,1.133,32,2.1539163136532427
MID45,SID45,67,2017-03-08 06:08:30,.992,26,2.1050451847595895
MID44,SID44,67,2017-03-08 06:08:30,.708,29,2.3474293550551355
MID43,SID43,67,2017-03-08 06:08:30,.850,26,2.396380653722881
MID42,SID42,67,2017-03-08 06:08:30,1.275,29,2.1566083341815516
MID41,SID41,67,2017-03-08 06:08:30,1.275,31,2.362762095401113
MID40,SID40,67,2017-03-08 06:08:30,1.417,30,2.059439202440062
MID19,SID19,67,2017-03-08 06:08:40,1.156,34,2.2151994676303888
MID18,SID18,67,2017-03-08 06:08:40,1.011,31,2.465106488327599
MID17,SID17,67,2017-03-08 06:08:40,1.156,33,2.048991786564927
MID16,SID16,67,2017-03-08 06:08:40,1.011,32,2.2020500290845035
MID15,SID15,67,2017-03-08 06:08:40,.722,30,2.116535512590863
MID14,SID14,67,2017-03-08 06:08:40,1.156,26,2.24637011127871
MID13,SID13,67,2017-03-08 06:08:40,1.300,27,2.1819213560827877
MID12,SID12,67,2017-03-08 06:08:40,1.156,29,2.2835542448182298
MID11,SID11,67,2017-03-08 06:08:40,1.444,32,2.1111563640619964
MID99,SID99,67,2017-03-08 06:08:40,1.011,31,2.4673063774241317
MID10,SID10,67,2017-03-08 06:08:40,.722,32,2.0595274876576073
MID98,SID98,67,2017-03-08 06:08:40,1.300,27,2.2191921444569687
MID97,SID97,67,2017-03-08 06:08:40,.722,33,2.0732827296074876
MID96,SID96,67,2017-03-08 06:08:40,1.300,32,2.1449486878050688
MID95,SID95,67,2017-03-08 06:08:40,1.444,28,2.064179380386559
MID94,SID94,67,2017-03-08 06:08:40,1.444,32,2.329182033339725
MID93,SID93,67,2017-03-08 06:08:40,1.444,27,2.477608096440946
MID92,SID92,67,2017-03-08 06:08:40,1.011,33,2.1071324096700517
MID91,SID91,67,2017-03-08 06:08:40,1.444,34,2.3712876052301217
MID4,SID4,67,2017-03-08 06:08:40,.722,31,2.1070693049816778
MID5,SID5,67,2017-03-08 06:08:40,1.156,26,2.475893045808063
MID6,SID6,67,2017-03-08 06:08:40,.867,31,2.3276600713585447
MID7,SID7,67,2017-03-08 06:08:40,1.444,26,2.304913187005879
MID1,SID1,67,2017-03-08 06:08:40,1.011,33,2.410114987748749
MID2,SID2,67,2017-03-08 06:08:40,1.444,30,2.3335980124791775
MID3,SID3,67,2017-03-08 06:08:40,1.300,26,2.194122529296889
MID29,SID29,67,2017-03-08 06:08:40,1.300,28,2.0552143955613413
MID28,SID28,67,2017-03-08 06:08:40,1.011,26,2.2951684763431266
MID27,SID27,67,2017-03-08 06:08:40,.867,31,2.403148141598633
MID26,SID26,67,2017-03-08 06:08:40,.867,31,2.4798097595653386
MID8,SID8,67,2017-03-08 06:08:40,1.011,27,2.0387703517411264
MID25,SID25,67,2017-03-08 06:08:40,.722,32,2.1727671651657228
MID9,SID9,67,2017-03-08 06:08:40,1.156,31,2.4496108546489355
MID24,SID24,67,2017-03-08 06:08:40,.722,25,2.0436902024478942
MID23,SID23,67,2017-03-08 06:08:40,1.156,31,2.1491609381250356
MID22,SID22,67,2017-03-08 06:08:40,1.011,32,2.0517321721951842
MID21,SID21,67,2017-03-08 06:08:40,.867,32,2.259211929104556
MID20,SID20,67,2017-03-08 06:08:40,1.011,31,2.1955722865469784
MID100,SID100,67,2017-03-08 06:08:40,1.156,27,2.4013950653902407
MID79,SID79,67,2017-03-08 06:08:40,.722,32,2.348825684693255
MID78,SID78,67,2017-03-08 06:08:40,1.156,28,2.23082682518928
MID77,SID77,67,2017-03-08 06:08:40,.722,30,2.35344420355896
MID76,SID76,67,2017-03-08 06:08:40,.867,28,2.389134217003406
MID75,SID75,67,2017-03-08 06:08:40,1.011,32,2.12891084915584
MID74,SID74,67,2017-03-08 06:08:40,1.156,29,2.108935976792876
MID73,SID73,67,2017-03-08 06:08:40,.867,30,2.1720001733693275
MID72,SID72,67,2017-03-08 06:08:40,1.444,29,2.281333467071586
MID71,SID71,67,2017-03-08 06:08:40,.867,27,2.0502175666449127
MID70,SID70,67,2017-03-08 06:08:40,.867,31,2.331216766582348
MID90,SID90,67,2017-03-08 06:08:40,1.156,29,2.2538919750273387
MID89,SID89,67,2017-03-08 06:08:40,1.444,34,2.4146399492583672
MID88,SID88,67,2017-03-08 06:08:40,1.156,30,2.4980475045842048
MID87,SID87,67,2017-03-08 06:08:40,1.300,30,2.109981399702878
MID86,SID86,67,2017-03-08 06:08:40,.867,34,2.2034060119200776
MID85,SID85,67,2017-03-08 06:08:40,1.444,34,2.34702102178355
MID84,SID84,67,2017-03-08 06:08:40,.867,32,2.1620447102028275
MID83,SID83,67,2017-03-08 06:08:40,.867,28,2.083232800609031
MID82,SID82,67,2017-03-08 06:08:40,1.300,34,2.2129531930707276
MID81,SID81,67,2017-03-08 06:08:40,1.300,33,2.3598496866664647
MID80,SID80,67,2017-03-08 06:08:40,1.300,33,2.055518937722335
MID59,SID59,67,2017-03-08 06:08:40,.867,30,2.22217388066035
MID58,SID58,67,2017-03-08 06:08:40,.867,25,2.4868150349439535
MID57,SID57,67,2017-03-08 06:08:40,1.444,31,2.1191478893017934
MID56,SID56,67,2017-03-08 06:08:40,.722,25,2.2262581521067113
MID55,SID55,67,2017-03-08 06:08:40,1.156,34,2.056472080443501
MID54,SID54,67,2017-03-08 06:08:40,.722,33,2.418082641901918
MID53,SID53,67,2017-03-08 06:08:40,1.011,28,2.3564297430022467
MID52,SID52,67,2017-03-08 06:08:40,1.444,30,2.3512940944597793
MID51,SID51,67,2017-03-08 06:08:40,1.300,28,2.375692016639126
MID50,SID50,67,2017-03-08 06:08:40,.722,30,2.394154710466839
MID69,SID69,67,2017-03-08 06:08:40,1.444,25,2.0167314581167233
MID68,SID68,67,2017-03-08 06:08:40,1.011,27,2.482776973001856
MID67,SID67,67,2017-03-08 06:08:40,1.300,33,2.105204513233902
MID66,SID66,67,2017-03-08 06:08:40,.867,34,2.2783670326767096
MID65,SID65,67,2017-03-08 06:08:40,1.300,31,2.4966340743466646
MID64,SID64,67,2017-03-08 06:08:40,1.156,31,2.3288304415233227
MID63,SID63,67,2017-03-08 06:08:40,.867,32,2.2465251548962706
MID62,SID62,67,2017-03-08 06:08:40,1.444,30,2.312710421815169
MID61,SID61,67,2017-03-08 06:08:40,1.300,26,2.3205802949026
MID60,SID60,67,2017-03-08 06:08:40,1.300,28,2.3024990407861767
MID39,SID39,67,2017-03-08 06:08:40,1.156,30,2.0989652933154757
MID38,SID38,67,2017-03-08 06:08:40,1.011,29,2.0084006792706304
MID37,SID37,67,2017-03-08 06:08:40,1.156,27,2.1178253051259537
MID36,SID36,67,2017-03-08 06:08:40,1.300,28,2.0459803782208414
MID35,SID35,67,2017-03-08 06:08:40,1.300,33,2.024047592195025
MID34,SID34,67,2017-03-08 06:08:40,.722,33,2.4518775782481694
MID33,SID33,67,2017-03-08 06:08:40,1.444,27,2.2614405592066356
MID32,SID32,67,2017-03-08 06:08:40,1.300,28,2.2030231468694548
MID31,SID31,67,2017-03-08 06:08:40,.722,32,2.073899973916254
MID30,SID30,67,2017-03-08 06:08:40,1.011,34,2.3470324484832346
MID49,SID49,67,2017-03-08 06:08:40,1.011,34,2.0179166378127715
MID48,SID48,67,2017-03-08 06:08:40,1.300,33,2.1285740391434813
MID47,SID47,67,2017-03-08 06:08:40,1.011,30,2.053021492505294
MID46,SID46,67,2017-03-08 06:08:40,1.156,25,2.471929331147936
MID45,SID45,67,2017-03-08 06:08:40,1.011,25,2.3259456199654385
MID44,SID44,67,2017-03-08 06:08:40,.722,32,2.206781177958871
MID43,SID43,67,2017-03-08 06:08:40,.867,28,2.272526079786054
MID42,SID42,67,2017-03-08 06:08:40,1.300,27,2.251230718163179
MID41,SID41,67,2017-03-08 06:08:40,1.300,27,2.4612641271767957
MID40,SID40,67,2017-03-08 06:08:40,1.444,28,2.2978172030592954
MID19,SID19,67,2017-03-08 06:08:50,1.178,34,2.026280888851109
MID18,SID18,67,2017-03-08 06:08:50,1.031,32,2.1960154664094977
MID17,SID17,67,2017-03-08 06:08:50,1.178,33,2.2304729922421496
MID16,SID16,67,2017-03-08 06:08:50,1.031,25,2.0259739586922305
MID15,SID15,67,2017-03-08 06:08:50,.736,26,2.0012933330098397
MID14,SID14,67,2017-03-08 06:08:50,1.178,26,2.017926799380456
MID13,SID13,67,2017-03-08 06:08:50,1.325,30,2.224059964962491
MID12,SID12,67,2017-03-08 06:08:50,1.178,25,2.0100394940561093
MID11,SID11,67,2017-03-08 06:08:50,1.472,32,2.2854740815250683
MID99,SID99,67,2017-03-08 06:08:50,1.031,25,2.2100806820969345
MID10,SID10,67,2017-03-08 06:08:50,.736,26,2.2425310325571868
MID98,SID98,67,2017-03-08 06:08:50,1.325,26,2.2838019058691676
MID97,SID97,67,2017-03-08 06:08:50,.736,32,2.155269532162281
MID96,SID96,67,2017-03-08 06:08:50,1.325,34,2.4111036989772088
MID95,SID95,67,2017-03-08 06:08:50,1.472,30,2.305503561992967
MID94,SID94,67,2017-03-08 06:08:50,1.472,28,2.0796073671957367
MID93,SID93,67,2017-03-08 06:08:50,1.472,27,2.460108615714656
MID92,SID92,67,2017-03-08 06:08:50,1.031,26,2.495827365168979
MID91,SID91,67,2017-03-08 06:08:50,1.472,32,2.2139475805866042
MID4,SID4,67,2017-03-08 06:08:50,.736,30,2.2749732304399535
MID5,SID5,67,2017-03-08 06:08:50,1.178,28,2.027988047922096
MID6,SID6,67,2017-03-08 06:08:50,.883,27,2.3569648419606786
MID7,SID7,67,2017-03-08 06:08:50,1.472,34,2.021958914712372
MID1,SID1,67,2017-03-08 06:08:50,1.031,27,2.0505736402404056
MID2,SID2,67,2017-03-08 06:08:50,1.472,28,2.347501788256986
MID3,SID3,67,2017-03-08 06:08:50,1.325,34,2.4151626763212493
MID29,SID29,67,2017-03-08 06:08:50,1.325,27,2.423852778504057
MID28,SID28,67,2017-03-08 06:08:50,1.031,26,2.1062416925966785
MID27,SID27,67,2017-03-08 06:08:50,.883,30,2.0040919501470715
MID26,SID26,67,2017-03-08 06:08:50,.883,28,2.4764382680320596
MID8,SID8,67,2017-03-08 06:08:50,1.031,32,2.464480096777965
MID25,SID25,67,2017-03-08 06:08:50,.736,32,2.3964270762849225
MID9,SID9,67,2017-03-08 06:08:50,1.178,28,2.258063651830929
MID24,SID24,67,2017-03-08 06:08:50,.736,31,2.254782376292422
MID23,SID23,67,2017-03-08 06:08:50,1.178,30,2.3057600216716647
MID22,SID22,67,2017-03-08 06:08:50,1.031,33,2.2472303208130344
MID21,SID21,67,2017-03-08 06:08:50,.883,28,2.4574815447186884
MID20,SID20,67,2017-03-08 06:08:50,1.031,31,2.1700278537446707
MID100,SID100,67,2017-03-08 06:08:50,1.178,28,2.152057051397327
MID79,SID79,67,2017-03-08 06:08:50,.736,27,2.3335326861669397
MID78,SID78,67,2017-03-08 06:08:50,1.178,31,2.2288706068085307
MID77,SID77,67,2017-03-08 06:08:50,.736,28,2.175205163111781
MID76,SID76,67,2017-03-08 06:08:50,.883,26,2.2547022664403324
MID75,SID75,67,2017-03-08 06:08:50,1.031,32,2.496928716215092
MID74,SID74,67,2017-03-08 06:08:50,1.178,34,2.4467148816673467
MID73,SID73,67,2017-03-08 06:08:50,.883,28,2.410370412462775
MID72,SID72,67,2017-03-08 06:08:50,1.472,29,2.084762324433881
MID71,SID71,67,2017-03-08 06:08:50,.883,33,2.167293332504967
MID70,SID70,67,2017-03-08 06:08:50,.883,28,2.4902632562238365
MID90,SID90,67,2017-03-08 06:08:50,1.178,32,2.3195884316226514
MID89,SID89,67,2017-03-08 06:08:50,1.472,34,2.2727965826379846
MID88,SID88,67,2017-03-08 06:08:50,1.178,34,2.022005441970922
MID87,SID87,67,2017-03-08 06:08:50,1.325,26,2.011974701452085
MID86,SID86,67,2017-03-08 06:08:50,.883,28,2.313434041089504
MID85,SID85,67,2017-03-08 06:08:50,1.472,26,2.14567423337737
MID84,SID84,67,2017-03-08 06:08:50,.883,31,2.066094196644774
MID83,SID83,67,2017-03-08 06:08:50,.883,32,2.1598862249285173
MID82,SID82,67,2017-03-08 06:08:50,1.325,30,2.0144521712356243
MID81,SID81,67,2017-03-08 06:08:50,1.325,32,2.3607269114694094
MID80,SID80,67,2017-03-08 06:08:50,1.325,27,2.462398088915127
MID59,SID59,67,2017-03-08 06:08:50,.883,32,2.1524926370788715
MID58,SID58,67,2017-03-08 06:08:50,.883,25,2.2133021688853884
MID57,SID57,67,2017-03-08 06:08:50,1.472,33,2.166577152958616
MID56,SID56,67,2017-03-08 06:08:50,.736,26,2.113055411506159
MID55,SID55,67,2017-03-08 06:08:50,1.178,25,2.321043377750943
MID54,SID54,67,2017-03-08 06:08:50,.736,34,2.4789954568616754
MID53,SID53,67,2017-03-08 06:08:50,1.031,28,2.4866282649694282
MID52,SID52,67,2017-03-08 06:08:50,1.472,31,2.088314659880481
MID51,SID51,67,2017-03-08 06:08:50,1.325,30,2.259766799749672
MID50,SID50,67,2017-03-08 06:08:50,.736,28,2.135196619851938
MID69,SID69,67,2017-03-08 06:08:50,1.472,26,2.4222840285500244
MID68,SID68,67,2017-03-08 06:08:50,1.031,28,2.0998672641985707
MID67,SID67,67,2017-03-08 06:08:50,1.325,25,2.196584548648455
MID66,SID66,67,2017-03-08 06:08:50,.883,27,2.0948659427105363
MID65,SID65,67,2017-03-08 06:08:50,1.325,27,2.0519864954847646
MID64,SID64,67,2017-03-08 06:08:50,1.178,33,2.184460523199375
MID63,SID63,67,2017-03-08 06:08:50,.883,25,2.1743571935984414
MID62,SID62,67,2017-03-08 06:08:50,1.472,26,2.047390823108136
MID61,SID61,67,2017-03-08 06:08:50,1.325,27,2.468179569862299
MID60,SID60,67,2017-03-08 06:08:50,1.325,25,2.197007567498148
MID39,SID39,67,2017-03-08 06:08:50,1.178,34,2.296298145606945
MID38,SID38,67,2017-03-08 06:08:50,1.031,33,2.453725735085115
MID37,SID37,67,2017-03-08 06:08:50,1.178,28,2.4156724439877326
MID36,SID36,67,2017-03-08 06:08:50,1.325,30,2.231018739643794
MID35,SID35,67,2017-03-08 06:08:50,1.325,32,2.4711665102278983
MID34,SID34,67,2017-03-08 06:08:50,.736,27,2.212591479648454
MID33,SID33,67,2017-03-08 06:08:50,1.472,32,2.368200777884277
MID32,SID32,67,2017-03-08 06:08:50,1.325,26,2.0725949961712447
MID31,SID31,67,2017-03-08 06:08:50,.736,31,2.0716332807016364
MID30,SID30,67,2017-03-08 06:08:50,1.031,29,2.437261328227834
MID49,SID49,67,2017-03-08 06:08:50,1.031,26,2.389312109505531
MID48,SID48,67,2017-03-08 06:08:50,1.325,31,2.1536111872196195
MID47,SID47,67,2017-03-08 06:08:50,1.031,28,2.086605859811374
MID46,SID46,67,2017-03-08 06:08:50,1.178,28,2.2898509232449324
MID45,SID45,67,2017-03-08 06:08:50,1.031,28,2.099935201700524
MID44,SID44,67,2017-03-08 06:08:50,.736,32,2.18541159091415
MID43,SID43,67,2017-03-08 06:08:50,.883,31,2.10390403994478
MID42,SID42,67,2017-03-08 06:08:50,1.325,25,2.0050496961962123
MID41,SID41,67,2017-03-08 06:08:50,1.325,30,2.4139039747604447
MID40,SID40,67,2017-03-08 06:08:50,1.472,25,2.017943235105617
MID19,SID19,67,2017-03-08 06:09:00,1.200,30,2.308109058590337
MID18,SID18,67,2017-03-08 06:09:00,1.050,30,2.4432561674667372
MID17,SID17,67,2017-03-08 06:09:00,1.200,32,2.487993215862793
MID16,SID16,67,2017-03-08 06:09:00,1.050,34,2.0096567311473654
MID15,SID15,67,2017-03-08 06:09:00,.750,31,2.124888636943217
MID14,SID14,67,2017-03-08 06:09:00,1.200,31,2.0478322961986493
MID13,SID13,67,2017-03-08 06:09:00,1.350,27,2.4859314920134308
MID12,SID12,67,2017-03-08 06:09:00,1.200,30,2.32404449094056
MID11,SID11,67,2017-03-08 06:09:00,1.500,28,2.2485245800091342
MID99,SID99,67,2017-03-08 06:09:00,1.050,29,2.173100695459024
MID10,SID10,67,2017-03-08 06:09:00,.750,28,2.292060913326558
MID98,SID98,67,2017-03-08 06:09:00,1.350,33,2.3658443378356817
MID97,SID97,67,2017-03-08 06:09:00,.750,26,2.352590525421008
MID96,SID96,67,2017-03-08 06:09:00,1.350,29,2.2550276888637732
MID95,SID95,67,2017-03-08 06:09:00,1.500,31,2.0788447293938406
MID94,SID94,67,2017-03-08 06:09:00,1.500,25,2.3059523552026766
MID93,SID93,67,2017-03-08 06:09:00,1.500,26,2.382943794533383
MID92,SID92,67,2017-03-08 06:09:00,1.050,29,2.297379854139611
MID91,SID91,67,2017-03-08 06:09:00,1.500,30,2.3245122603949357
MID4,SID4,67,2017-03-08 06:09:00,.750,27,2.276170606718966
MID5,SID5,67,2017-03-08 06:09:00,1.200,29,2.466985449496515
MID6,SID6,67,2017-03-08 06:09:00,.900,32,2.2143796301408036
MID7,SID7,67,2017-03-08 06:09:00,1.500,34,2.3017246980270314
MID1,SID1,67,2017-03-08 06:09:00,1.050,32,2.194776808731356
MID2,SID2,67,2017-03-08 06:09:00,1.500,25,2.374605152011074
MID3,SID3,67,2017-03-08 06:09:00,1.350,28,2.4028852706534565
MID29,SID29,67,2017-03-08 06:09:00,1.350,28,2.031242398147833
MID28,SID28,67,2017-03-08 06:09:00,1.050,25,2.49589494456782
MID27,SID27,67,2017-03-08 06:09:00,.900,27,2.3935634153360748
MID26,SID26,67,2017-03-08 06:09:00,.900,26,2.334133252662337
MID8,SID8,67,2017-03-08 06:09:00,1.050,32,2.1343157496842613
MID25,SID25,67,2017-03-08 06:09:00,.750,28,2.3986385984161123
MID9,SID9,67,2017-03-08 06:09:00,1.200,32,2.4046019159138354
MID24,SID24,67,2017-03-08 06:09:00,.750,28,2.2843075725652766
MID23,SID23,67,2017-03-08 06:09:00,1.200,26,2.3217948303922538
MID22,SID22,67,2017-03-08 06:09:00,1.050,34,2.371013293063544
MID21,SID21,67,2017-03-08 06:09:00,.900,29,2.3956534658019986
MID20,SID20,67,2017-03-08 06:09:00,1.050,31,2.230770875789503
MID100,SID100,67,2017-03-08 06:09:00,1.200,30,2.0509779939037527
MID79,SID79,67,2017-03-08 06:09:00,.750,33,2.102821205390951
MID78,SID78,67,2017-03-08 06:09:00,1.200,29,2.070843637242958
MID77,SID77,67,2017-03-08 06:09:00,.750,25,2.15525768268144
MID76,SID76,67,2017-03-08 06:09:00,.900,26,2.4312689213019865
MID75,SID75,67,2017-03-08 06:09:00,1.050,32,2.110642206031134
MID74,SID74,67,2017-03-08 06:09:00,1.200,30,2.494749181650271
MID73,SID73,67,2017-03-08 06:09:00,.900,29,2.0702334423430435
MID72,SID72,67,2017-03-08 06:09:00,1.500,28,2.2592887488769122
MID71,SID71,67,2017-03-08 06:09:00,.900,29,2.450452233298666
MID70,SID70,67,2017-03-08 06:09:00,.900,32,2.0845723984019906
MID90,SID90,67,2017-03-08 06:09:00,1.200,30,2.356769255894801
MID89,SID89,67,2017-03-08 06:09:00,1.500,33,2.310296874671431
MID88,SID88,67,2017-03-08 06:09:00,1.200,26,2.1497910513739855
MID87,SID87,67,2017-03-08 06:09:00,1.350,27,2.482802663275823
MID86,SID86,67,2017-03-08 06:09:00,.900,25,2.2172996225865234
MID85,SID85,67,2017-03-08 06:09:00,1.500,27,2.4050034165492966
MID84,SID84,67,2017-03-08 06:09:00,.900,29,2.1799642519610893
MID83,SID83,67,2017-03-08 06:09:00,.900,30,2.1204397909513095
MID82,SID82,67,2017-03-08 06:09:00,1.350,28,2.166956184209729
MID81,SID81,67,2017-03-08 06:09:00,1.350,31,2.068672679990797
MID80,SID80,67,2017-03-08 06:09:00,1.350,26,2.3193647362747827
MID59,SID59,67,2017-03-08 06:09:00,.900,30,2.1138605666316534
MID58,SID58,67,2017-03-08 06:09:00,.900,27,2.3153591805718126
MID57,SID57,67,2017-03-08 06:09:00,1.500,27,2.330043668505002
MID56,SID56,67,2017-03-08 06:09:00,.750,30,2.2902257617282697
MID55,SID55,67,2017-03-08 06:09:00,1.200,26,2.2155451065706626
MID54,SID54,67,2017-03-08 06:09:00,.750,29,2.3135158848596795
MID53,SID53,67,2017-03-08 06:09:00,1.050,34,2.205833606641304
MID52,SID52,67,2017-03-08 06:09:00,1.500,25,2.0550138451610955
MID51,SID51,67,2017-03-08 06:09:00,1.350,32,2.360770553737015
MID50,SID50,67,2017-03-08 06:09:00,.750,29,2.2314157285415575
MID69,SID69,67,2017-03-08 06:09:00,1.500,34,2.414931390597656
MID68,SID68,67,2017-03-08 06:09:00,1.050,33,2.4304010528668387
MID67,SID67,67,2017-03-08 06:09:00,1.350,33,2.4789099019303853
MID66,SID66,67,2017-03-08 06:09:00,.900,28,2.172760627554336
MID65,SID65,67,2017-03-08 06:09:00,1.350,27,2.2208115063255502
MID64,SID64,67,2017-03-08 06:09:00,1.200,31,2.4971880376668314
MID63,SID63,67,2017-03-08 06:09:00,.900,25,2.0581417896197696
MID62,SID62,67,2017-03-08 06:09:00,1.500,30,2.004750564000862
MID61,SID61,67,2017-03-08 06:09:00,1.350,34,2.043591401203007
MID60,SID60,67,2017-03-08 06:09:00,1.350,30,2.096902965180286
MID39,SID39,67,2017-03-08 06:09:00,1.200,27,2.0495643045939955
MID38,SID38,67,2017-03-08 06:09:00,1.050,31,2.2495497403658855
MID37,SID37,67,2017-03-08 06:09:00,1.200,25,2.2657053159407488
MID36,SID36,67,2017-03-08 06:09:00,1.350,34,2.123825435045677
MID35,SID35,67,2017-03-08 06:09:00,1.350,32,2.295198222530318
MID34,SID34,67,2017-03-08 06:09:00,.750,31,2.009767095540866
MID33,SID33,67,2017-03-08 06:09:00,1.500,28,2.421074611532251
MID32,SID32,67,2017-03-08 06:09:00,1.350,26,2.086294896876007
MID31,SID31,67,2017-03-08 06:09:00,.750,26,2.244663751065437
MID30,SID30,67,2017-03-08 06:09:00,1.050,28,2.121529525527081
MID49,SID49,67,2017-03-08 06:09:00,1.050,27,2.253606411169825
MID48,SID48,67,2017-03-08 06:09:00,1.350,26,2.218395266622345
MID47,SID47,67,2017-03-08 06:09:00,1.050,27,2.155659973011191
MID46,SID46,67,2017-03-08 06:09:00,1.200,32,2.157475153700473
MID45,SID45,67,2017-03-08 06:09:00,1.050,30,2.0892143083000176
MID44,SID44,67,2017-03-08 06:09:00,.750,26,2.3692113967765507
MID43,SID43,67,2017-03-08 06:09:00,.900,31,2.035407576454729
MID42,SID42,67,2017-03-08 06:09:00,1.350,31,2.2042070673273026
MID41,SID41,67,2017-03-08 06:09:00,1.350,30,2.0666423561233938
MID40,SID40,67,2017-03-08 06:09:00,1.500,28,2.4374091691558295
MID19,SID19,67,2017-03-08 06:09:10,1.222,32,2.2312190142222725
MID18,SID18,67,2017-03-08 06:09:10,1.069,32,2.0786714706316345
MID17,SID17,67,2017-03-08 06:09:10,1.222,33,2.318295035032254
MID16,SID16,67,2017-03-08 06:09:10,1.069,31,2.1196772352760584
MID15,SID15,67,2017-03-08 06:09:10,.764,32,2.139336668815044
MID14,SID14,67,2017-03-08 06:09:10,1.222,27,2.220346068339451
MID13,SID13,67,2017-03-08 06:09:10,1.375,25,2.235747999016083
MID12,SID12,67,2017-03-08 06:09:10,1.222,34,2.0668683241903465
MID11,SID11,67,2017-03-08 06:09:10,1.528,33,2.1876838840062702
MID99,SID99,67,2017-03-08 06:09:10,1.069,27,2.3606325630654523
MID10,SID10,67,2017-03-08 06:09:10,.764,28,2.035930027585978
MID98,SID98,67,2017-03-08 06:09:10,1.375,33,2.447139253467155
MID97,SID97,67,2017-03-08 06:09:10,.764,26,2.394904077020739
MID96,SID96,67,2017-03-08 06:09:10,1.375,28,2.2045538188680402
MID95,SID95,67,2017-03-08 06:09:10,1.528,30,2.4269960182402084
MID94,SID94,67,2017-03-08 06:09:10,1.528,33,2.1309382110101938
MID93,SID93,67,2017-03-08 06:09:10,1.528,31,2.16872125615867
MID92,SID92,67,2017-03-08 06:09:10,1.069,25,2.0103819676524735
MID91,SID91,67,2017-03-08 06:09:10,1.528,33,2.291401403560163
MID4,SID4,67,2017-03-08 06:09:10,.764,32,2.2250855023038096
MID5,SID5,67,2017-03-08 06:09:10,1.222,27,2.2589038897237943
MID6,SID6,67,2017-03-08 06:09:10,.917,28,2.0212027638547085
MID7,SID7,67,2017-03-08 06:09:10,1.528,34,2.132496645157933
MID1,SID1,67,2017-03-08 06:09:10,1.069,26,2.337250550083045
MID2,SID2,67,2017-03-08 06:09:10,1.528,25,2.208624102991786
MID3,SID3,67,2017-03-08 06:09:10,1.375,31,2.0630406319730543
MID29,SID29,67,2017-03-08 06:09:10,1.375,27,2.1143418977355384
MID28,SID28,67,2017-03-08 06:09:10,1.069,31,2.4240091152534697
MID27,SID27,67,2017-03-08 06:09:10,.917,26,2.2119395157444632
MID26,SID26,67,2017-03-08 06:09:10,.917,27,2.250597326048762
MID8,SID8,67,2017-03-08 06:09:10,1.069,27,2.319700814306242
MID25,SID25,67,2017-03-08 06:09:10,.764,32,2.0025294539320617
MID9,SID9,67,2017-03-08 06:09:10,1.222,28,2.296237854781485
MID24,SID24,67,2017-03-08 06:09:10,.764,33,2.166544811936831
MID23,SID23,67,2017-03-08 06:09:10,1.222,29,2.3632709813683945
MID22,SID22,67,2017-03-08 06:09:10,1.069,30,2.409275985945425
MID21,SID21,67,2017-03-08 06:09:10,.917,29,2.119050652090549
MID20,SID20,67,2017-03-08 06:09:10,1.069,26,2.269511046472166
MID100,SID100,67,2017-03-08 06:09:10,1.222,31,2.4703408297359193
MID79,SID79,67,2017-03-08 06:09:10,.764,28,2.1574555899267707
MID78,SID78,67,2017-03-08 06:09:10,1.222,26,2.0518862041378902
MID77,SID77,67,2017-03-08 06:09:10,.764,26,2.471510245913045
MID76,SID76,67,2017-03-08 06:09:10,.917,32,2.360270192783306
MID75,SID75,67,2017-03-08 06:09:10,1.069,30,2.0144523337567195
MID74,SID74,67,2017-03-08 06:09:10,1.222,30,2.361899888151495
MID73,SID73,67,2017-03-08 06:09:10,.917,33,2.2235062116796414
MID72,SID72,67,2017-03-08 06:09:10,1.528,28,2.4676106289796604
MID71,SID71,67,2017-03-08 06:09:10,.917,32,2.211406701082962
MID70,SID70,67,2017-03-08 06:09:10,.917,26,2.3751912824168824
MID90,SID90,67,2017-03-08 06:09:10,1.222,34,2.2014007842134644
MID89,SID89,67,2017-03-08 06:09:10,1.528,27,2.420188952576093
MID88,SID88,67,2017-03-08 06:09:10,1.222,30,2.3620835471798833
MID87,SID87,67,2017-03-08 06:09:10,1.375,29,2.4090806887789613
MID86,SID86,67,2017-03-08 06:09:10,.917,25,2.4317363188140564
MID85,SID85,67,2017-03-08 06:09:10,1.528,31,2.2751472291112425
MID84,SID84,67,2017-03-08 06:09:10,.917,30,2.191579583809131
MID83,SID83,67,2017-03-08 06:09:10,.917,30,2.2781721531564725
MID82,SID82,67,2017-03-08 06:09:10,1.375,34,2.0446260836916794
MID81,SID81,67,2017-03-08 06:09:10,1.375,27,2.368009315912489
MID80,SID80,67,2017-03-08 06:09:10,1.375,26,2.3605939161813967
MID59,SID59,67,2017-03-08 06:09:10,.917,27,2.162628439737283
MID58,SID58,67,2017-03-08 06:09:10,.917,30,2.3683511706039146
MID57,SID57,67,2017-03-08 06:09:10,1.528,34,2.2585929983029005
MID56,SID56,67,2017-03-08 06:09:10,.764,26,2.0495246560673315
MID55,SID55,67,2017-03-08 06:09:10,1.222,32,2.438173601673901
MID54,SID54,67,2017-03-08 06:09:10,.764,32,2.2433706571308827
MID53,SID53,67,2017-03-08 06:09:10,1.069,31,2.0873080535236794
MID52,SID52,67,2017-03-08 06:09:10,1.528,31,2.296029670963362
MID51,SID51,67,2017-03-08 06:09:10,1.375,31,2.3459167040466022
MID50,SID50,67,2017-03-08 06:09:10,.764,31,2.1894885593733204
MID69,SID69,67,2017-03-08 06:09:10,1.528,32,2.065512656072503
MID68,SID68,67,2017-03-08 06:09:10,1.069,31,2.2613457534828365
MID67,SID67,67,2017-03-08 06:09:10,1.375,26,2.039084322436585
MID66,SID66,67,2017-03-08 06:09:10,.917,33,2.0082997051682896
MID65,SID65,67,2017-03-08 06:09:10,1.375,33,2.309641449479943
MID64,SID64,67,2017-03-08 06:09:10,1.222,27,2.3745024278440336
MID63,SID63,67,2017-03-08 06:09:10,.917,32,2.0268455420122686
MID62,SID62,67,2017-03-08 06:09:10,1.528,30,2.126857279109797
MID61,SID61,67,2017-03-08 06:09:10,1.375,31,2.0313199389129117
MID60,SID60,67,2017-03-08 06:09:10,1.375,31,2.0659730799748877
MID39,SID39,67,2017-03-08 06:09:10,1.222,27,2.0312387024802163
MID38,SID38,67,2017-03-08 06:09:10,1.069,31,2.293065953624382
MID37,SID37,67,2017-03-08 06:09:10,1.222,31,2.334824693330005
MID36,SID36,67,2017-03-08 06:09:10,1.375,33,2.3135916883545997
MID35,SID35,67,2017-03-08 06:09:10,1.375,32,2.0906148521790566
MID34,SID34,67,2017-03-08 06:09:10,.764,34,2.0637947565389316
MID33,SID33,67,2017-03-08 06:09:10,1.528,27,2.333513786083202
MID32,SID32,67,2017-03-08 06:09:10,1.375,26,2.3768602981513824
MID31,SID31,67,2017-03-08 06:09:10,.764,26,2.1737810935708155
MID30,SID30,67,2017-03-08 06:09:10,1.069,30,2.241670226906097
MID49,SID49,67,2017-03-08 06:09:10,1.069,33,2.2649288244561285
MID48,SID48,67,2017-03-08 06:09:10,1.375,29,2.188364110751705
MID47,SID47,67,2017-03-08 06:09:10,1.069,28,2.1945211246751963
MID46,SID46,67,2017-03-08 06:09:10,1.222,31,2.453517624500102
MID45,SID45,67,2017-03-08 06:09:10,1.069,26,2.241004881519425
MID44,SID44,67,2017-03-08 06:09:10,.764,25,2.3892804100438534
MID43,SID43,67,2017-03-08 06:09:10,.917,34,2.2245650696247803
MID42,SID42,67,2017-03-08 06:09:10,1.375,26,2.4495627893324854
MID41,SID41,67,2017-03-08 06:09:10,1.375,29,2.4258555354981803
MID40,SID40,67,2017-03-08 06:09:10,1.528,32,2.466240448663174
MID19,SID19,67,2017-03-08 06:09:20,1.244,28,2.007211934616725
MID18,SID18,67,2017-03-08 06:09:20,1.089,34,2.3632605868022782
MID17,SID17,67,2017-03-08 06:09:20,1.244,32,2.496825825997471
MID16,SID16,67,2017-03-08 06:09:20,1.089,33,2.2070205170896506
MID15,SID15,67,2017-03-08 06:09:20,.778,32,2.2415182644887595
MID14,SID14,67,2017-03-08 06:09:20,1.244,27,2.1269406727106865
MID13,SID13,67,2017-03-08 06:09:20,1.400,34,2.1540808824767197
MID12,SID12,67,2017-03-08 06:09:20,1.244,32,2.3425749902516917
MID11,SID11,67,2017-03-08 06:09:20,1.556,26,2.284073743632422
MID99,SID99,67,2017-03-08 06:09:20,1.089,26,2.149970033456228
MID10,SID10,67,2017-03-08 06:09:20,.778,33,2.1956710810022697
MID98,SID98,67,2017-03-08 06:09:20,1.400,27,2.1889449787991646
MID97,SID97,67,2017-03-08 06:09:20,.778,31,2.448110830563634
MID96,SID96,67,2017-03-08 06:09:20,1.400,30,2.235245556870036
MID95,SID95,67,2017-03-08 06:09:20,1.556,32,2.3731419394507016
MID94,SID94,67,2017-03-08 06:09:20,1.556,27,2.1184879483682697
MID93,SID93,67,2017-03-08 06:09:20,1.556,27,2.372400392868367
MID92,SID92,67,2017-03-08 06:09:20,1.089,25,2.433191371548243
MID91,SID91,67,2017-03-08 06:09:20,1.556,32,2.2469987177847384
MID4,SID4,67,2017-03-08 06:09:20,.778,30,2.1807530880889514
MID5,SID5,67,2017-03-08 06:09:20,1.244,25,2.240579298283782
MID6,SID6,67,2017-03-08 06:09:20,.933,32,2.2009173938259874
MID7,SID7,67,2017-03-08 06:09:20,1.556,34,2.2772227969034904
MID1,SID1,67,2017-03-08 06:09:20,1.089,29,2.4839686031535115
MID2,SID2,67,2017-03-08 06:09:20,1.556,31,2.200026392458896
MID3,SID3,67,2017-03-08 06:09:20,1.400,30,2.2230491398778627
MID29,SID29,67,2017-03-08 06:09:20,1.400,33,2.2202238425869387
MID28,SID28,67,2017-03-08 06:09:20,1.089,34,2.131992091913361
MID27,SID27,67,2017-03-08 06:09:20,.933,28,2.352197303788742
MID26,SID26,67,2017-03-08 06:09:20,.933,25,2.127583298026666
MID8,SID8,67,2017-03-08 06:09:20,1.089,25,2.2201335764046544
MID25,SID25,67,2017-03-08 06:09:20,.778,29,2.334243527754636
MID9,SID9,67,2017-03-08 06:09:20,1.244,28,2.2868760927791203
MID24,SID24,67,2017-03-08 06:09:20,.778,25,2.0687608603262913
MID23,SID23,67,2017-03-08 06:09:20,1.244,31,2.341468193579691
MID22,SID22,67,2017-03-08 06:09:20,1.089,27,2.3322610037940725
MID21,SID21,67,2017-03-08 06:09:20,.933,33,2.382437391335343
MID20,SID20,67,2017-03-08 06:09:20,1.089,33,2.004486405936958
MID100,SID100,67,2017-03-08 06:09:20,1.244,27,2.0274593535578957
MID79,SID79,67,2017-03-08 06:09:20,.778,28,2.2836590803436745
MID78,SID78,67,2017-03-08 06:09:20,1.244,25,2.0000770391110922
MID77,SID77,67,2017-03-08 06:09:20,.778,25,2.0231088429983073
MID76,SID76,67,2017-03-08 06:09:20,.933,27,2.453600071763336
MID75,SID75,67,2017-03-08 06:09:20,1.089,28,2.3383801646712388
MID74,SID74,67,2017-03-08 06:09:20,1.244,31,2.3518067392867126
MID73,SID73,67,2017-03-08 06:09:20,.933,31,2.1601254548833118
MID72,SID72,67,2017-03-08 06:09:20,1.556,29,2.346599218384926
MID71,SID71,67,2017-03-08 06:09:20,.933,33,2.2844478968463813
MID70,SID70,67,2017-03-08 06:09:20,.933,25,2.4635472519207884
MID90,SID90,67,2017-03-08 06:09:20,1.244,29,2.2393651716008236
MID89,SID89,67,2017-03-08 06:09:20,1.556,34,2.158057036749925
MID88,SID88,67,2017-03-08 06:09:20,1.244,26,2.4600553725636805
MID87,SID87,67,2017-03-08 06:09:20,1.400,33,2.1495525705972436
MID86,SID86,67,2017-03-08 06:09:20,.933,31,2.4259533736520646
MID85,SID85,67,2017-03-08 06:09:20,1.556,26,2.0871998551928472
MID84,SID84,67,2017-03-08 06:09:20,.933,25,2.469539018245388
MID83,SID83,67,2017-03-08 06:09:20,.933,32,2.106062608612436
MID82,SID82,67,2017-03-08 06:09:20,1.400,29,2.453740265559081
MID81,SID81,67,2017-03-08 06:09:20,1.400,25,2.2381163779210445
MID80,SID80,67,2017-03-08 06:09:20,1.400,25,2.450901030387422
MID59,SID59,67,2017-03-08 06:09:20,.933,28,2.3372179070901757
MID58,SID58,67,2017-03-08 06:09:20,.933,33,2.131839632207008
MID57,SID57,67,2017-03-08 06:09:20,1.556,32,2.320334403677266
MID56,SID56,67,2017-03-08 06:09:20,.778,27,2.2686130688734947
MID55,SID55,67,2017-03-08 06:09:20,1.244,29,2.4761290699091973
MID54,SID54,67,2017-03-08 06:09:20,.778,33,2.0802340181794428
MID53,SID53,67,2017-03-08 06:09:20,1.089,28,2.3985893586973654
MID52,SID52,67,2017-03-08 06:09:20,1.556,31,2.2898470701581153
MID51,SID51,67,2017-03-08 06:09:20,1.400,31,2.19496280365156
MID50,SID50,67,2017-03-08 06:09:20,.778,27,2.0425475890529188
MID69,SID69,67,2017-03-08 06:09:20,1.556,27,2.2420228699346088
MID68,SID68,67,2017-03-08 06:09:20,1.089,25,2.4293888323024815
MID67,SID67,67,2017-03-08 06:09:20,1.400,28,2.0231365579681215
MID66,SID66,67,2017-03-08 06:09:20,.933,25,2.3335696331575777
MID65,SID65,67,2017-03-08 06:09:20,1.400,27,2.0946731470544044
MID64,SID64,67,2017-03-08 06:09:20,1.244,29,2.1542257013687753
MID63,SID63,67,2017-03-08 06:09:20,.933,31,2.2821594692063134
MID62,SID62,67,2017-03-08 06:09:20,1.556,29,2.0389572415338613
MID61,SID61,67,2017-03-08 06:09:20,1.400,30,2.299260465197927
MID60,SID60,67,2017-03-08 06:09:20,1.400,32,2.0864959576707798
MID39,SID39,67,2017-03-08 06:09:20,1.244,31,2.090373989160157
MID38,SID38,67,2017-03-08 06:09:20,1.089,33,2.099041910967646
MID37,SID37,67,2017-03-08 06:09:20,1.244,33,2.2197576991577366
MID36,SID36,67,2017-03-08 06:09:20,1.400,28,2.0689884272455235
MID35,SID35,67,2017-03-08 06:09:20,1.400,30,2.1152086518799758
MID34,SID34,67,2017-03-08 06:09:20,.778,31,2.068046108922087
MID33,SID33,67,2017-03-08 06:09:20,1.556,26,2.3677795797945596
MID32,SID32,67,2017-03-08 06:09:20,1.400,27,2.436531155975408
MID31,SID31,67,2017-03-08 06:09:20,.778,27,2.2865021305009896
MID30,SID30,67,2017-03-08 06:09:20,1.089,27,2.486556340349965
MID49,SID49,67,2017-03-08 06:09:20,1.089,29,2.388233482078645
MID48,SID48,67,2017-03-08 06:09:20,1.400,29,2.4620087020854875
MID47,SID47,67,2017-03-08 06:09:20,1.089,25,2.405547167252226
MID46,SID46,67,2017-03-08 06:09:20,1.244,28,2.145285543310988
MID45,SID45,67,2017-03-08 06:09:20,1.089,26,2.117971580605247
MID44,SID44,67,2017-03-08 06:09:20,.778,31,2.388372946149038
MID43,SID43,67,2017-03-08 06:09:20,.933,27,2.3719148654573803
MID42,SID42,67,2017-03-08 06:09:20,1.400,27,2.0233376786210466
MID41,SID41,67,2017-03-08 06:09:20,1.400,34,2.184398239526434
MID40,SID40,67,2017-03-08 06:09:20,1.556,33,2.2037009341899685
MID19,SID19,67,2017-03-08 06:09:30,1.267,34,2.0726505827500765
MID18,SID18,67,2017-03-08 06:09:30,1.108,32,2.441860612255616
MID17,SID17,67,2017-03-08 06:09:30,1.267,34,2.0817798252627604
MID16,SID16,67,2017-03-08 06:09:30,1.108,31,2.3370222094386452
MID15,SID15,67,2017-03-08 06:09:30,.792,33,2.0731503232841124
MID14,SID14,67,2017-03-08 06:09:30,1.267,28,2.493117630513213
MID13,SID13,67,2017-03-08 06:09:30,1.425,26,2.2647936599245044
MID12,SID12,67,2017-03-08 06:09:30,1.267,34,2.2497973429804334
MID11,SID11,67,2017-03-08 06:09:30,1.583,26,2.3628775440913823
MID99,SID99,67,2017-03-08 06:09:30,1.108,34,2.0576377044007295
MID10,SID10,67,2017-03-08 06:09:30,.792,34,2.2938918861432844
MID98,SID98,67,2017-03-08 06:09:30,1.425,34,2.430037229465719
MID97,SID97,67,2017-03-08 06:09:30,.792,33,2.072293892802393
MID96,SID96,67,2017-03-08 06:09:30,1.425,29,2.077612018120639
MID95,SID95,67,2017-03-08 06:09:30,1.583,30,2.14836801006941
MID94,SID94,67,2017-03-08 06:09:30,1.583,28,2.2202498878633885
MID93,SID93,67,2017-03-08 06:09:30,1.583,25,2.105745611375747
MID92,SID92,67,2017-03-08 06:09:30,1.108,30,2.443177688201956
MID91,SID91,67,2017-03-08 06:09:30,1.583,29,2.1412255801604885
MID4,SID4,67,2017-03-08 06:09:30,.792,25,2.268557349968158
MID5,SID5,67,2017-03-08 06:09:30,1.267,31,2.2444780865920153
MID6,SID6,67,2017-03-08 06:09:30,.950,25,2.0438862474776984
MID7,SID7,67,2017-03-08 06:09:30,1.583,30,2.0168004727295465
MID1,SID1,67,2017-03-08 06:09:30,1.108,32,2.076082512395127
MID2,SID2,67,2017-03-08 06:09:30,1.583,29,2.219246338565995
MID3,SID3,67,2017-03-08 06:09:30,1.425,28,2.1548821888261456
MID29,SID29,67,2017-03-08 06:09:30,1.425,26,2.4467234855316655
MID28,SID28,67,2017-03-08 06:09:30,1.108,27,2.291324795473311
MID27,SID27,67,2017-03-08 06:09:30,.950,28,2.3009415146520706
MID26,SID26,67,2017-03-08 06:09:30,.950,28,2.1265829834250094
MID8,SID8,67,2017-03-08 06:09:30,1.108,34,2.479762528938779
MID25,SID25,67,2017-03-08 06:09:30,.792,33,2.334681832818937
MID9,SID9,67,2017-03-08 06:09:30,1.267,25,2.3266618623005164
MID24,SID24,67,2017-03-08 06:09:30,.792,28,2.019131417291567
MID23,SID23,67,2017-03-08 06:09:30,1.267,33,2.063117143167448
MID22,SID22,67,2017-03-08 06:09:30,1.108,33,2.0402698903434366
MID21,SID21,67,2017-03-08 06:09:30,.950,31,2.059701904500953
MID20,SID20,67,2017-03-08 06:09:30,1.108,30,2.1088787239040383
MID100,SID100,67,2017-03-08 06:09:30,1.267,26,2.115358541493673
MID79,SID79,67,2017-03-08 06:09:30,.792,34,2.317936681005957
MID78,SID78,67,2017-03-08 06:09:30,1.267,33,2.1225368370942523
MID77,SID77,67,2017-03-08 06:09:30,.792,31,2.229173865169296
MID76,SID76,67,2017-03-08 06:09:30,.950,27,2.411544999907975
MID75,SID75,67,2017-03-08 06:09:30,1.108,29,2.292534619436
MID74,SID74,67,2017-03-08 06:09:30,1.267,28,2.3322927465443706
MID73,SID73,67,2017-03-08 06:09:30,.950,30,2.029252244225555
MID72,SID72,67,2017-03-08 06:09:30,1.583,32,2.4540516744675074
MID71,SID71,67,2017-03-08 06:09:30,.950,31,2.4873989725958743
MID70,SID70,67,2017-03-08 06:09:30,.950,29,2.3835914690014817
MID90,SID90,67,2017-03-08 06:09:30,1.267,34,2.3752682869014707
MID89,SID89,67,2017-03-08 06:09:30,1.583,32,2.359980933595063
MID88,SID88,67,2017-03-08 06:09:30,1.267,28,2.4841062693677265
MID87,SID87,67,2017-03-08 06:09:30,1.425,26,2.217515398717178
MID86,SID86,67,2017-03-08 06:09:30,.950,30,2.0771855464201874
MID85,SID85,67,2017-03-08 06:09:30,1.583,27,2.2027022166105965
MID84,SID84,67,2017-03-08 06:09:30,.950,31,2.102313789144035
MID83,SID83,67,2017-03-08 06:09:30,.950,34,2.2095185318687105
MID82,SID82,67,2017-03-08 06:09:30,1.425,28,2.3426894359404415
MID81,SID81,67,2017-03-08 06:09:30,1.425,29,2.0315417056373075
MID80,SID80,67,2017-03-08 06:09:30,1.425,31,2.0505113558721906
MID59,SID59,67,2017-03-08 06:09:30,.950,26,2.042524582464437
MID58,SID58,67,2017-03-08 06:09:30,.950,29,2.089647706270102
MID57,SID57,67,2017-03-08 06:09:30,1.583,31,2.1705509906818383
MID56,SID56,67,2017-03-08 06:09:30,.792,28,2.0342706437784317
MID55,SID55,67,2017-03-08 06:09:30,1.267,31,2.2094730054523484
MID54,SID54,67,2017-03-08 06:09:30,.792,25,2.0312810860123283
MID53,SID53,67,2017-03-08 06:09:30,1.108,26,2.0037797267290003
MID52,SID52,67,2017-03-08 06:09:30,1.583,33,2.110225553031114
MID51,SID51,67,2017-03-08 06:09:30,1.425,29,2.039649428851478
MID50,SID50,67,2017-03-08 06:09:30,.792,26,2.269370774903102
MID69,SID69,67,2017-03-08 06:09:30,1.583,26,2.196788691492491
MID68,SID68,67,2017-03-08 06:09:30,1.108,28,2.4975634482099633
MID67,SID67,67,2017-03-08 06:09:30,1.425,32,2.460021905273903
MID66,SID66,67,2017-03-08 06:09:30,.950,25,2.0011743216185427
MID65,SID65,67,2017-03-08 06:09:30,1.425,31,2.3771233510642285
MID64,SID64,67,2017-03-08 06:09:30,1.267,33,2.333996254299206
MID63,SID63,67,2017-03-08 06:09:30,.950,25,2.423929545037847
MID62,SID62,67,2017-03-08 06:09:30,1.583,28,2.4545371556728157
MID61,SID61,67,2017-03-08 06:09:30,1.425,32,2.4546187794741496
MID60,SID60,67,2017-03-08 06:09:30,1.425,29,2.4613934955874233
MID39,SID39,67,2017-03-08 06:09:30,1.267,34,2.0487177425295866
MID38,SID38,67,2017-03-08 06:09:30,1.108,26,2.308304006433383
MID37,SID37,67,2017-03-08 06:09:30,1.267,27,2.115893193920701
MID36,SID36,67,2017-03-08 06:09:30,1.425,26,2.0392904393740823
MID35,SID35,67,2017-03-08 06:09:30,1.425,27,2.4275074698753003
MID34,SID34,67,2017-03-08 06:09:30,.792,27,2.2611769552016345
MID33,SID33,67,2017-03-08 06:09:30,1.583,27,2.2414953168976592
MID32,SID32,67,2017-03-08 06:09:30,1.425,33,2.106938964057934
MID31,SID31,67,2017-03-08 06:09:30,.792,30,2.145792849049286
MID30,SID30,67,2017-03-08 06:09:30,1.108,29,2.148107309973742
MID49,SID49,67,2017-03-08 06:09:30,1.108,25,2.4995730292460983
MID48,SID48,67,2017-03-08 06:09:30,1.425,34,2.317280211758709
MID47,SID47,67,2017-03-08 06:09:30,1.108,28,2.254634132891102
MID46,SID46,67,2017-03-08 06:09:30,1.267,29,2.28082599218906
MID45,SID45,67,2017-03-08 06:09:30,1.108,30,2.1800578078801514
MID44,SID44,67,2017-03-08 06:09:30,.792,33,2.3656292744300793
MID43,SID43,67,2017-03-08 06:09:30,.950,31,2.234989440375569
MID42,SID42,67,2017-03-08 06:09:30,1.425,32,2.4850660246953726
MID41,SID41,67,2017-03-08 06:09:30,1.425,33,2.0278314444939474
MID40,SID40,67,2017-03-08 06:09:30,1.583,32,2.351468040102583
MID19,SID19,67,2017-03-08 06:09:40,1.289,34,2.115685667208249
MID18,SID18,67,2017-03-08 06:09:40,1.128,34,2.2057563933127913
MID17,SID17,67,2017-03-08 06:09:40,1.289,30,2.135504789277568
MID16,SID16,67,2017-03-08 06:09:40,1.128,32,2.132684148548706
MID15,SID15,67,2017-03-08 06:09:40,.806,34,2.115421723329314
MID14,SID14,67,2017-03-08 06:09:40,1.289,29,2.2675197299804752
MID13,SID13,67,2017-03-08 06:09:40,1.450,32,2.3186363446795757
MID12,SID12,67,2017-03-08 06:09:40,1.289,28,2.426963835753982
MID11,SID11,67,2017-03-08 06:09:40,1.611,33,2.4498805027737878
MID99,SID99,67,2017-03-08 06:09:40,1.128,32,2.21910530771599
MID10,SID10,67,2017-03-08 06:09:40,.806,26,2.4212279301308435
MID98,SID98,67,2017-03-08 06:09:40,1.450,28,2.277290679784481
MID97,SID97,67,2017-03-08 06:09:40,.806,32,2.353230022833251
MID96,SID96,67,2017-03-08 06:09:40,1.450,27,2.0758307661560855
MID95,SID95,67,2017-03-08 06:09:40,1.611,26,2.393349012444274
MID94,SID94,67,2017-03-08 06:09:40,1.611,30,2.1549864052632515
MID93,SID93,67,2017-03-08 06:09:40,1.611,29,2.3503936080389916
MID92,SID92,67,2017-03-08 06:09:40,1.128,29,2.2139036293457144
MID91,SID91,67,2017-03-08 06:09:40,1.611,26,2.059028495673316
MID4,SID4,67,2017-03-08 06:09:40,.806,27,2.0703187528850884
MID5,SID5,67,2017-03-08 06:09:40,1.289,28,2.442717477760954
MID6,SID6,67,2017-03-08 06:09:40,.967,33,2.240075906853591
MID7,SID7,67,2017-03-08 06:09:40,1.611,27,2.2338771423967443
MID1,SID1,67,2017-03-08 06:09:40,1.128,27,2.218333270872804
MID2,SID2,67,2017-03-08 06:09:40,1.611,31,2.1714795575649894
MID3,SID3,67,2017-03-08 06:09:40,1.450,30,2.1713486166036597
MID29,SID29,67,2017-03-08 06:09:40,1.450,26,2.2342801266355172
MID28,SID28,67,2017-03-08 06:09:40,1.128,31,2.1865333507254743
MID27,SID27,67,2017-03-08 06:09:40,.967,31,2.0759997013062157
MID26,SID26,67,2017-03-08 06:09:40,.967,28,2.05155694701279
MID8,SID8,67,2017-03-08 06:09:40,1.128,34,2.48901833678691
MID25,SID25,67,2017-03-08 06:09:40,.806,31,2.3904203919885947
MID9,SID9,67,2017-03-08 06:09:40,1.289,29,2.1080645335802672
MID24,SID24,67,2017-03-08 06:09:40,.806,34,2.4539909952872194
MID23,SID23,67,2017-03-08 06:09:40,1.289,27,2.2675845608353673
MID22,SID22,67,2017-03-08 06:09:40,1.128,30,2.321538963586819
MID21,SID21,67,2017-03-08 06:09:40,.967,25,2.297361074319208
MID20,SID20,67,2017-03-08 06:09:40,1.128,34,2.024167762607385
MID100,SID100,67,2017-03-08 06:09:40,1.289,30,2.444797126134344
MID79,SID79,67,2017-03-08 06:09:40,.806,27,2.2080111328351313
MID78,SID78,67,2017-03-08 06:09:40,1.289,28,2.294106814216242
MID77,SID77,67,2017-03-08 06:09:40,.806,30,2.2681764635588344
MID76,SID76,67,2017-03-08 06:09:40,.967,33,2.225088102529318
MID75,SID75,67,2017-03-08 06:09:40,1.128,33,2.4488953121889847
MID74,SID74,67,2017-03-08 06:09:40,1.289,32,2.1695167020213217
MID73,SID73,67,2017-03-08 06:09:40,.967,30,2.4647787544573805
MID72,SID72,67,2017-03-08 06:09:40,1.611,32,2.076036991502551
MID71,SID71,67,2017-03-08 06:09:40,.967,28,2.090860415947625
MID70,SID70,67,2017-03-08 06:09:40,.967,28,2.321813000165369
MID90,SID90,67,2017-03-08 06:09:40,1.289,28,2.367049492657403
MID89,SID89,67,2017-03-08 06:09:40,1.611,27,2.147562399069625
MID88,SID88,67,2017-03-08 06:09:40,1.289,25,2.499249525432901
MID87,SID87,67,2017-03-08 06:09:40,1.450,33,2.02819039277264
MID86,SID86,67,2017-03-08 06:09:40,.967,31,2.2963314485965296
MID85,SID85,67,2017-03-08 06:09:40,1.611,25,2.012322457412507
MID84,SID84,67,2017-03-08 06:09:40,.967,27,2.21545443060767
MID83,SID83,67,2017-03-08 06:09:40,.967,27,2.4428896612782065
MID82,SID82,67,2017-03-08 06:09:40,1.450,30,2.315031753570598
MID81,SID81,67,2017-03-08 06:09:40,1.450,34,2.4624430372590878
MID80,SID80,67,2017-03-08 06:09:40,1.450,29,2.0368163918258158
MID59,SID59,67,2017-03-08 06:09:40,.967,30,2.137874669197802
MID58,SID58,67,2017-03-08 06:09:40,.967,33,2.4391037335379946
MID57,SID57,67,2017-03-08 06:09:40,1.611,28,2.2930271452778452
MID56,SID56,67,2017-03-08 06:09:40,.806,27,2.2650154005055105
MID55,SID55,67,2017-03-08 06:09:40,1.289,32,2.444083846344898
MID54,SID54,67,2017-03-08 06:09:40,.806,27,2.1948322195894034
MID53,SID53,67,2017-03-08 06:09:40,1.128,31,2.1222749124094413
MID52,SID52,67,2017-03-08 06:09:40,1.611,34,2.433581930455067
MID51,SID51,67,2017-03-08 06:09:40,1.450,27,2.203155642838374
MID50,SID50,67,2017-03-08 06:09:40,.806,26,2.2876788964830816
MID69,SID69,67,2017-03-08 06:09:40,1.611,28,2.389770042027301
MID68,SID68,67,2017-03-08 06:09:40,1.128,33,2.215145927085134
MID67,SID67,67,2017-03-08 06:09:40,1.450,27,2.321273499527165
MID66,SID66,67,2017-03-08 06:09:40,.967,32,2.3494290952087624
MID65,SID65,67,2017-03-08 06:09:40,1.450,33,2.4919824231540297
MID64,SID64,67,2017-03-08 06:09:40,1.289,28,2.0009868088661253
MID63,SID63,67,2017-03-08 06:09:40,.967,33,2.1943592767064937
MID62,SID62,67,2017-03-08 06:09:40,1.611,26,2.033484945490847
MID61,SID61,67,2017-03-08 06:09:40,1.450,34,2.333749039471629
MID60,SID60,67,2017-03-08 06:09:40,1.450,32,2.2577464109490735
MID39,SID39,67,2017-03-08 06:09:40,1.289,28,2.205598383463329
MID38,SID38,67,2017-03-08 06:09:40,1.128,27,2.158233229105744
MID37,SID37,67,2017-03-08 06:09:40,1.289,26,2.0632256170991488
MID36,SID36,67,2017-03-08 06:09:40,1.450,31,2.30030285576952
MID35,SID35,67,2017-03-08 06:09:40,1.450,31,2.3322393137036475
MID34,SID34,67,2017-03-08 06:09:40,.806,32,2.4058437577399605
MID33,SID33,67,2017-03-08 06:09:40,1.611,26,2.275280156757538
MID32,SID32,67,2017-03-08 06:09:40,1.450,34,2.4710792217899393
MID31,SID31,67,2017-03-08 06:09:40,.806,34,2.182989499538189
MID30,SID30,67,2017-03-08 06:09:40,1.128,30,2.3100367282770273
MID49,SID49,67,2017-03-08 06:09:40,1.128,28,2.260307407633795
MID48,SID48,67,2017-03-08 06:09:40,1.450,25,2.4269565340101615
MID47,SID47,67,2017-03-08 06:09:40,1.128,29,2.0312305896171234
MID46,SID46,67,2017-03-08 06:09:40,1.289,27,2.260217376840255
MID45,SID45,67,2017-03-08 06:09:40,1.128,30,2.441740024178017
MID44,SID44,67,2017-03-08 06:09:40,.806,25,2.3712002664246636
MID43,SID43,67,2017-03-08 06:09:40,.967,28,2.3287041015718764
MID42,SID42,67,2017-03-08 06:09:40,1.450,28,2.0605934498998373
MID41,SID41,67,2017-03-08 06:09:40,1.450,32,2.3044563415113006
MID40,SID40,67,2017-03-08 06:09:40,1.611,31,2.317958141516896
MID19,SID19,67,2017-03-08 06:09:50,1.311,32,2.072818480202252
MID18,SID18,67,2017-03-08 06:09:50,1.147,31,2.4574860986364677
MID17,SID17,67,2017-03-08 06:09:50,1.311,25,2.2546521800739043
MID16,SID16,67,2017-03-08 06:09:50,1.147,34,2.2913387649714463
MID15,SID15,67,2017-03-08 06:09:50,.819,26,2.17992169126829
MID14,SID14,67,2017-03-08 06:09:50,1.311,33,2.170792395759934
MID13,SID13,67,2017-03-08 06:09:50,1.475,31,2.2331631629414943
MID12,SID12,67,2017-03-08 06:09:50,1.311,27,2.2060016609895357
MID11,SID11,67,2017-03-08 06:09:50,1.639,27,2.0966255386944117
MID99,SID99,67,2017-03-08 06:09:50,1.147,25,2.44449972052323
MID10,SID10,67,2017-03-08 06:09:50,.819,34,2.086680447515016
MID98,SID98,67,2017-03-08 06:09:50,1.475,27,2.1073910921386796
MID97,SID97,67,2017-03-08 06:09:50,.819,32,2.210194475929778
MID96,SID96,67,2017-03-08 06:09:50,1.475,25,2.124299384016823
MID95,SID95,67,2017-03-08 06:09:50,1.639,27,2.3975687455840795
MID94,SID94,67,2017-03-08 06:09:50,1.639,33,2.1078085025011903
MID93,SID93,67,2017-03-08 06:09:50,1.639,34,2.4843573051659638
MID92,SID92,67,2017-03-08 06:09:50,1.147,31,2.3085913171599737
MID91,SID91,67,2017-03-08 06:09:50,1.639,30,2.0464939671076214
MID4,SID4,67,2017-03-08 06:09:50,.819,33,2.313313177079174
MID5,SID5,67,2017-03-08 06:09:50,1.311,31,2.2786012750818982
MID6,SID6,67,2017-03-08 06:09:50,.983,33,2.4500076580418697
MID7,SID7,67,2017-03-08 06:09:50,1.639,32,2.1744086742588227
MID1,SID1,67,2017-03-08 06:09:50,1.147,27,2.303527792891943
MID2,SID2,67,2017-03-08 06:09:50,1.639,32,2.1647402636602053
MID3,SID3,67,2017-03-08 06:09:50,1.475,26,2.3945700964626235
MID29,SID29,67,2017-03-08 06:09:50,1.475,31,2.3566546435563285
MID28,SID28,67,2017-03-08 06:09:50,1.147,32,2.1108499879420806
MID27,SID27,67,2017-03-08 06:09:50,.983,34,2.0307565465435906
MID26,SID26,67,2017-03-08 06:09:50,.983,32,2.440177567545229
MID8,SID8,67,2017-03-08 06:09:50,1.147,33,2.2979507130233445
MID25,SID25,67,2017-03-08 06:09:50,.819,34,2.189179516399077
MID9,SID9,67,2017-03-08 06:09:50,1.311,27,2.2707514162508082
MID24,SID24,67,2017-03-08 06:09:50,.819,28,2.3060075870023016
MID23,SID23,67,2017-03-08 06:09:50,1.311,33,2.1545354846332523
MID22,SID22,67,2017-03-08 06:09:50,1.147,27,2.1475925115088437
MID21,SID21,67,2017-03-08 06:09:50,.983,27,2.481627524843011
MID20,SID20,67,2017-03-08 06:09:50,1.147,25,2.3931010068199043
MID100,SID100,67,2017-03-08 06:09:50,1.311,32,2.4482543235118546
MID79,SID79,67,2017-03-08 06:09:50,.819,30,2.472381286536082
MID78,SID78,67,2017-03-08 06:09:50,1.311,29,2.478800335699768
MID77,SID77,67,2017-03-08 06:09:50,.819,31,2.3344997423567575
MID76,SID76,67,2017-03-08 06:09:50,.983,29,2.4877376276166174
MID75,SID75,67,2017-03-08 06:09:50,1.147,34,2.4515431252135347
MID74,SID74,67,2017-03-08 06:09:50,1.311,29,2.0703977343160753
MID73,SID73,67,2017-03-08 06:09:50,.983,32,2.1967476402775126
MID72,SID72,67,2017-03-08 06:09:50,1.639,26,2.164950868102186
MID71,SID71,67,2017-03-08 06:09:50,.983,27,2.045523741600007
MID70,SID70,67,2017-03-08 06:09:50,.983,32,2.1452614461883974
MID90,SID90,67,2017-03-08 06:09:50,1.311,25,2.3125025457773294
MID89,SID89,67,2017-03-08 06:09:50,1.639,27,2.2852817783378048
MID88,SID88,67,2017-03-08 06:09:50,1.311,26,2.0882493328288834
MID87,SID87,67,2017-03-08 06:09:50,1.475,32,2.4891611011296915
MID86,SID86,67,2017-03-08 06:09:50,.983,29,2.4665682765705315
MID85,SID85,67,2017-03-08 06:09:50,1.639,27,2.004141442897294
MID84,SID84,67,2017-03-08 06:09:50,.983,30,2.474383751653859
MID83,SID83,67,2017-03-08 06:09:50,.983,33,2.115492870452206
MID82,SID82,67,2017-03-08 06:09:50,1.475,29,2.073782331793642
MID81,SID81,67,2017-03-08 06:09:50,1.475,31,2.0237167330961796
MID80,SID80,67,2017-03-08 06:09:50,1.475,32,2.3575877051031084
MID59,SID59,67,2017-03-08 06:09:50,.983,34,2.1812461373322045
MID58,SID58,67,2017-03-08 06:09:50,.983,27,2.2940908427409274
MID57,SID57,67,2017-03-08 06:09:50,1.639,25,2.2570201286940845
MID56,SID56,67,2017-03-08 06:09:50,.819,30,2.388195064145244
MID55,SID55,67,2017-03-08 06:09:50,1.311,27,2.1420634099832596
MID54,SID54,67,2017-03-08 06:09:50,.819,34,2.26806342702598
MID53,SID53,67,2017-03-08 06:09:50,1.147,29,2.4632106770468067
MID52,SID52,67,2017-03-08 06:09:50,1.639,28,2.087907365300335
MID51,SID51,67,2017-03-08 06:09:50,1.475,27,2.237238060642689
MID50,SID50,67,2017-03-08 06:09:50,.819,33,2.1707336921207565
MID69,SID69,67,2017-03-08 06:09:50,1.639,26,2.4538669383451936
MID68,SID68,67,2017-03-08 06:09:50,1.147,28,2.4734597623007577
MID67,SID67,67,2017-03-08 06:09:50,1.475,33,2.3076580516118064
MID66,SID66,67,2017-03-08 06:09:50,.983,32,2.1616328081960714
MID65,SID65,67,2017-03-08 06:09:50,1.475,32,2.3567209353758343
MID64,SID64,67,2017-03-08 06:09:50,1.311,28,2.1961446392548156
MID63,SID63,67,2017-03-08 06:09:50,.983,32,2.395494494418789
MID62,SID62,67,2017-03-08 06:09:50,1.639,27,2.03743393838291
MID61,SID61,67,2017-03-08 06:09:50,1.475,31,2.3391062624716175
MID60,SID60,67,2017-03-08 06:09:50,1.475,27,2.2714413871862424
MID39,SID39,67,2017-03-08 06:09:50,1.311,25,2.3725535480155724
MID38,SID38,67,2017-03-08 06:09:50,1.147,28,2.296424665052951
MID37,SID37,67,2017-03-08 06:09:50,1.311,29,2.0581454205510408
MID36,SID36,67,2017-03-08 06:09:50,1.475,31,2.315094996816752
MID35,SID35,67,2017-03-08 06:09:50,1.475,32,2.261912109684691
MID34,SID34,67,2017-03-08 06:09:50,.819,25,2.1196579465941796
MID33,SID33,67,2017-03-08 06:09:50,1.639,32,2.452156360692656
MID32,SID32,67,2017-03-08 06:09:50,1.475,34,2.4886495194606253
MID31,SID31,67,2017-03-08 06:09:50,.819,27,2.3541913284257556
MID30,SID30,67,2017-03-08 06:09:50,1.147,34,2.2391050550390075
MID49,SID49,67,2017-03-08 06:09:50,1.147,31,2.450692461250683
MID48,SID48,67,2017-03-08 06:09:50,1.475,30,2.0493336489133327
MID47,SID47,67,2017-03-08 06:09:50,1.147,26,2.190418100897235
MID46,SID46,67,2017-03-08 06:09:50,1.311,32,2.160263321051488
MID45,SID45,67,2017-03-08 06:09:50,1.147,34,2.235836535995881
MID44,SID44,67,2017-03-08 06:09:50,.819,32,2.3787147206361428
MID43,SID43,67,2017-03-08 06:09:50,.983,30,2.317143253124702
MID42,SID42,67,2017-03-08 06:09:50,1.475,33,2.182611604266296
MID41,SID41,67,2017-03-08 06:09:50,1.475,26,2.254468112334133
MID40,SID40,67,2017-03-08 06:09:50,1.639,32,2.448871031462454
MID19,SID19,67,2017-03-08 06:10:00,1.333,31,2.256086499264739
MID18,SID18,67,2017-03-08 06:10:00,1.167,25,2.222524427786454
MID17,SID17,67,2017-03-08 06:10:00,1.333,28,2.3056394687330473
MID16,SID16,67,2017-03-08 06:10:00,1.167,30,2.096792553926541
MID15,SID15,67,2017-03-08 06:10:00,.833,31,2.4429584153670243
MID14,SID14,67,2017-03-08 06:10:00,1.333,28,2.1097978829499224
MID13,SID13,67,2017-03-08 06:10:00,1.500,34,2.4567871533080705
MID12,SID12,67,2017-03-08 06:10:00,1.333,31,2.098884782365543
MID11,SID11,67,2017-03-08 06:10:00,1.667,32,2.4411149011950024
MID99,SID99,67,2017-03-08 06:10:00,1.167,32,2.328814028126677
MID10,SID10,67,2017-03-08 06:10:00,.833,26,2.3796415104604804
MID98,SID98,67,2017-03-08 06:10:00,1.500,34,2.3768777872770643
MID97,SID97,67,2017-03-08 06:10:00,.833,33,2.140721890887315
MID96,SID96,67,2017-03-08 06:10:00,1.500,27,2.125854492900784
MID95,SID95,67,2017-03-08 06:10:00,1.667,25,2.302554979714351
MID94,SID94,67,2017-03-08 06:10:00,1.667,27,2.2519617215775236
MID93,SID93,67,2017-03-08 06:10:00,1.667,31,2.222985226191188
MID92,SID92,67,2017-03-08 06:10:00,1.167,26,2.116206372518425
MID91,SID91,67,2017-03-08 06:10:00,1.667,27,2.2398463192889517
MID4,SID4,67,2017-03-08 06:10:00,.833,26,2.456800352899134
MID5,SID5,67,2017-03-08 06:10:00,1.333,32,2.255311810197307
MID6,SID6,67,2017-03-08 06:10:00,1.000,34,2.3158856082919614
MID7,SID7,67,2017-03-08 06:10:00,1.667,25,2.331873424408455
MID1,SID1,67,2017-03-08 06:10:00,1.167,31,2.3052951410536844
MID2,SID2,67,2017-03-08 06:10:00,1.667,31,2.0104589813394993
MID3,SID3,67,2017-03-08 06:10:00,1.500,29,2.349160992713812
MID29,SID29,67,2017-03-08 06:10:00,1.500,30,2.2008149840066378
MID28,SID28,67,2017-03-08 06:10:00,1.167,27,2.4591909218117403
MID27,SID27,67,2017-03-08 06:10:00,1.000,25,2.1636467557317687
MID26,SID26,67,2017-03-08 06:10:00,1.000,28,2.1832175503453346
MID8,SID8,67,2017-03-08 06:10:00,1.167,31,2.222556206062614
MID25,SID25,67,2017-03-08 06:10:00,.833,31,2.3750087044152455
MID9,SID9,67,2017-03-08 06:10:00,1.333,32,2.40066621334737
MID24,SID24,67,2017-03-08 06:10:00,.833,29,2.006190125274444
MID23,SID23,67,2017-03-08 06:10:00,1.333,31,2.157664725672388
MID22,SID22,67,2017-03-08 06:10:00,1.167,31,2.2050019456449492
MID21,SID21,67,2017-03-08 06:10:00,1.000,26,2.1789574341699334
MID20,SID20,67,2017-03-08 06:10:00,1.167,28,2.369144540618959
MID100,SID100,67,2017-03-08 06:10:00,1.333,26,2.047507211177856
MID79,SID79,67,2017-03-08 06:10:00,.833,27,2.223746928379707
MID78,SID78,67,2017-03-08 06:10:00,1.333,33,2.035893535462579
MID77,SID77,67,2017-03-08 06:10:00,.833,34,2.360238551492854
MID76,SID76,67,2017-03-08 06:10:00,1.000,32,2.106518484504501
MID75,SID75,67,2017-03-08 06:10:00,1.167,34,2.0500954375643614
MID74,SID74,67,2017-03-08 06:10:00,1.333,34,2.1361842166871017
MID73,SID73,67,2017-03-08 06:10:00,1.000,32,2.114030439801314
MID72,SID72,67,2017-03-08 06:10:00,1.667,29,2.353561159908045
MID71,SID71,67,2017-03-08 06:10:00,1.000,30,2.1233735250872443
MID70,SID70,67,2017-03-08 06:10:00,1.000,29,2.1523302461955423
MID90,SID90,67,2017-03-08 06:10:00,1.333,30,2.222625068716766
MID89,SID89,67,2017-03-08 06:10:00,1.667,34,2.3048495488242873
MID88,SID88,67,2017-03-08 06:10:00,1.333,32,2.1133299253134767
MID87,SID87,67,2017-03-08 06:10:00,1.500,25,2.365805303832307
MID86,SID86,67,2017-03-08 06:10:00,1.000,31,2.4429541161266513
MID85,SID85,67,2017-03-08 06:10:00,1.667,34,2.094187683085786
MID84,SID84,67,2017-03-08 06:10:00,1.000,34,2.4617464341461517
MID83,SID83,67,2017-03-08 06:10:00,1.000,29,2.0299925505498644
MID82,SID82,67,2017-03-08 06:10:00,1.500,32,2.0289400534445496
MID81,SID81,67,2017-03-08 06:10:00,1.500,32,2.479913134071365
MID80,SID80,67,2017-03-08 06:10:00,1.500,32,2.4994223728141214
MID59,SID59,67,2017-03-08 06:10:00,1.000,32,2.174701442891548
MID58,SID58,67,2017-03-08 06:10:00,1.000,25,2.2200760154991785
MID57,SID57,67,2017-03-08 06:10:00,1.667,26,2.347642955136223
MID56,SID56,67,2017-03-08 06:10:00,.833,29,2.4308930393457353
MID55,SID55,67,2017-03-08 06:10:00,1.333,30,2.463763521616316
MID54,SID54,67,2017-03-08 06:10:00,.833,26,2.418210827411875
MID53,SID53,67,2017-03-08 06:10:00,1.167,26,2.3395305854041615
MID52,SID52,67,2017-03-08 06:10:00,1.667,29,2.080966191627881
MID51,SID51,67,2017-03-08 06:10:00,1.500,32,2.4110036905814844
MID50,SID50,67,2017-03-08 06:10:00,.833,28,2.332562492587299
MID69,SID69,67,2017-03-08 06:10:00,1.667,30,2.2945732866035704
MID68,SID68,67,2017-03-08 06:10:00,1.167,26,2.372231505932236
MID67,SID67,67,2017-03-08 06:10:00,1.500,28,2.0883218952706977
MID66,SID66,67,2017-03-08 06:10:00,1.000,33,2.47623635917736
MID65,SID65,67,2017-03-08 06:10:00,1.500,30,2.3045329105824717
MID64,SID64,67,2017-03-08 06:10:00,1.333,26,2.3073188899150336
MID63,SID63,67,2017-03-08 06:10:00,1.000,31,2.4608420097689248
MID62,SID62,67,2017-03-08 06:10:00,1.667,29,2.064754826085786
MID61,SID61,67,2017-03-08 06:10:00,1.500,29,2.22041914292026
MID60,SID60,67,2017-03-08 06:10:00,1.500,25,2.1211193353997233
MID39,SID39,67,2017-03-08 06:10:00,1.333,28,2.363645234433923
MID38,SID38,67,2017-03-08 06:10:00,1.167,34,2.080807055270805
MID37,SID37,67,2017-03-08 06:10:00,1.333,33,2.377745327426419
MID36,SID36,67,2017-03-08 06:10:00,1.500,26,2.2511330885568577
MID35,SID35,67,2017-03-08 06:10:00,1.500,27,2.4554975130421686
MID34,SID34,67,2017-03-08 06:10:00,.833,28,2.057325541916698
MID33,SID33,67,2017-03-08 06:10:00,1.667,31,2.2971544667240877
MID32,SID32,67,2017-03-08 06:10:00,1.500,30,2.4262990807059532
MID31,SID31,67,2017-03-08 06:10:00,.833,31,2.038105042711432
MID30,SID30,67,2017-03-08 06:10:00,1.167,31,2.491292086396687
MID49,SID49,67,2017-03-08 06:10:00,1.167,27,2.0126098867753
MID48,SID48,67,2017-03-08 06:10:00,1.500,33,2.1086843765657752
MID47,SID47,67,2017-03-08 06:10:00,1.167,32,2.241892485048019
MID46,SID46,67,2017-03-08 06:10:00,1.333,33,2.3168871753089055
MID45,SID45,67,2017-03-08 06:10:00,1.167,33,2.321504736036079
MID44,SID44,67,2017-03-08 06:10:00,.833,27,2.117446583909668
MID43,SID43,67,2017-03-08 06:10:00,1.000,34,2.0304027109090046
MID42,SID42,67,2017-03-08 06:10:00,1.500,28,2.199837235096984
MID41,SID41,67,2017-03-08 06:10:00,1.500,29,2.0024060604148834
MID40,SID40,67,2017-03-08 06:10:00,1.667,30,2.002712325854226
MID19,SID19,67,2017-03-08 06:10:10,1.356,32,2.167675920475458
MID18,SID18,67,2017-03-08 06:10:10,1.186,33,2.2825227412499434
MID17,SID17,67,2017-03-08 06:10:10,1.356,29,2.1304686339500116
MID16,SID16,67,2017-03-08 06:10:10,1.186,25,2.2208941190918723
MID15,SID15,67,2017-03-08 06:10:10,.847,26,2.097672842238767
MID14,SID14,67,2017-03-08 06:10:10,1.356,32,2.1071893072834356
MID13,SID13,67,2017-03-08 06:10:10,1.525,30,2.2486928253786247
MID12,SID12,67,2017-03-08 06:10:10,1.356,29,2.46560008146379
MID11,SID11,67,2017-03-08 06:10:10,1.694,27,2.3497478949859207
MID99,SID99,67,2017-03-08 06:10:10,1.186,25,2.349941731955656
MID10,SID10,67,2017-03-08 06:10:10,.847,29,2.1272907351024686
MID98,SID98,67,2017-03-08 06:10:10,1.525,29,2.4517862189554305
MID97,SID97,67,2017-03-08 06:10:10,.847,33,2.083050465050063
MID96,SID96,67,2017-03-08 06:10:10,1.525,29,2.425067309983466
MID95,SID95,67,2017-03-08 06:10:10,1.694,28,2.2824939127412733
MID94,SID94,67,2017-03-08 06:10:10,1.694,31,2.2676133942372605
MID93,SID93,67,2017-03-08 06:10:10,1.694,29,2.388054788154054
MID92,SID92,67,2017-03-08 06:10:10,1.186,32,2.04834127592749
MID91,SID91,67,2017-03-08 06:10:10,1.694,33,2.409822093206638
MID4,SID4,67,2017-03-08 06:10:10,.847,29,2.430671364476459
MID5,SID5,67,2017-03-08 06:10:10,1.356,26,2.0890164908529285
MID6,SID6,67,2017-03-08 06:10:10,1.017,25,2.4242297050296027
MID7,SID7,67,2017-03-08 06:10:10,1.694,29,2.1298000519354057
MID1,SID1,67,2017-03-08 06:10:10,1.186,30,2.2246788166298095
MID2,SID2,67,2017-03-08 06:10:10,1.694,31,2.4586119201251195
MID3,SID3,67,2017-03-08 06:10:10,1.525,31,2.3231603750777787
MID29,SID29,67,2017-03-08 06:10:10,1.525,26,2.028225348655254
MID28,SID28,67,2017-03-08 06:10:10,1.186,29,2.0359066275661837
MID27,SID27,67,2017-03-08 06:10:10,1.017,32,2.186895873766254
MID26,SID26,67,2017-03-08 06:10:10,1.017,29,2.3506708309077133
MID8,SID8,67,2017-03-08 06:10:10,1.186,29,2.418112232730823
MID25,SID25,67,2017-03-08 06:10:10,.847,29,2.3720384653721234
MID9,SID9,67,2017-03-08 06:10:10,1.356,27,2.0012864347740114
MID24,SID24,67,2017-03-08 06:10:10,.847,26,2.0416448227065134
MID23,SID23,67,2017-03-08 06:10:10,1.356,27,2.408601005875609
MID22,SID22,67,2017-03-08 06:10:10,1.186,30,2.0043936580185493
MID21,SID21,67,2017-03-08 06:10:10,1.017,29,2.4175684701388627
MID20,SID20,67,2017-03-08 06:10:10,1.186,30,2.1682933298226126
MID100,SID100,67,2017-03-08 06:10:10,1.356,32,2.3005946103697603
MID79,SID79,67,2017-03-08 06:10:10,.847,31,2.182876485464493
MID78,SID78,67,2017-03-08 06:10:10,1.356,34,2.2648900290531597
MID77,SID77,67,2017-03-08 06:10:10,.847,32,2.3726495731504516
MID76,SID76,67,2017-03-08 06:10:10,1.017,31,2.1988289459363513
MID75,SID75,67,2017-03-08 06:10:10,1.186,29,2.4370034451890237
MID74,SID74,67,2017-03-08 06:10:10,1.356,25,2.47397540083313
MID73,SID73,67,2017-03-08 06:10:10,1.017,28,2.063868588388736
MID72,SID72,67,2017-03-08 06:10:10,1.694,31,2.0343079743271892
MID71,SID71,67,2017-03-08 06:10:10,1.017,30,2.4748497737360324
MID70,SID70,67,2017-03-08 06:10:10,1.017,31,2.0398892151964922
MID90,SID90,67,2017-03-08 06:10:10,1.356,32,2.2099180722418375
MID89,SID89,67,2017-03-08 06:10:10,1.694,28,2.1398691708844146
MID88,SID88,67,2017-03-08 06:10:10,1.356,27,2.070607994450453
MID87,SID87,67,2017-03-08 06:10:10,1.525,27,2.3620728820942296
MID86,SID86,67,2017-03-08 06:10:10,1.017,29,2.2023228446547978
MID85,SID85,67,2017-03-08 06:10:10,1.694,30,2.4596826814195434
MID84,SID84,67,2017-03-08 06:10:10,1.017,32,2.330623360984313
MID83,SID83,67,2017-03-08 06:10:10,1.017,27,2.1363084648057784
MID82,SID82,67,2017-03-08 06:10:10,1.525,33,2.2311819470497993
MID81,SID81,67,2017-03-08 06:10:10,1.525,30,2.3814170666249654
MID80,SID80,67,2017-03-08 06:10:10,1.525,25,2.2379553094115545
MID59,SID59,67,2017-03-08 06:10:10,1.017,30,2.385935583029493
MID58,SID58,67,2017-03-08 06:10:10,1.017,33,2.2065771727521097
MID57,SID57,67,2017-03-08 06:10:10,1.694,27,2.396913957414569
MID56,SID56,67,2017-03-08 06:10:10,.847,28,2.311992228363685
MID55,SID55,67,2017-03-08 06:10:10,1.356,28,2.1159072210519674
MID54,SID54,67,2017-03-08 06:10:10,.847,31,2.409920234879261
MID53,SID53,67,2017-03-08 06:10:10,1.186,27,2.2935504421561377
MID52,SID52,67,2017-03-08 06:10:10,1.694,33,2.1789251766894204
MID51,SID51,67,2017-03-08 06:10:10,1.525,28,2.075411884736598
MID50,SID50,67,2017-03-08 06:10:10,.847,25,2.2509575061367504
MID69,SID69,67,2017-03-08 06:10:10,1.694,29,2.072305158540417
MID68,SID68,67,2017-03-08 06:10:10,1.186,27,2.2996584032890137
MID67,SID67,67,2017-03-08 06:10:10,1.525,27,2.184438495199199
MID66,SID66,67,2017-03-08 06:10:10,1.017,27,2.2335078262895136
MID65,SID65,67,2017-03-08 06:10:10,1.525,34,2.184002507497422
MID64,SID64,67,2017-03-08 06:10:10,1.356,27,2.0449553367041595
MID63,SID63,67,2017-03-08 06:10:10,1.017,33,2.439247271689392
MID62,SID62,67,2017-03-08 06:10:10,1.694,29,2.195035367347872
MID61,SID61,67,2017-03-08 06:10:10,1.525,33,2.3944359554813075
MID60,SID60,67,2017-03-08 06:10:10,1.525,32,2.395751791877503
MID39,SID39,67,2017-03-08 06:10:10,1.356,28,2.4773641578032843
MID38,SID38,67,2017-03-08 06:10:10,1.186,29,2.4709853738271303
MID37,SID37,67,2017-03-08 06:10:10,1.356,33,2.2892381316771853
MID36,SID36,67,2017-03-08 06:10:10,1.525,28,2.2829489093649116
MID35,SID35,67,2017-03-08 06:10:10,1.525,33,2.123863864452836
MID34,SID34,67,2017-03-08 06:10:10,.847,25,2.400813184869372
MID33,SID33,67,2017-03-08 06:10:10,1.694,33,2.2798038807683136
MID32,SID32,67,2017-03-08 06:10:10,1.525,30,2.1507051128048733
MID31,SID31,67,2017-03-08 06:10:10,.847,30,2.1936857783837396
MID30,SID30,67,2017-03-08 06:10:10,1.186,26,2.499091735171512
MID49,SID49,67,2017-03-08 06:10:10,1.186,29,2.369205203641883
MID48,SID48,67,2017-03-08 06:10:10,1.525,26,2.3169235055380843
MID47,SID47,67,2017-03-08 06:10:10,1.186,33,2.205347547274306
MID46,SID46,67,2017-03-08 06:10:10,1.356,30,2.0152916937040626
MID45,SID45,67,2017-03-08 06:10:10,1.186,33,2.128535957866851
MID44,SID44,67,2017-03-08 06:10:10,.847,33,2.2880831573683578
MID43,SID43,67,2017-03-08 06:10:10,1.017,30,2.2331809558563833
MID42,SID42,67,2017-03-08 06:10:10,1.525,26,2.062874475526593
MID41,SID41,67,2017-03-08 06:10:10,1.525,29,2.1171025421011347
MID40,SID40,67,2017-03-08 06:10:10,1.694,33,2.0632942034758375
MID19,SID19,67,2017-03-08 06:10:20,1.378,27,2.2667366150389148
MID18,SID18,67,2017-03-08 06:10:20,1.206,27,2.097813660135741
MID17,SID17,67,2017-03-08 06:10:20,1.378,25,2.392113372280705
MID16,SID16,67,2017-03-08 06:10:20,1.206,29,2.27713684554009
MID15,SID15,67,2017-03-08 06:10:20,.861,27,2.1234480782392295
MID14,SID14,67,2017-03-08 06:10:20,1.378,28,2.0908896938806247
MID13,SID13,67,2017-03-08 06:10:20,1.550,29,2.3923716265766095
MID12,SID12,67,2017-03-08 06:10:20,1.378,29,2.376048461109285
MID11,SID11,67,2017-03-08 06:10:20,1.722,29,2.3935542861024066
MID99,SID99,67,2017-03-08 06:10:20,1.206,28,2.378574950146794
MID10,SID10,67,2017-03-08 06:10:20,.861,26,2.106717165828483
MID98,SID98,67,2017-03-08 06:10:20,1.550,31,2.226917480490098
MID97,SID97,67,2017-03-08 06:10:20,.861,26,2.0753909195486706
MID96,SID96,67,2017-03-08 06:10:20,1.550,34,2.311127335877321
MID95,SID95,67,2017-03-08 06:10:20,1.722,34,2.1754206070391673
MID94,SID94,67,2017-03-08 06:10:20,1.722,27,2.0009332687002797
MID93,SID93,67,2017-03-08 06:10:20,1.722,33,2.097659460327562
MID92,SID92,67,2017-03-08 06:10:20,1.206,34,2.445050362278648
MID91,SID91,67,2017-03-08 06:10:20,1.722,33,2.4609386038266496
MID4,SID4,67,2017-03-08 06:10:20,.861,30,2.288120983909038
MID5,SID5,67,2017-03-08 06:10:20,1.378,26,2.0439797454651605
MID6,SID6,67,2017-03-08 06:10:20,1.033,31,2.374169787008048
MID7,SID7,67,2017-03-08 06:10:20,1.722,30,2.3241150750386375
MID1,SID1,67,2017-03-08 06:10:20,1.206,26,2.390059227755966
MID2,SID2,67,2017-03-08 06:10:20,1.722,32,2.0856053739528604
MID3,SID3,67,2017-03-08 06:10:20,1.550,29,2.440789796463366
MID29,SID29,67,2017-03-08 06:10:20,1.550,31,2.347336045063109
MID28,SID28,67,2017-03-08 06:10:20,1.206,31,2.429560044225994
MID27,SID27,67,2017-03-08 06:10:20,1.033,34,2.163358685661086
MID26,SID26,67,2017-03-08 06:10:20,1.033,29,2.4271623576479433
MID8,SID8,67,2017-03-08 06:10:20,1.206,25,2.09890974182028
MID25,SID25,67,2017-03-08 06:10:20,.861,34,2.097533932917363
MID9,SID9,67,2017-03-08 06:10:20,1.378,25,2.4253405169322777
MID24,SID24,67,2017-03-08 06:10:20,.861,32,2.4455211978830955
MID23,SID23,67,2017-03-08 06:10:20,1.378,30,2.1459168653198932
MID22,SID22,67,2017-03-08 06:10:20,1.206,29,2.2692385252029945
MID21,SID21,67,2017-03-08 06:10:20,1.033,32,2.264672348839401
MID20,SID20,67,2017-03-08 06:10:20,1.206,29,2.2510736322281786
MID100,SID100,67,2017-03-08 06:10:20,1.378,28,2.3653087817565677
MID79,SID79,67,2017-03-08 06:10:20,.861,31,2.42739337499468
MID78,SID78,67,2017-03-08 06:10:20,1.378,27,2.4792064457336216
MID77,SID77,67,2017-03-08 06:10:20,.861,27,2.0157059522534664
MID76,SID76,67,2017-03-08 06:10:20,1.033,25,2.2286866337253546
MID75,SID75,67,2017-03-08 06:10:20,1.206,30,2.468226892442117
MID74,SID74,67,2017-03-08 06:10:20,1.378,31,2.037988718810552
MID73,SID73,67,2017-03-08 06:10:20,1.033,33,2.487006659582262
MID72,SID72,67,2017-03-08 06:10:20,1.722,33,2.129834485290736
MID71,SID71,67,2017-03-08 06:10:20,1.033,27,2.0874605642170856
MID70,SID70,67,2017-03-08 06:10:20,1.033,32,2.446003446871038
MID90,SID90,67,2017-03-08 06:10:20,1.378,26,2.0479426935458918
MID89,SID89,67,2017-03-08 06:10:20,1.722,33,2.1776521026724724
MID88,SID88,67,2017-03-08 06:10:20,1.378,34,2.141577933172852
MID87,SID87,67,2017-03-08 06:10:20,1.550,33,2.4169897351140426
MID86,SID86,67,2017-03-08 06:10:20,1.033,29,2.388922613910739
MID85,SID85,67,2017-03-08 06:10:20,1.722,27,2.3338993750516615
MID84,SID84,67,2017-03-08 06:10:20,1.033,32,2.150852783831925
MID83,SID83,67,2017-03-08 06:10:20,1.033,26,2.0610848166534996
MID82,SID82,67,2017-03-08 06:10:20,1.550,28,2.277407658880065
MID81,SID81,67,2017-03-08 06:10:20,1.550,32,2.4587046860298587
MID80,SID80,67,2017-03-08 06:10:20,1.550,29,2.432190564582315
MID59,SID59,67,2017-03-08 06:10:20,1.033,25,2.4030215192983015
MID58,SID58,67,2017-03-08 06:10:20,1.033,33,2.33004739752017
MID57,SID57,67,2017-03-08 06:10:20,1.722,26,2.4195415063382364
MID56,SID56,67,2017-03-08 06:10:20,.861,32,2.299197708581399
MID55,SID55,67,2017-03-08 06:10:20,1.378,26,2.0958563107656634
MID54,SID54,67,2017-03-08 06:10:20,.861,34,2.108601420484367
MID53,SID53,67,2017-03-08 06:10:20,1.206,28,2.4501465371021127
MID52,SID52,67,2017-03-08 06:10:20,1.722,29,2.4210087344948708
MID51,SID51,67,2017-03-08 06:10:20,1.550,27,2.163443004990548
MID50,SID50,67,2017-03-08 06:10:20,.861,27,2.1385998121488448
MID69,SID69,67,2017-03-08 06:10:20,1.722,26,2.128756601134303
MID68,SID68,67,2017-03-08 06:10:20,1.206,28,2.224340921227168
MID67,SID67,67,2017-03-08 06:10:20,1.550,34,2.117394580960951
MID66,SID66,67,2017-03-08 06:10:20,1.033,34,2.207140173348211
MID65,SID65,67,2017-03-08 06:10:20,1.550,30,2.301318528956381
MID64,SID64,67,2017-03-08 06:10:20,1.378,31,2.44027970800806
MID63,SID63,67,2017-03-08 06:10:20,1.033,33,2.374378836889229
MID62,SID62,67,2017-03-08 06:10:20,1.722,28,2.467846532301461
MID61,SID61,67,2017-03-08 06:10:20,1.550,33,2.306026189981801
MID60,SID60,67,2017-03-08 06:10:20,1.550,25,2.221795288829688
MID39,SID39,67,2017-03-08 06:10:20,1.378,31,2.1377086583613694
MID38,SID38,67,2017-03-08 06:10:20,1.206,34,2.081326040066146
MID37,SID37,67,2017-03-08 06:10:20,1.378,26,2.161705782158366
MID36,SID36,67,2017-03-08 06:10:20,1.550,26,2.112044066637981
MID35,SID35,67,2017-03-08 06:10:20,1.550,29,2.0820352884651174
MID34,SID34,67,2017-03-08 06:10:20,.861,34,2.010215986907285
MID33,SID33,67,2017-03-08 06:10:20,1.722,34,2.362612602729527
MID32,SID32,67,2017-03-08 06:10:20,1.550,31,2.33852763442583
MID31,SID31,67,2017-03-08 06:10:20,.861,31,2.1622815624637717
MID30,SID30,67,2017-03-08 06:10:20,1.206,25,2.1529312297555263
MID49,SID49,67,2017-03-08 06:10:20,1.206,31,2.072963357666609
MID48,SID48,67,2017-03-08 06:10:20,1.550,27,2.3423177701630364
MID47,SID47,67,2017-03-08 06:10:20,1.206,33,2.277586556550265
MID46,SID46,67,2017-03-08 06:10:20,1.378,34,2.113102499139929
MID45,SID45,67,2017-03-08 06:10:20,1.206,30,2.0613354150947085
MID44,SID44,67,2017-03-08 06:10:20,.861,26,2.3580314207662156
MID43,SID43,67,2017-03-08 06:10:20,1.033,34,2.005124349623295
MID42,SID42,67,2017-03-08 06:10:20,1.550,26,2.0277326716474975
MID41,SID41,67,2017-03-08 06:10:20,1.550,27,2.0371561873831414
MID40,SID40,67,2017-03-08 06:10:20,1.722,32,2.0030697062334797
MID19,SID19,67,2017-03-08 06:10:30,1.400,25,2.333167717385629
MID18,SID18,67,2017-03-08 06:10:30,1.225,30,2.2220867635498514
MID17,SID17,67,2017-03-08 06:10:30,1.400,27,2.0016739809053528
MID16,SID16,67,2017-03-08 06:10:30,1.225,26,2.026940078969215
MID15,SID15,67,2017-03-08 06:10:30,.875,31,2.0252150727805738
MID14,SID14,67,2017-03-08 06:10:30,1.400,26,2.361601722987685
MID13,SID13,67,2017-03-08 06:10:30,1.575,30,2.3552830544504753
MID12,SID12,67,2017-03-08 06:10:30,1.400,25,2.059695883262482
MID11,SID11,67,2017-03-08 06:10:30,1.750,33,2.311111032643374
MID99,SID99,67,2017-03-08 06:10:30,1.225,25,2.28676495962587
MID10,SID10,67,2017-03-08 06:10:30,.875,26,2.11668441026601
MID98,SID98,67,2017-03-08 06:10:30,1.575,29,2.2166756717388116
MID97,SID97,67,2017-03-08 06:10:30,.875,30,2.2848779343320125
MID96,SID96,67,2017-03-08 06:10:30,1.575,27,2.23808512181869
MID95,SID95,67,2017-03-08 06:10:30,1.750,27,2.335981458806417
MID94,SID94,67,2017-03-08 06:10:30,1.750,26,2.3765117963691513
MID93,SID93,67,2017-03-08 06:10:30,1.750,27,2.427740282913989
MID92,SID92,67,2017-03-08 06:10:30,1.225,33,2.297732467595964
MID91,SID91,67,2017-03-08 06:10:30,1.750,27,2.4291697441894824
MID4,SID4,67,2017-03-08 06:10:30,.875,28,2.2335068545818757
MID5,SID5,67,2017-03-08 06:10:30,1.400,32,2.4034239688239483
MID6,SID6,67,2017-03-08 06:10:30,1.050,25,2.35767872919666
MID7,SID7,67,2017-03-08 06:10:30,1.750,27,2.4240105531376748
MID1,SID1,67,2017-03-08 06:10:30,1.225,29,2.19954176945693
MID2,SID2,67,2017-03-08 06:10:30,1.750,25,2.0838291028660954
MID3,SID3,67,2017-03-08 06:10:30,1.575,27,2.2304102922221074
MID29,SID29,67,2017-03-08 06:10:30,1.575,28,2.1783635967077783
MID28,SID28,67,2017-03-08 06:10:30,1.225,27,2.2538862147950542
MID27,SID27,67,2017-03-08 06:10:30,1.050,28,2.0414588112105894
MID26,SID26,67,2017-03-08 06:10:30,1.050,28,2.3529993030462375
MID8,SID8,67,2017-03-08 06:10:30,1.225,34,2.299660213838054
MID25,SID25,67,2017-03-08 06:10:30,.875,29,2.1929689151848817
MID9,SID9,67,2017-03-08 06:10:30,1.400,30,2.333106857718129
MID24,SID24,67,2017-03-08 06:10:30,.875,32,2.1821564768106767
MID23,SID23,67,2017-03-08 06:10:30,1.400,31,2.0609523853227163
MID22,SID22,67,2017-03-08 06:10:30,1.225,31,2.4273791520714703
MID21,SID21,67,2017-03-08 06:10:30,1.050,33,2.0263426722052076
MID20,SID20,67,2017-03-08 06:10:30,1.225,33,2.496150959892381
MID100,SID100,67,2017-03-08 06:10:30,1.400,30,2.220042627015139
MID79,SID79,67,2017-03-08 06:10:30,.875,32,2.337863322672357
MID78,SID78,67,2017-03-08 06:10:30,1.400,34,2.3179847790417303
MID77,SID77,67,2017-03-08 06:10:30,.875,25,2.1276296279693625
MID76,SID76,67,2017-03-08 06:10:30,1.050,26,2.0930589347478428
MID75,SID75,67,2017-03-08 06:10:30,1.225,32,2.344317575268916
MID74,SID74,67,2017-03-08 06:10:30,1.400,31,2.1006107038050645
MID73,SID73,67,2017-03-08 06:10:30,1.050,34,2.3323336514114414
MID72,SID72,67,2017-03-08 06:10:30,1.750,32,2.3487215503819874
MID71,SID71,67,2017-03-08 06:10:30,1.050,29,2.3427113365521786
MID70,SID70,67,2017-03-08 06:10:30,1.050,33,2.1535851111993027
MID90,SID90,67,2017-03-08 06:10:30,1.400,29,2.398800776292694
MID89,SID89,67,2017-03-08 06:10:30,1.750,26,2.363853247973554
MID88,SID88,67,2017-03-08 06:10:30,1.400,25,2.3467091309763597
MID87,SID87,67,2017-03-08 06:10:30,1.575,29,2.227981576239879
MID86,SID86,67,2017-03-08 06:10:30,1.050,27,2.27303145644923
MID85,SID85,67,2017-03-08 06:10:30,1.750,26,2.0422277950380407
MID84,SID84,67,2017-03-08 06:10:30,1.050,27,2.0248320540330105
MID83,SID83,67,2017-03-08 06:10:30,1.050,26,2.0171356438389147
MID82,SID82,67,2017-03-08 06:10:30,1.575,27,2.4291699130146283
MID81,SID81,67,2017-03-08 06:10:30,1.575,30,2.1549876131334598
MID80,SID80,67,2017-03-08 06:10:30,1.575,29,2.139079908145428
MID59,SID59,67,2017-03-08 06:10:30,1.050,34,2.3091126419884067
MID58,SID58,67,2017-03-08 06:10:30,1.050,26,2.361080511603584
MID57,SID57,67,2017-03-08 06:10:30,1.750,33,2.433596229103707
MID56,SID56,67,2017-03-08 06:10:30,.875,25,2.13850023573204
MID55,SID55,67,2017-03-08 06:10:30,1.400,29,2.345540135846915
MID54,SID54,67,2017-03-08 06:10:30,.875,26,2.186625197446916
MID53,SID53,67,2017-03-08 06:10:30,1.225,25,2.398359728441646
MID52,SID52,67,2017-03-08 06:10:30,1.750,28,2.0922353923769608
MID51,SID51,67,2017-03-08 06:10:30,1.575,34,2.318559089266643
MID50,SID50,67,2017-03-08 06:10:30,.875,27,2.466060283446538
MID69,SID69,67,2017-03-08 06:10:30,1.750,34,2.1276323496055576
MID68,SID68,67,2017-03-08 06:10:30,1.225,29,2.0345919915592416
MID67,SID67,67,2017-03-08 06:10:30,1.575,26,2.04765865638692
MID66,SID66,67,2017-03-08 06:10:30,1.050,31,2.4853262881330838
MID65,SID65,67,2017-03-08 06:10:30,1.575,27,2.455304939524087
MID64,SID64,67,2017-03-08 06:10:30,1.400,27,2.004996461972929
MID63,SID63,67,2017-03-08 06:10:30,1.050,29,2.1006940821003326
MID62,SID62,67,2017-03-08 06:10:30,1.750,28,2.1110353383310185
MID61,SID61,67,2017-03-08 06:10:30,1.575,29,2.1104958974885957
MID60,SID60,67,2017-03-08 06:10:30,1.575,33,2.2268793835465184
MID39,SID39,67,2017-03-08 06:10:30,1.400,28,2.0672410249443773
MID38,SID38,67,2017-03-08 06:10:30,1.225,31,2.1359667041467763
MID37,SID37,67,2017-03-08 06:10:30,1.400,27,2.3406073136297514
MID36,SID36,67,2017-03-08 06:10:30,1.575,34,2.242336469688766
MID35,SID35,67,2017-03-08 06:10:30,1.575,25,2.405045715561099
MID34,SID34,67,2017-03-08 06:10:30,.875,33,2.398322465894452
MID33,SID33,67,2017-03-08 06:10:30,1.750,30,2.3900771669143683
MID32,SID32,67,2017-03-08 06:10:30,1.575,28,2.2268236449714927
MID31,SID31,67,2017-03-08 06:10:30,.875,30,2.3393175815526717
MID30,SID30,67,2017-03-08 06:10:30,1.225,33,2.169825928598809
MID49,SID49,67,2017-03-08 06:10:30,1.225,26,2.136166903550278
MID48,SID48,67,2017-03-08 06:10:30,1.575,30,2.406211526568805
MID47,SID47,67,2017-03-08 06:10:30,1.225,27,2.345940302380951
MID46,SID46,67,2017-03-08 06:10:30,1.400,33,2.37935880620881
MID45,SID45,67,2017-03-08 06:10:30,1.225,32,2.1114230151156397
MID44,SID44,67,2017-03-08 06:10:30,.875,30,2.0723479506225075
MID43,SID43,67,2017-03-08 06:10:30,1.050,33,2.0821109538053504
MID42,SID42,67,2017-03-08 06:10:30,1.575,32,2.1738662096200443
MID41,SID41,67,2017-03-08 06:10:30,1.575,32,2.4797104993990575
MID40,SID40,67,2017-03-08 06:10:30,1.750,34,2.110147259539333
MID19,SID19,67,2017-03-08 06:10:40,1.422,29,2.0417056978018033
MID18,SID18,67,2017-03-08 06:10:40,1.244,32,2.292072471962267
MID17,SID17,67,2017-03-08 06:10:40,1.422,27,2.0536852881336847
MID16,SID16,67,2017-03-08 06:10:40,1.244,32,2.476246923660184
MID15,SID15,67,2017-03-08 06:10:40,.889,25,2.0596663061568012
MID14,SID14,67,2017-03-08 06:10:40,1.422,28,2.3002552288325666
MID13,SID13,67,2017-03-08 06:10:40,1.600,32,2.463986510885597
MID12,SID12,67,2017-03-08 06:10:40,1.422,33,2.136888799824879
MID11,SID11,67,2017-03-08 06:10:40,1.778,33,2.2836654000497063
MID99,SID99,67,2017-03-08 06:10:40,1.244,31,2.0828111202130843
MID10,SID10,67,2017-03-08 06:10:40,.889,34,2.3663505343167275
MID98,SID98,67,2017-03-08 06:10:40,1.600,34,2.361829528813993
MID97,SID97,67,2017-03-08 06:10:40,.889,31,2.343480495731656
MID96,SID96,67,2017-03-08 06:10:40,1.600,33,2.2044400474420724
MID95,SID95,67,2017-03-08 06:10:40,1.778,33,2.304512778270297
MID94,SID94,67,2017-03-08 06:10:40,1.778,28,2.1076237194101894
MID93,SID93,67,2017-03-08 06:10:40,1.778,28,2.140359022754051
MID92,SID92,67,2017-03-08 06:10:40,1.244,26,2.137460141777577
MID91,SID91,67,2017-03-08 06:10:40,1.778,29,2.2843816619797175
MID4,SID4,67,2017-03-08 06:10:40,.889,32,2.217045093462461
MID5,SID5,67,2017-03-08 06:10:40,1.422,26,2.3337302293698943
MID6,SID6,67,2017-03-08 06:10:40,1.067,27,2.33901775789597
MID7,SID7,67,2017-03-08 06:10:40,1.778,27,2.0789015585691764
MID1,SID1,67,2017-03-08 06:10:40,1.244,28,2.0782432026168873
MID2,SID2,67,2017-03-08 06:10:40,1.778,27,2.4966491202908707
MID3,SID3,67,2017-03-08 06:10:40,1.600,29,2.1232292253487755
MID29,SID29,67,2017-03-08 06:10:40,1.600,29,2.104817909099573
MID28,SID28,67,2017-03-08 06:10:40,1.244,33,2.333346442919099
MID27,SID27,67,2017-03-08 06:10:40,1.067,32,2.1088733308321883
MID26,SID26,67,2017-03-08 06:10:40,1.067,29,2.35747861377053
MID8,SID8,67,2017-03-08 06:10:40,1.244,32,2.3296213672971393
MID25,SID25,67,2017-03-08 06:10:40,.889,27,2.1657283359599857
MID9,SID9,67,2017-03-08 06:10:40,1.422,31,2.094836180106987
MID24,SID24,67,2017-03-08 06:10:40,.889,34,2.4393634571440455
MID23,SID23,67,2017-03-08 06:10:40,1.422,31,2.448509759486247
MID22,SID22,67,2017-03-08 06:10:40,1.244,31,2.4553984065253385
MID21,SID21,67,2017-03-08 06:10:40,1.067,33,2.1899873640510306
MID20,SID20,67,2017-03-08 06:10:40,1.244,34,2.312275986137061
MID100,SID100,67,2017-03-08 06:10:40,1.422,33,2.2412356414762726
MID79,SID79,67,2017-03-08 06:10:40,.889,27,2.1656531155924177
MID78,SID78,67,2017-03-08 06:10:40,1.422,28,2.013025079955785
MID77,SID77,67,2017-03-08 06:10:40,.889,26,2.0178303813961684
MID76,SID76,67,2017-03-08 06:10:40,1.067,27,2.343403256826074
MID75,SID75,67,2017-03-08 06:10:40,1.244,33,2.1543228018950304
MID74,SID74,67,2017-03-08 06:10:40,1.422,26,2.2923976982120764
MID73,SID73,67,2017-03-08 06:10:40,1.067,26,2.4023871076408887
MID72,SID72,67,2017-03-08 06:10:40,1.778,29,2.162376108854461
MID71,SID71,67,2017-03-08 06:10:40,1.067,34,2.099446038420951
MID70,SID70,67,2017-03-08 06:10:40,1.067,33,2.0279157094779308
MID90,SID90,67,2017-03-08 06:10:40,1.422,33,2.1484971429766646
MID89,SID89,67,2017-03-08 06:10:40,1.778,25,2.18480929524088
MID88,SID88,67,2017-03-08 06:10:40,1.422,27,2.315875580198114
MID87,SID87,67,2017-03-08 06:10:40,1.600,31,2.390502046988839
MID86,SID86,67,2017-03-08 06:10:40,1.067,34,2.097173831359746
MID85,SID85,67,2017-03-08 06:10:40,1.778,32,2.224684428335392
MID84,SID84,67,2017-03-08 06:10:40,1.067,33,2.4826118988580537
MID83,SID83,67,2017-03-08 06:10:40,1.067,34,2.2430289415394786
MID82,SID82,67,2017-03-08 06:10:40,1.600,31,2.099755383016238
MID81,SID81,67,2017-03-08 06:10:40,1.600,32,2.2484396137992917
MID80,SID80,67,2017-03-08 06:10:40,1.600,32,2.228725709051178
MID59,SID59,67,2017-03-08 06:10:40,1.067,30,2.2250390030748335
MID58,SID58,67,2017-03-08 06:10:40,1.067,31,2.0526778304664313
MID57,SID57,67,2017-03-08 06:10:40,1.778,25,2.2134916894534635
MID56,SID56,67,2017-03-08 06:10:40,.889,31,2.2544560083725167
MID55,SID55,67,2017-03-08 06:10:40,1.422,25,2.1617293979997694
MID54,SID54,67,2017-03-08 06:10:40,.889,33,2.0962289147661077
MID53,SID53,67,2017-03-08 06:10:40,1.244,31,2.2557543909829914
MID52,SID52,67,2017-03-08 06:10:40,1.778,26,2.405150923889172
MID51,SID51,67,2017-03-08 06:10:40,1.600,32,2.2992366148756007
MID50,SID50,67,2017-03-08 06:10:40,.889,31,2.426046933579825
MID69,SID69,67,2017-03-08 06:10:40,1.778,33,2.0899459339511237
MID68,SID68,67,2017-03-08 06:10:40,1.244,34,2.415578607037165
MID67,SID67,67,2017-03-08 06:10:40,1.600,34,2.3858445972929045
MID66,SID66,67,2017-03-08 06:10:40,1.067,33,2.216874581885275
MID65,SID65,67,2017-03-08 06:10:40,1.600,29,2.0325271706356958
MID64,SID64,67,2017-03-08 06:10:40,1.422,25,2.355048608341675
MID63,SID63,67,2017-03-08 06:10:40,1.067,34,2.0496076671766446
MID62,SID62,67,2017-03-08 06:10:40,1.778,31,2.453411391266524
MID61,SID61,67,2017-03-08 06:10:40,1.600,33,2.0693646754560793
MID60,SID60,67,2017-03-08 06:10:40,1.600,34,2.268766492342317
MID39,SID39,67,2017-03-08 06:10:40,1.422,31,2.216488951662119
MID38,SID38,67,2017-03-08 06:10:40,1.244,33,2.0070491415122858
MID37,SID37,67,2017-03-08 06:10:40,1.422,26,2.301133909982584
MID36,SID36,67,2017-03-08 06:10:40,1.600,26,2.431596360082246
MID35,SID35,67,2017-03-08 06:10:40,1.600,34,2.054828080805474
MID34,SID34,67,2017-03-08 06:10:40,.889,29,2.243891553669778
MID33,SID33,67,2017-03-08 06:10:40,1.778,28,2.417711974595875
MID32,SID32,67,2017-03-08 06:10:40,1.600,32,2.088171258348963
MID31,SID31,67,2017-03-08 06:10:40,.889,32,2.41320157311117
MID30,SID30,67,2017-03-08 06:10:40,1.244,28,2.3987155151274497
MID49,SID49,67,2017-03-08 06:10:40,1.244,34,2.37509267553936
MID48,SID48,67,2017-03-08 06:10:40,1.600,32,2.3317130730991407
MID47,SID47,67,2017-03-08 06:10:40,1.244,34,2.341386444700649
MID46,SID46,67,2017-03-08 06:10:40,1.422,29,2.058623775688989
MID45,SID45,67,2017-03-08 06:10:40,1.244,26,2.469946759897698
MID44,SID44,67,2017-03-08 06:10:40,.889,27,2.0853135981123345
MID43,SID43,67,2017-03-08 06:10:40,1.067,31,2.272240623935578
MID42,SID42,67,2017-03-08 06:10:40,1.600,29,2.290431563296444
MID41,SID41,67,2017-03-08 06:10:40,1.600,27,2.357358646514482
MID40,SID40,67,2017-03-08 06:10:40,1.778,31,2.4881037646444493
MID19,SID19,67,2017-03-08 06:10:50,1.444,32,2.0722446989246976
MID18,SID18,67,2017-03-08 06:10:50,1.264,29,2.360708845474049
MID17,SID17,67,2017-03-08 06:10:50,1.444,26,2.3999754442985415
MID16,SID16,67,2017-03-08 06:10:50,1.264,30,2.256644894177459
MID15,SID15,67,2017-03-08 06:10:50,.903,34,2.3920993917242748
MID14,SID14,67,2017-03-08 06:10:50,1.444,33,2.2794599459347116
MID13,SID13,67,2017-03-08 06:10:50,1.625,34,2.420395826934571
MID12,SID12,67,2017-03-08 06:10:50,1.444,30,2.2273755059012235
MID11,SID11,67,2017-03-08 06:10:50,1.806,33,2.2857258922610235
MID99,SID99,67,2017-03-08 06:10:50,1.264,26,2.109931071893216
MID10,SID10,67,2017-03-08 06:10:50,.903,33,2.286467835423959
MID98,SID98,67,2017-03-08 06:10:50,1.625,30,2.000273487368327
MID97,SID97,67,2017-03-08 06:10:50,.903,25,2.263281648488291
MID96,SID96,67,2017-03-08 06:10:50,1.625,26,2.179992812055307
MID95,SID95,67,2017-03-08 06:10:50,1.806,30,2.1441257456222194
MID94,SID94,67,2017-03-08 06:10:50,1.806,30,2.161190784735627
MID93,SID93,67,2017-03-08 06:10:50,1.806,27,2.0172884305274468
MID92,SID92,67,2017-03-08 06:10:50,1.264,26,2.2282109953344262
MID91,SID91,67,2017-03-08 06:10:50,1.806,34,2.3065943596258602
MID4,SID4,67,2017-03-08 06:10:50,.903,28,2.1321762670625617
MID5,SID5,67,2017-03-08 06:10:50,1.444,26,2.016853278720682
MID6,SID6,67,2017-03-08 06:10:50,1.083,27,2.1435364555537175
MID7,SID7,67,2017-03-08 06:10:50,1.806,29,2.116647173508479
MID1,SID1,67,2017-03-08 06:10:50,1.264,32,2.384933071958395
MID2,SID2,67,2017-03-08 06:10:50,1.806,30,2.4630628286162266
MID3,SID3,67,2017-03-08 06:10:50,1.625,32,2.210580801489046
MID29,SID29,67,2017-03-08 06:10:50,1.625,32,2.424385676214631
MID28,SID28,67,2017-03-08 06:10:50,1.264,29,2.4521044921321584
MID27,SID27,67,2017-03-08 06:10:50,1.083,32,2.441522131789748
MID26,SID26,67,2017-03-08 06:10:50,1.083,31,2.0327821586861163
MID8,SID8,67,2017-03-08 06:10:50,1.264,33,2.4320472265538684
MID25,SID25,67,2017-03-08 06:10:50,.903,34,2.335494970729491
MID9,SID9,67,2017-03-08 06:10:50,1.444,33,2.0600756526828032
MID24,SID24,67,2017-03-08 06:10:50,.903,31,2.076871861423374
MID23,SID23,67,2017-03-08 06:10:50,1.444,26,2.363660189960852
MID22,SID22,67,2017-03-08 06:10:50,1.264,30,2.198938904880067
MID21,SID21,67,2017-03-08 06:10:50,1.083,31,2.3071761595983595
MID20,SID20,67,2017-03-08 06:10:50,1.264,27,2.165184765936838
MID100,SID100,67,2017-03-08 06:10:50,1.444,30,2.091419747902521
MID79,SID79,67,2017-03-08 06:10:50,.903,32,2.4332315825663957
MID78,SID78,67,2017-03-08 06:10:50,1.444,34,2.382201003528977
MID77,SID77,67,2017-03-08 06:10:50,.903,28,2.4348074133144926
MID76,SID76,67,2017-03-08 06:10:50,1.083,28,2.2244228558442214
MID75,SID75,67,2017-03-08 06:10:50,1.264,26,2.2695896955743367
MID74,SID74,67,2017-03-08 06:10:50,1.444,29,2.410508197399369
MID73,SID73,67,2017-03-08 06:10:50,1.083,28,2.497963358489427
MID72,SID72,67,2017-03-08 06:10:50,1.806,34,2.013608548158346
MID71,SID71,67,2017-03-08 06:10:50,1.083,29,2.146025392342369
MID70,SID70,67,2017-03-08 06:10:50,1.083,31,2.4480240122037245
MID90,SID90,67,2017-03-08 06:10:50,1.444,31,2.066083540460531
MID89,SID89,67,2017-03-08 06:10:50,1.806,33,2.251649810831015
MID88,SID88,67,2017-03-08 06:10:50,1.444,33,2.0944410611486752
MID87,SID87,67,2017-03-08 06:10:50,1.625,26,2.093180939023651
MID86,SID86,67,2017-03-08 06:10:50,1.083,26,2.3894375634664495
MID85,SID85,67,2017-03-08 06:10:50,1.806,28,2.438168321542986
MID84,SID84,67,2017-03-08 06:10:50,1.083,26,2.141389721736884
MID83,SID83,67,2017-03-08 06:10:50,1.083,28,2.2847062507174605
MID82,SID82,67,2017-03-08 06:10:50,1.625,33,2.0879186034237063
MID81,SID81,67,2017-03-08 06:10:50,1.625,33,2.080474320545841
MID80,SID80,67,2017-03-08 06:10:50,1.625,31,2.186801050103089
MID59,SID59,67,2017-03-08 06:10:50,1.083,27,2.0171939323759247
MID58,SID58,67,2017-03-08 06:10:50,1.083,26,2.056040572919988
MID57,SID57,67,2017-03-08 06:10:50,1.806,25,2.32954285469437
MID56,SID56,67,2017-03-08 06:10:50,.903,27,2.354577191857427
MID55,SID55,67,2017-03-08 06:10:50,1.444,30,2.4288904305473213
MID54,SID54,67,2017-03-08 06:10:50,.903,26,2.2740329089751334
MID53,SID53,67,2017-03-08 06:10:50,1.264,31,2.3934233494505412
MID52,SID52,67,2017-03-08 06:10:50,1.806,28,2.2384234389985145
MID51,SID51,67,2017-03-08 06:10:50,1.625,25,2.3119792104792687
MID50,SID50,67,2017-03-08 06:10:50,.903,34,2.0196090466583185
MID69,SID69,67,2017-03-08 06:10:50,1.806,29,2.439085386066613
MID68,SID68,67,2017-03-08 06:10:50,1.264,32,2.2902649853359365
MID67,SID67,67,2017-03-08 06:10:50,1.625,28,2.324471850395998
MID66,SID66,67,2017-03-08 06:10:50,1.083,30,2.248343307882425
MID65,SID65,67,2017-03-08 06:10:50,1.625,27,2.299700922910703
MID64,SID64,67,2017-03-08 06:10:50,1.444,29,2.1766680982007247
MID63,SID63,67,2017-03-08 06:10:50,1.083,28,2.43762699030187
MID62,SID62,67,2017-03-08 06:10:50,1.806,31,2.0778616796438265
MID61,SID61,67,2017-03-08 06:10:50,1.625,27,2.3961862902639046
MID60,SID60,67,2017-03-08 06:10:50,1.625,28,2.07753470622188
MID39,SID39,67,2017-03-08 06:10:50,1.444,33,2.3595736453968805
MID38,SID38,67,2017-03-08 06:10:50,1.264,27,2.256436128869903
MID37,SID37,67,2017-03-08 06:10:50,1.444,34,2.429827943038175
MID36,SID36,67,2017-03-08 06:10:50,1.625,32,2.323773257725859
MID35,SID35,67,2017-03-08 06:10:50,1.625,31,2.1627903341080597
MID34,SID34,67,2017-03-08 06:10:50,.903,28,2.2207308900895226
MID33,SID33,67,2017-03-08 06:10:50,1.806,33,2.1595869962982834
MID32,SID32,67,2017-03-08 06:10:50,1.625,30,2.282510264615021
MID31,SID31,67,2017-03-08 06:10:50,.903,28,2.202899295911584
MID30,SID30,67,2017-03-08 06:10:50,1.264,31,2.314020949926399
MID49,SID49,67,2017-03-08 06:10:50,1.264,34,2.110795356246881
MID48,SID48,67,2017-03-08 06:10:50,1.625,31,2.2576547602190127
MID47,SID47,67,2017-03-08 06:10:50,1.264,28,2.1637648482831224
MID46,SID46,67,2017-03-08 06:10:50,1.444,34,2.153857682450399
MID45,SID45,67,2017-03-08 06:10:50,1.264,28,2.09771035184839
MID44,SID44,67,2017-03-08 06:10:50,.903,29,2.381729689864392
MID43,SID43,67,2017-03-08 06:10:50,1.083,28,2.4789947986093885
MID42,SID42,67,2017-03-08 06:10:50,1.625,28,2.4344570408948196
MID41,SID41,67,2017-03-08 06:10:50,1.625,29,2.023055291991333
MID40,SID40,67,2017-03-08 06:10:50,1.806,26,2.496395330809269
MID19,SID19,67,2017-03-08 06:11:00,1.467,29,2.1874794518527017
MID18,SID18,67,2017-03-08 06:11:00,1.283,26,2.280367524085699
MID17,SID17,67,2017-03-08 06:11:00,1.467,32,2.0870801970278916
MID16,SID16,67,2017-03-08 06:11:00,1.283,29,2.030955124405088
MID15,SID15,67,2017-03-08 06:11:00,.917,28,2.29116212069067
MID14,SID14,67,2017-03-08 06:11:00,1.467,25,2.325355302007012
MID13,SID13,67,2017-03-08 06:11:00,1.650,33,2.12698417654058
MID12,SID12,67,2017-03-08 06:11:00,1.467,25,2.106510275086545
MID11,SID11,67,2017-03-08 06:11:00,1.833,29,2.251617257003228
MID99,SID99,67,2017-03-08 06:11:00,1.283,29,2.460400037905544
MID10,SID10,67,2017-03-08 06:11:00,.917,33,2.1779702974443627
MID98,SID98,67,2017-03-08 06:11:00,1.650,33,2.4988627732162128
MID97,SID97,67,2017-03-08 06:11:00,.917,27,2.495252882261124
MID96,SID96,67,2017-03-08 06:11:00,1.650,30,2.134901031360135
MID95,SID95,67,2017-03-08 06:11:00,1.833,33,2.0829381373305744
MID94,SID94,67,2017-03-08 06:11:00,1.833,34,2.2062912877437153
MID93,SID93,67,2017-03-08 06:11:00,1.833,34,2.237803348808173
MID92,SID92,67,2017-03-08 06:11:00,1.283,34,2.1981992676718525
MID91,SID91,67,2017-03-08 06:11:00,1.833,34,2.4902961830278185
MID4,SID4,67,2017-03-08 06:11:00,.917,32,2.203068988356999
MID5,SID5,67,2017-03-08 06:11:00,1.467,27,2.0546890678879564
MID6,SID6,67,2017-03-08 06:11:00,1.100,25,2.124905683950876
MID7,SID7,67,2017-03-08 06:11:00,1.833,25,2.414921165412013
MID1,SID1,67,2017-03-08 06:11:00,1.283,30,2.4794921275597526
MID2,SID2,67,2017-03-08 06:11:00,1.833,27,2.410786070758096
MID3,SID3,67,2017-03-08 06:11:00,1.650,28,2.306478523889154
MID29,SID29,67,2017-03-08 06:11:00,1.650,28,2.1139309327183557
MID28,SID28,67,2017-03-08 06:11:00,1.283,31,2.344966657142061
MID27,SID27,67,2017-03-08 06:11:00,1.100,33,2.415430335465108
MID26,SID26,67,2017-03-08 06:11:00,1.100,27,2.398849018618399
MID8,SID8,67,2017-03-08 06:11:00,1.283,31,2.3993380605267767
MID25,SID25,67,2017-03-08 06:11:00,.917,32,2.3601074900517895
MID9,SID9,67,2017-03-08 06:11:00,1.467,28,2.097052209299534
MID24,SID24,67,2017-03-08 06:11:00,.917,32,2.275272127569802
MID23,SID23,67,2017-03-08 06:11:00,1.467,34,2.4879767883113093
MID22,SID22,67,2017-03-08 06:11:00,1.283,27,2.0895361140484487
MID21,SID21,67,2017-03-08 06:11:00,1.100,31,2.1964832022446714
MID20,SID20,67,2017-03-08 06:11:00,1.283,28,2.01091243891029
MID100,SID100,67,2017-03-08 06:11:00,1.467,27,2.315563394196068
MID79,SID79,67,2017-03-08 06:11:00,.917,30,2.3672637204240217
MID78,SID78,67,2017-03-08 06:11:00,1.467,28,2.321245088655233
MID77,SID77,67,2017-03-08 06:11:00,.917,28,2.328816787036698
MID76,SID76,67,2017-03-08 06:11:00,1.100,28,2.0532712102056694
MID75,SID75,67,2017-03-08 06:11:00,1.283,29,2.358015536732694
MID74,SID74,67,2017-03-08 06:11:00,1.467,30,2.3322643813298303
MID73,SID73,67,2017-03-08 06:11:00,1.100,34,2.3661663477429693
MID72,SID72,67,2017-03-08 06:11:00,1.833,33,2.319078590210375
MID71,SID71,67,2017-03-08 06:11:00,1.100,33,2.270462272869305
MID70,SID70,67,2017-03-08 06:11:00,1.100,28,2.456995118475364
MID90,SID90,67,2017-03-08 06:11:00,1.467,26,2.0883016249327353
MID89,SID89,67,2017-03-08 06:11:00,1.833,29,2.4859872622003083
MID88,SID88,67,2017-03-08 06:11:00,1.467,34,2.211533616616326
MID87,SID87,67,2017-03-08 06:11:00,1.650,25,2.1004257360584417
MID86,SID86,67,2017-03-08 06:11:00,1.100,33,2.350043997665728
MID85,SID85,67,2017-03-08 06:11:00,1.833,25,2.1907179111598256
MID84,SID84,67,2017-03-08 06:11:00,1.100,30,2.4295569630068385
MID83,SID83,67,2017-03-08 06:11:00,1.100,32,2.1367263769045675
MID82,SID82,67,2017-03-08 06:11:00,1.650,31,2.4845806229598404
MID81,SID81,67,2017-03-08 06:11:00,1.650,34,2.270730075927249
MID80,SID80,67,2017-03-08 06:11:00,1.650,33,2.1138481090683987
MID59,SID59,67,2017-03-08 06:11:00,1.100,25,2.0547977411699625
MID58,SID58,67,2017-03-08 06:11:00,1.100,29,2.1536369540021463
MID57,SID57,67,2017-03-08 06:11:00,1.833,34,2.2749519518261914
MID56,SID56,67,2017-03-08 06:11:00,.917,31,2.477844102737567
MID55,SID55,67,2017-03-08 06:11:00,1.467,31,2.259017873786096
MID54,SID54,67,2017-03-08 06:11:00,.917,34,2.3139402454233693
MID53,SID53,67,2017-03-08 06:11:00,1.283,33,2.2374780737281
MID52,SID52,67,2017-03-08 06:11:00,1.833,33,2.0278317529010783
MID51,SID51,67,2017-03-08 06:11:00,1.650,32,2.138523901687825
MID50,SID50,67,2017-03-08 06:11:00,.917,27,2.1301688361935454
MID69,SID69,67,2017-03-08 06:11:00,1.833,26,2.402104109997662
MID68,SID68,67,2017-03-08 06:11:00,1.283,34,2.364602727024622
MID67,SID67,67,2017-03-08 06:11:00,1.650,28,2.0529326179924863
MID66,SID66,67,2017-03-08 06:11:00,1.100,30,2.3706771709171552
MID65,SID65,67,2017-03-08 06:11:00,1.650,33,2.27961404039169
MID64,SID64,67,2017-03-08 06:11:00,1.467,30,2.1353500216057864
MID63,SID63,67,2017-03-08 06:11:00,1.100,33,2.3695794681213145
MID62,SID62,67,2017-03-08 06:11:00,1.833,27,2.1630718665533353
MID61,SID61,67,2017-03-08 06:11:00,1.650,34,2.2961979487918787
MID60,SID60,67,2017-03-08 06:11:00,1.650,31,2.485211350153762
MID39,SID39,67,2017-03-08 06:11:00,1.467,25,2.393343359716226
MID38,SID38,67,2017-03-08 06:11:00,1.283,32,2.494919841873654
MID37,SID37,67,2017-03-08 06:11:00,1.467,33,2.1610852414193285
MID36,SID36,67,2017-03-08 06:11:00,1.650,34,2.1290625923239834
MID35,SID35,67,2017-03-08 06:11:00,1.650,31,2.352086515469075
MID34,SID34,67,2017-03-08 06:11:00,.917,32,2.156295930602232
MID33,SID33,67,2017-03-08 06:11:00,1.833,32,2.3091537856062607
MID32,SID32,67,2017-03-08 06:11:00,1.650,28,2.207597209008802
MID31,SID31,67,2017-03-08 06:11:00,.917,32,2.1276507846686736
MID30,SID30,67,2017-03-08 06:11:00,1.283,30,2.479839152847311
MID49,SID49,67,2017-03-08 06:11:00,1.283,25,2.4778585988662534
MID48,SID48,67,2017-03-08 06:11:00,1.650,30,2.4031034729515315
MID47,SID47,67,2017-03-08 06:11:00,1.283,27,2.454202514020196
MID46,SID46,67,2017-03-08 06:11:00,1.467,33,2.453720915370537
MID45,SID45,67,2017-03-08 06:11:00,1.283,34,2.0214320708144897
MID44,SID44,67,2017-03-08 06:11:00,.917,31,2.4716498526264976
MID43,SID43,67,2017-03-08 06:11:00,1.100,34,2.2359633371077874
MID42,SID42,67,2017-03-08 06:11:00,1.650,30,2.271255681818941
MID41,SID41,67,2017-03-08 06:11:00,1.650,28,2.0879800484296727
MID40,SID40,67,2017-03-08 06:11:00,1.833,31,2.261766621025554
MID19,SID19,67,2017-03-08 06:11:10,1.489,31,2.115308498182769
MID18,SID18,67,2017-03-08 06:11:10,1.303,33,2.2457154457334645
MID17,SID17,67,2017-03-08 06:11:10,1.489,32,2.1669060220378116
MID16,SID16,67,2017-03-08 06:11:10,1.303,25,2.251284591628386
MID15,SID15,67,2017-03-08 06:11:10,.931,32,2.0587755647649595
MID14,SID14,67,2017-03-08 06:11:10,1.489,26,2.323584379905953
MID13,SID13,67,2017-03-08 06:11:10,1.675,31,2.478679103785241
MID12,SID12,67,2017-03-08 06:11:10,1.489,32,2.2656868078699355
MID11,SID11,67,2017-03-08 06:11:10,1.861,29,2.3680474321802016
MID99,SID99,67,2017-03-08 06:11:10,1.303,34,2.1696461063387114
MID10,SID10,67,2017-03-08 06:11:10,.931,28,2.2801615556636787
MID98,SID98,67,2017-03-08 06:11:10,1.675,33,2.2562149891171597
MID97,SID97,67,2017-03-08 06:11:10,.931,28,2.0539607940909104
MID96,SID96,67,2017-03-08 06:11:10,1.675,25,2.4087032655068095
MID95,SID95,67,2017-03-08 06:11:10,1.861,32,2.2148500429700624
MID94,SID94,67,2017-03-08 06:11:10,1.861,28,2.3095111361719187
MID93,SID93,67,2017-03-08 06:11:10,1.861,31,2.1161768229386313
MID92,SID92,67,2017-03-08 06:11:10,1.303,31,2.3222550370300814
MID91,SID91,67,2017-03-08 06:11:10,1.861,29,2.1266459087966707
MID4,SID4,67,2017-03-08 06:11:10,.931,31,2.294188051321791
MID5,SID5,67,2017-03-08 06:11:10,1.489,26,2.0230016472542096
MID6,SID6,67,2017-03-08 06:11:10,1.117,27,2.4078725502574096
MID7,SID7,67,2017-03-08 06:11:10,1.861,31,2.4114696328648257
MID1,SID1,67,2017-03-08 06:11:10,1.303,31,2.216364510508734
MID2,SID2,67,2017-03-08 06:11:10,1.861,30,2.3790904983656755
MID3,SID3,67,2017-03-08 06:11:10,1.675,30,2.4169812906787302
MID29,SID29,67,2017-03-08 06:11:10,1.675,28,2.430232129870965
MID28,SID28,67,2017-03-08 06:11:10,1.303,33,2.397984503486785
MID27,SID27,67,2017-03-08 06:11:10,1.117,31,2.0954647354353364
MID26,SID26,67,2017-03-08 06:11:10,1.117,28,2.281002713743157
MID8,SID8,67,2017-03-08 06:11:10,1.303,30,2.2570624875388567
MID25,SID25,67,2017-03-08 06:11:10,.931,34,2.3346537771570275
MID9,SID9,67,2017-03-08 06:11:10,1.489,32,2.0191119853990553
MID24,SID24,67,2017-03-08 06:11:10,.931,27,2.3063547002394147
MID23,SID23,67,2017-03-08 06:11:10,1.489,32,2.0478770634829613
MID22,SID22,67,2017-03-08 06:11:10,1.303,31,2.392192054148345
MID21,SID21,67,2017-03-08 06:11:10,1.117,31,2.464583247345024
MID20,SID20,67,2017-03-08 06:11:10,1.303,26,2.36581587385001
MID100,SID100,67,2017-03-08 06:11:10,1.489,26,2.047432248372388
MID79,SID79,67,2017-03-08 06:11:10,.931,29,2.134121512296681
MID78,SID78,67,2017-03-08 06:11:10,1.489,30,2.4652909363000113
MID77,SID77,67,2017-03-08 06:11:10,.931,25,2.116723853278816
MID76,SID76,67,2017-03-08 06:11:10,1.117,32,2.0970122359092556
MID75,SID75,67,2017-03-08 06:11:10,1.303,27,2.0231288140643846
MID74,SID74,67,2017-03-08 06:11:10,1.489,29,2.2473956062811538
MID73,SID73,67,2017-03-08 06:11:10,1.117,32,2.0458599228189436
MID72,SID72,67,2017-03-08 06:11:10,1.861,29,2.3320951316060254
MID71,SID71,67,2017-03-08 06:11:10,1.117,30,2.040991737634185
MID70,SID70,67,2017-03-08 06:11:10,1.117,34,2.1235168882084334
MID90,SID90,67,2017-03-08 06:11:10,1.489,30,2.48522876534321
MID89,SID89,67,2017-03-08 06:11:10,1.861,29,2.2470476818324534
MID88,SID88,67,2017-03-08 06:11:10,1.489,28,2.210597898628039
MID87,SID87,67,2017-03-08 06:11:10,1.675,29,2.102900230337726
MID86,SID86,67,2017-03-08 06:11:10,1.117,26,2.1541557925672326
MID85,SID85,67,2017-03-08 06:11:10,1.861,28,2.172244908351439
MID84,SID84,67,2017-03-08 06:11:10,1.117,25,2.424640286239082
MID83,SID83,67,2017-03-08 06:11:10,1.117,30,2.1087114608480007
MID82,SID82,67,2017-03-08 06:11:10,1.675,25,2.079876451746153
MID81,SID81,67,2017-03-08 06:11:10,1.675,26,2.478949771607479
MID80,SID80,67,2017-03-08 06:11:10,1.675,32,2.2150199299026925
MID59,SID59,67,2017-03-08 06:11:10,1.117,26,2.2134498132125096
MID58,SID58,67,2017-03-08 06:11:10,1.117,28,2.4892892014972907
MID57,SID57,67,2017-03-08 06:11:10,1.861,34,2.2451682634977046
MID56,SID56,67,2017-03-08 06:11:10,.931,27,2.387259224494983
MID55,SID55,67,2017-03-08 06:11:10,1.489,28,2.258942078289634
MID54,SID54,67,2017-03-08 06:11:10,.931,32,2.308319395628524
MID53,SID53,67,2017-03-08 06:11:10,1.303,29,2.3020714263412607
MID52,SID52,67,2017-03-08 06:11:10,1.861,30,2.452366210579655
MID51,SID51,67,2017-03-08 06:11:10,1.675,34,2.4428269996750345
MID50,SID50,67,2017-03-08 06:11:10,.931,26,2.273857925898655
MID69,SID69,67,2017-03-08 06:11:10,1.861,25,2.3345078175857132
MID68,SID68,67,2017-03-08 06:11:10,1.303,33,2.056804541309679
MID67,SID67,67,2017-03-08 06:11:10,1.675,28,2.139138942939944
MID66,SID66,67,2017-03-08 06:11:10,1.117,28,2.2416298499014315
MID65,SID65,67,2017-03-08 06:11:10,1.675,30,2.0003184514772623
MID64,SID64,67,2017-03-08 06:11:10,1.489,25,2.3549893356021507
MID63,SID63,67,2017-03-08 06:11:10,1.117,25,2.3748662287645153
MID62,SID62,67,2017-03-08 06:11:10,1.861,27,2.123709209978479
MID61,SID61,67,2017-03-08 06:11:10,1.675,34,2.320057671641769
MID60,SID60,67,2017-03-08 06:11:10,1.675,27,2.2823060417932517
MID39,SID39,67,2017-03-08 06:11:10,1.489,31,2.0303812711071685
MID38,SID38,67,2017-03-08 06:11:10,1.303,34,2.3483454616368653
MID37,SID37,67,2017-03-08 06:11:10,1.489,33,2.3221947098730986
MID36,SID36,67,2017-03-08 06:11:10,1.675,26,2.170327763203748
MID35,SID35,67,2017-03-08 06:11:10,1.675,31,2.2096869331944586
MID34,SID34,67,2017-03-08 06:11:10,.931,33,2.1516271027116742
MID33,SID33,67,2017-03-08 06:11:10,1.861,29,2.2828779724226735
MID32,SID32,67,2017-03-08 06:11:10,1.675,26,2.2645934366386316
MID31,SID31,67,2017-03-08 06:11:10,.931,26,2.3158103775081162
MID30,SID30,67,2017-03-08 06:11:10,1.303,25,2.0046411567857847
MID49,SID49,67,2017-03-08 06:11:10,1.303,33,2.09241256504568
MID48,SID48,67,2017-03-08 06:11:10,1.675,30,2.4349904376646876
MID47,SID47,67,2017-03-08 06:11:10,1.303,29,2.37500811667467
MID46,SID46,67,2017-03-08 06:11:10,1.489,28,2.250025122318733
MID45,SID45,67,2017-03-08 06:11:10,1.303,27,2.4848110129126937
MID44,SID44,67,2017-03-08 06:11:10,.931,33,2.0910900676806223
MID43,SID43,67,2017-03-08 06:11:10,1.117,32,2.0367633506587834
MID42,SID42,67,2017-03-08 06:11:10,1.675,26,2.167125785730237
MID41,SID41,67,2017-03-08 06:11:10,1.675,28,2.345889124030935
MID40,SID40,67,2017-03-08 06:11:10,1.861,28,2.3343188761407365
MID19,SID19,67,2017-03-08 06:11:20,1.511,25,2.1508164628297597
MID18,SID18,67,2017-03-08 06:11:20,1.322,28,2.466154424323406
MID17,SID17,67,2017-03-08 06:11:20,1.511,25,2.4782972720348013
MID16,SID16,67,2017-03-08 06:11:20,1.322,33,2.4399573653922566
MID15,SID15,67,2017-03-08 06:11:20,.944,32,2.433141354082534
MID14,SID14,67,2017-03-08 06:11:20,1.511,31,2.4138443656594153
MID13,SID13,67,2017-03-08 06:11:20,1.700,32,2.0015922467636686
MID12,SID12,67,2017-03-08 06:11:20,1.511,25,2.3522539014757458
MID11,SID11,67,2017-03-08 06:11:20,1.889,30,2.169374106088274
MID99,SID99,67,2017-03-08 06:11:20,1.322,33,2.037319205907055
MID10,SID10,67,2017-03-08 06:11:20,.944,31,2.1638684995357247
MID98,SID98,67,2017-03-08 06:11:20,1.700,29,2.3032410651435216
MID97,SID97,67,2017-03-08 06:11:20,.944,32,2.281022714660116
MID96,SID96,67,2017-03-08 06:11:20,1.700,34,2.0804741855501847
MID95,SID95,67,2017-03-08 06:11:20,1.889,32,2.2307904325588517
MID94,SID94,67,2017-03-08 06:11:20,1.889,30,2.116445807140152
MID93,SID93,67,2017-03-08 06:11:20,1.889,30,2.252765401382242
MID92,SID92,67,2017-03-08 06:11:20,1.322,34,2.382493117339479
MID91,SID91,67,2017-03-08 06:11:20,1.889,32,2.369655606836124
MID4,SID4,67,2017-03-08 06:11:20,.944,31,2.32536113314105
MID5,SID5,67,2017-03-08 06:11:20,1.511,25,2.243796725217872
MID6,SID6,67,2017-03-08 06:11:20,1.133,28,2.0796953320195337
MID7,SID7,67,2017-03-08 06:11:20,1.889,25,2.4402313965817846
MID1,SID1,67,2017-03-08 06:11:20,1.322,34,2.2161012212460425
MID2,SID2,67,2017-03-08 06:11:20,1.889,33,2.0924492471373908
MID3,SID3,67,2017-03-08 06:11:20,1.700,27,2.028228664358635
MID29,SID29,67,2017-03-08 06:11:20,1.700,27,2.3884880245812945
MID28,SID28,67,2017-03-08 06:11:20,1.322,29,2.2870583491155627
MID27,SID27,67,2017-03-08 06:11:20,1.133,25,2.1313326411778557
MID26,SID26,67,2017-03-08 06:11:20,1.133,33,2.2537128920921585
MID8,SID8,67,2017-03-08 06:11:20,1.322,26,2.0171352738547856
MID25,SID25,67,2017-03-08 06:11:20,.944,25,2.124587371255906
MID9,SID9,67,2017-03-08 06:11:20,1.511,34,2.167227947170112
MID24,SID24,67,2017-03-08 06:11:20,.944,34,2.055310178531638
MID23,SID23,67,2017-03-08 06:11:20,1.511,33,2.109186737341074
MID22,SID22,67,2017-03-08 06:11:20,1.322,25,2.350740204320401
MID21,SID21,67,2017-03-08 06:11:20,1.133,30,2.0217314522338303
MID20,SID20,67,2017-03-08 06:11:20,1.322,31,2.2419516624038547
MID100,SID100,67,2017-03-08 06:11:20,1.511,29,2.3422406698212512
MID79,SID79,67,2017-03-08 06:11:20,.944,32,2.4708894904817225
MID78,SID78,67,2017-03-08 06:11:20,1.511,28,2.4153508406308677
MID77,SID77,67,2017-03-08 06:11:20,.944,26,2.2801483788623087
MID76,SID76,67,2017-03-08 06:11:20,1.133,33,2.3090814746273987
MID75,SID75,67,2017-03-08 06:11:20,1.322,30,2.217649272219353
MID74,SID74,67,2017-03-08 06:11:20,1.511,25,2.4324146012222387
MID73,SID73,67,2017-03-08 06:11:20,1.133,34,2.1353245929284257
MID72,SID72,67,2017-03-08 06:11:20,1.889,33,2.054651986414177
MID71,SID71,67,2017-03-08 06:11:20,1.133,34,2.4314751802362298
MID70,SID70,67,2017-03-08 06:11:20,1.133,25,2.328097507307947
MID90,SID90,67,2017-03-08 06:11:20,1.511,32,2.322336490048134
MID89,SID89,67,2017-03-08 06:11:20,1.889,31,2.41180658439349
MID88,SID88,67,2017-03-08 06:11:20,1.511,26,2.3218499324909248
MID87,SID87,67,2017-03-08 06:11:20,1.700,29,2.202493386774579
MID86,SID86,67,2017-03-08 06:11:20,1.133,34,2.4377260119869186
MID85,SID85,67,2017-03-08 06:11:20,1.889,25,2.2955701691210586
MID84,SID84,67,2017-03-08 06:11:20,1.133,25,2.2332873351010845
MID83,SID83,67,2017-03-08 06:11:20,1.133,28,2.4166166287359827
MID82,SID82,67,2017-03-08 06:11:20,1.700,25,2.2424132957689458
MID81,SID81,67,2017-03-08 06:11:20,1.700,27,2.3168644843845527
MID80,SID80,67,2017-03-08 06:11:20,1.700,33,2.3412115868596164
MID59,SID59,67,2017-03-08 06:11:20,1.133,31,2.0973162891625834
MID58,SID58,67,2017-03-08 06:11:20,1.133,27,2.0065907993608025
MID57,SID57,67,2017-03-08 06:11:20,1.889,30,2.4970200997826355
MID56,SID56,67,2017-03-08 06:11:20,.944,25,2.3294404982174735
MID55,SID55,67,2017-03-08 06:11:20,1.511,33,2.105627048866018
MID54,SID54,67,2017-03-08 06:11:20,.944,27,2.2528560717188486
MID53,SID53,67,2017-03-08 06:11:20,1.322,34,2.0559327311770956
MID52,SID52,67,2017-03-08 06:11:20,1.889,29,2.463957588377783
MID51,SID51,67,2017-03-08 06:11:20,1.700,27,2.0013968291518944
MID50,SID50,67,2017-03-08 06:11:20,.944,29,2.063330920055595
MID69,SID69,67,2017-03-08 06:11:20,1.889,32,2.278932074984634
MID68,SID68,67,2017-03-08 06:11:20,1.322,32,2.23144728749332
MID67,SID67,67,2017-03-08 06:11:20,1.700,34,2.436359147842358
MID66,SID66,67,2017-03-08 06:11:20,1.133,33,2.323295273066889
MID65,SID65,67,2017-03-08 06:11:20,1.700,30,2.0582873696410475
MID64,SID64,67,2017-03-08 06:11:20,1.511,30,2.143742691306059
MID63,SID63,67,2017-03-08 06:11:20,1.133,28,2.424534876073956
MID62,SID62,67,2017-03-08 06:11:20,1.889,29,2.485388125560039
MID61,SID61,67,2017-03-08 06:11:20,1.700,33,2.4007490962248363
MID60,SID60,67,2017-03-08 06:11:20,1.700,28,2.056416404492253
MID39,SID39,67,2017-03-08 06:11:20,1.511,29,2.124576096155951
MID38,SID38,67,2017-03-08 06:11:20,1.322,28,2.4484424824017887
MID37,SID37,67,2017-03-08 06:11:20,1.511,33,2.1115212807998116
MID36,SID36,67,2017-03-08 06:11:20,1.700,29,2.4127702162970857
MID35,SID35,67,2017-03-08 06:11:20,1.700,33,2.0060619268764643
MID34,SID34,67,2017-03-08 06:11:20,.944,32,2.2348608698914165
MID33,SID33,67,2017-03-08 06:11:20,1.889,26,2.0104860704465923
MID32,SID32,67,2017-03-08 06:11:20,1.700,25,2.489410288546211
MID31,SID31,67,2017-03-08 06:11:20,.944,28,2.2785315024051567
MID30,SID30,67,2017-03-08 06:11:20,1.322,32,2.192329818461627
MID49,SID49,67,2017-03-08 06:11:20,1.322,28,2.497365830909991
MID48,SID48,67,2017-03-08 06:11:20,1.700,29,2.0737505649600823
MID47,SID47,67,2017-03-08 06:11:20,1.322,30,2.2194511536412747
MID46,SID46,67,2017-03-08 06:11:20,1.511,29,2.064699004343958
MID45,SID45,67,2017-03-08 06:11:20,1.322,26,2.0768327034369016
MID44,SID44,67,2017-03-08 06:11:20,.944,33,2.034891352945062
MID43,SID43,67,2017-03-08 06:11:20,1.133,25,2.1218917398409554
MID42,SID42,67,2017-03-08 06:11:20,1.700,34,2.0793956244356777
MID41,SID41,67,2017-03-08 06:11:20,1.700,27,2.269112582120768
MID40,SID40,67,2017-03-08 06:11:20,1.889,25,2.4782348403127052
MID19,SID19,67,2017-03-08 06:11:30,1.533,25,2.01787047472647
MID18,SID18,67,2017-03-08 06:11:30,1.342,34,2.0844048288828207
MID17,SID17,67,2017-03-08 06:11:30,1.533,34,2.0811741858652715
MID16,SID16,67,2017-03-08 06:11:30,1.342,28,2.2481591234091653
MID15,SID15,67,2017-03-08 06:11:30,.958,27,2.3285935029679585
MID14,SID14,67,2017-03-08 06:11:30,1.533,33,2.213373241525675
MID13,SID13,67,2017-03-08 06:11:30,1.725,25,2.216059507735514
MID12,SID12,67,2017-03-08 06:11:30,1.533,33,2.3928861699114816
MID11,SID11,67,2017-03-08 06:11:30,1.917,32,2.0608194704256833
MID99,SID99,67,2017-03-08 06:11:30,1.342,29,2.1678261205870406
MID10,SID10,67,2017-03-08 06:11:30,.958,27,2.0754982277324614
MID98,SID98,67,2017-03-08 06:11:30,1.725,33,2.1032484590195395
MID97,SID97,67,2017-03-08 06:11:30,.958,26,2.333419716716705
MID96,SID96,67,2017-03-08 06:11:30,1.725,29,2.276465175271809
MID95,SID95,67,2017-03-08 06:11:30,1.917,34,2.426017937412762
MID94,SID94,67,2017-03-08 06:11:30,1.917,32,2.180080413444293
MID93,SID93,67,2017-03-08 06:11:30,1.917,27,2.399875193766331
MID92,SID92,67,2017-03-08 06:11:30,1.342,27,2.3412174971183126
MID91,SID91,67,2017-03-08 06:11:30,1.917,33,2.248253115105557
MID4,SID4,67,2017-03-08 06:11:30,.958,32,2.4050647779924654
MID5,SID5,67,2017-03-08 06:11:30,1.533,31,2.2700434004367125
MID6,SID6,67,2017-03-08 06:11:30,1.150,31,2.4644021211433844
MID7,SID7,67,2017-03-08 06:11:30,1.917,29,2.458478563322622
MID1,SID1,67,2017-03-08 06:11:30,1.342,33,2.0715421048656815
MID2,SID2,67,2017-03-08 06:11:30,1.917,33,2.405654635437608
MID3,SID3,67,2017-03-08 06:11:30,1.725,26,2.365239489221558
MID29,SID29,67,2017-03-08 06:11:30,1.725,28,2.213871445979803
MID28,SID28,67,2017-03-08 06:11:30,1.342,31,2.3878271428996367
MID27,SID27,67,2017-03-08 06:11:30,1.150,32,2.0895304603221265
MID26,SID26,67,2017-03-08 06:11:30,1.150,26,2.4424719199268554
MID8,SID8,67,2017-03-08 06:11:30,1.342,33,2.133820285958237
MID25,SID25,67,2017-03-08 06:11:30,.958,29,2.3340272582692627
MID9,SID9,67,2017-03-08 06:11:30,1.533,34,2.1881002146918833
MID24,SID24,67,2017-03-08 06:11:30,.958,25,2.2629463127176095
MID23,SID23,67,2017-03-08 06:11:30,1.533,34,2.3770944652098303
MID22,SID22,67,2017-03-08 06:11:30,1.342,34,2.169482564859865
MID21,SID21,67,2017-03-08 06:11:30,1.150,29,2.4398673720446493
MID20,SID20,67,2017-03-08 06:11:30,1.342,27,2.442592379649153
MID100,SID100,67,2017-03-08 06:11:30,1.533,30,2.10180845892417
MID79,SID79,67,2017-03-08 06:11:30,.958,32,2.094953068288858
MID78,SID78,67,2017-03-08 06:11:30,1.533,33,2.2531824404798764
MID77,SID77,67,2017-03-08 06:11:30,.958,30,2.076565861119458
MID76,SID76,67,2017-03-08 06:11:30,1.150,30,2.115022812287735
MID75,SID75,67,2017-03-08 06:11:30,1.342,28,2.448291261891208
MID74,SID74,67,2017-03-08 06:11:30,1.533,25,2.419212348852771
MID73,SID73,67,2017-03-08 06:11:30,1.150,26,2.4580852349545377
MID72,SID72,67,2017-03-08 06:11:30,1.917,33,2.2020994681129697
MID71,SID71,67,2017-03-08 06:11:30,1.150,31,2.4433262239784246
MID70,SID70,67,2017-03-08 06:11:30,1.150,33,2.409729930393407
MID90,SID90,67,2017-03-08 06:11:30,1.533,30,2.4188409806835125
MID89,SID89,67,2017-03-08 06:11:30,1.917,32,2.193019680358171
MID88,SID88,67,2017-03-08 06:11:30,1.533,30,2.368583841251382
MID87,SID87,67,2017-03-08 06:11:30,1.725,34,2.089435189394594
MID86,SID86,67,2017-03-08 06:11:30,1.150,31,2.2616290416775238
MID85,SID85,67,2017-03-08 06:11:30,1.917,28,2.474524109645544
MID84,SID84,67,2017-03-08 06:11:30,1.150,34,2.0090289688248406
MID83,SID83,67,2017-03-08 06:11:30,1.150,34,2.087321318065641
MID82,SID82,67,2017-03-08 06:11:30,1.725,30,2.0741036334507146
MID81,SID81,67,2017-03-08 06:11:30,1.725,26,2.2388450956033195
MID80,SID80,67,2017-03-08 06:11:30,1.725,30,2.192627672567338
MID59,SID59,67,2017-03-08 06:11:30,1.150,29,2.0022928215790845
MID58,SID58,67,2017-03-08 06:11:30,1.150,26,2.376003185069463
MID57,SID57,67,2017-03-08 06:11:30,1.917,34,2.059887295995103
MID56,SID56,67,2017-03-08 06:11:30,.958,25,2.4546294266946083
MID55,SID55,67,2017-03-08 06:11:30,1.533,29,2.414583291105164
MID54,SID54,67,2017-03-08 06:11:30,.958,34,2.2501114730396856
MID53,SID53,67,2017-03-08 06:11:30,1.342,26,2.1460703344343983
MID52,SID52,67,2017-03-08 06:11:30,1.917,31,2.1788501904069
MID51,SID51,67,2017-03-08 06:11:30,1.725,33,2.1867954209665355
MID50,SID50,67,2017-03-08 06:11:30,.958,27,2.4726991619954344
MID69,SID69,67,2017-03-08 06:11:30,1.917,32,2.1274360980598384
MID68,SID68,67,2017-03-08 06:11:30,1.342,26,2.091814665118947
MID67,SID67,67,2017-03-08 06:11:30,1.725,25,2.414479007510479
MID66,SID66,67,2017-03-08 06:11:30,1.150,30,2.196437323261781
MID65,SID65,67,2017-03-08 06:11:30,1.725,31,2.3259232321224785
MID64,SID64,67,2017-03-08 06:11:30,1.533,28,2.325128511261296
MID63,SID63,67,2017-03-08 06:11:30,1.150,32,2.466778607117603
MID62,SID62,67,2017-03-08 06:11:30,1.917,25,2.127668953973532
MID61,SID61,67,2017-03-08 06:11:30,1.725,27,2.086310273941626
MID60,SID60,67,2017-03-08 06:11:30,1.725,28,2.2177571372976455
MID39,SID39,67,2017-03-08 06:11:30,1.533,31,2.383678187989561
MID38,SID38,67,2017-03-08 06:11:30,1.342,33,2.4399438422937973
MID37,SID37,67,2017-03-08 06:11:30,1.533,28,2.4622998155455305
MID36,SID36,67,2017-03-08 06:11:30,1.725,27,2.39929033283764
MID35,SID35,67,2017-03-08 06:11:30,1.725,31,2.3144288836429143
MID34,SID34,67,2017-03-08 06:11:30,.958,31,2.2985050265876366
MID33,SID33,67,2017-03-08 06:11:30,1.917,31,2.0024417042165994
MID32,SID32,67,2017-03-08 06:11:30,1.725,31,2.080729242604536
MID31,SID31,67,2017-03-08 06:11:30,.958,29,2.1806073583840853
MID30,SID30,67,2017-03-08 06:11:30,1.342,33,2.025830395986466
MID49,SID49,67,2017-03-08 06:11:30,1.342,25,2.483571149294157
MID48,SID48,67,2017-03-08 06:11:30,1.725,27,2.400153848289458
MID47,SID47,67,2017-03-08 06:11:30,1.342,31,2.4180448906022494
MID46,SID46,67,2017-03-08 06:11:30,1.533,28,2.4126195196770612
MID45,SID45,67,2017-03-08 06:11:30,1.342,31,2.3675776109696893
MID44,SID44,67,2017-03-08 06:11:30,.958,30,2.3935270243306257
MID43,SID43,67,2017-03-08 06:11:30,1.150,34,2.4057114193582456
MID42,SID42,67,2017-03-08 06:11:30,1.725,32,2.144411266773185
MID41,SID41,67,2017-03-08 06:11:30,1.725,27,2.1994740723813737
MID40,SID40,67,2017-03-08 06:11:30,1.917,34,2.444815452193536
MID19,SID19,67,2017-03-08 06:11:40,1.556,25,2.1027124194377236
MID18,SID18,67,2017-03-08 06:11:40,1.361,28,2.3438896103694846
MID17,SID17,67,2017-03-08 06:11:40,1.556,30,2.1357927853434413
MID16,SID16,67,2017-03-08 06:11:40,1.361,29,2.254037728240237
MID15,SID15,67,2017-03-08 06:11:40,.972,31,2.3077079303754924
MID14,SID14,67,2017-03-08 06:11:40,1.556,31,2.182716763078555
MID13,SID13,67,2017-03-08 06:11:40,1.750,33,2.1289268254558067
MID12,SID12,67,2017-03-08 06:11:40,1.556,33,2.152438563217874
MID11,SID11,67,2017-03-08 06:11:40,1.944,31,2.3884421885556675
MID99,SID99,67,2017-03-08 06:11:40,1.361,31,2.3956387076244066
MID10,SID10,67,2017-03-08 06:11:40,.972,29,2.052529628071117
MID98,SID98,67,2017-03-08 06:11:40,1.750,32,2.0452415902042778
MID97,SID97,67,2017-03-08 06:11:40,.972,31,2.407763417016901
MID96,SID96,67,2017-03-08 06:11:40,1.750,30,2.3030659651907333
MID95,SID95,67,2017-03-08 06:11:40,1.944,26,2.286807490921344
MID94,SID94,67,2017-03-08 06:11:40,1.944,26,2.1253002583146072
MID93,SID93,67,2017-03-08 06:11:40,1.944,27,2.1915879592371312
MID92,SID92,67,2017-03-08 06:11:40,1.361,28,2.2755492663833494
MID91,SID91,67,2017-03-08 06:11:40,1.944,30,2.2818506743249802
MID4,SID4,67,2017-03-08 06:11:40,.972,29,2.223663885673729
MID5,SID5,67,2017-03-08 06:11:40,1.556,29,2.078532630758774
MID6,SID6,67,2017-03-08 06:11:40,1.167,31,2.422910751977599
MID7,SID7,67,2017-03-08 06:11:40,1.944,34,2.009272808979223
MID1,SID1,67,2017-03-08 06:11:40,1.361,28,2.3041473544993503
MID2,SID2,67,2017-03-08 06:11:40,1.944,27,2.332232736281225
MID3,SID3,67,2017-03-08 06:11:40,1.750,29,2.2241292134651007
MID29,SID29,67,2017-03-08 06:11:40,1.750,33,2.338854315195912
MID28,SID28,67,2017-03-08 06:11:40,1.361,25,2.167959997573612
MID27,SID27,67,2017-03-08 06:11:40,1.167,28,2.0632177157881095
MID26,SID26,67,2017-03-08 06:11:40,1.167,32,2.452380530660908
MID8,SID8,67,2017-03-08 06:11:40,1.361,25,2.4927941962818956
MID25,SID25,67,2017-03-08 06:11:40,.972,27,2.147414718538011
MID9,SID9,67,2017-03-08 06:11:40,1.556,30,2.250319062389482
MID24,SID24,67,2017-03-08 06:11:40,.972,31,2.368677839582828
MID23,SID23,67,2017-03-08 06:11:40,1.556,31,2.4896053243732594
MID22,SID22,67,2017-03-08 06:11:40,1.361,29,2.393362120210756
MID21,SID21,67,2017-03-08 06:11:40,1.167,31,2.132507980417746
MID20,SID20,67,2017-03-08 06:11:40,1.361,25,2.3289824670077834
MID100,SID100,67,2017-03-08 06:11:40,1.556,34,2.041900896344903
MID79,SID79,67,2017-03-08 06:11:40,.972,29,2.010712777219129
MID78,SID78,67,2017-03-08 06:11:40,1.556,31,2.3412080101612367
MID77,SID77,67,2017-03-08 06:11:40,.972,34,2.3768049366890147
MID76,SID76,67,2017-03-08 06:11:40,1.167,26,2.33830699459864
MID75,SID75,67,2017-03-08 06:11:40,1.361,31,2.0789986562614247
MID74,SID74,67,2017-03-08 06:11:40,1.556,27,2.1152785059396564
MID73,SID73,67,2017-03-08 06:11:40,1.167,26,2.4134001565017966
MID72,SID72,67,2017-03-08 06:11:40,1.944,34,2.2055085197358233
MID71,SID71,67,2017-03-08 06:11:40,1.167,30,2.3579568352650613
MID70,SID70,67,2017-03-08 06:11:40,1.167,25,2.217466920741448
MID90,SID90,67,2017-03-08 06:11:40,1.556,31,2.2041872714114263
MID89,SID89,67,2017-03-08 06:11:40,1.944,29,2.2307420994563945
MID88,SID88,67,2017-03-08 06:11:40,1.556,32,2.137857964632702
MID87,SID87,67,2017-03-08 06:11:40,1.750,25,2.41007006196193
MID86,SID86,67,2017-03-08 06:11:40,1.167,33,2.4917202232170643
MID85,SID85,67,2017-03-08 06:11:40,1.944,32,2.4124570293199885
MID84,SID84,67,2017-03-08 06:11:40,1.167,27,2.356787259084471
MID83,SID83,67,2017-03-08 06:11:40,1.167,28,2.207534790685142
MID82,SID82,67,2017-03-08 06:11:40,1.750,28,2.209132379678832
MID81,SID81,67,2017-03-08 06:11:40,1.750,32,2.1730643423066334
MID80,SID80,67,2017-03-08 06:11:40,1.750,30,2.3595341323411865
MID59,SID59,67,2017-03-08 06:11:40,1.167,26,2.306863120146708
MID58,SID58,67,2017-03-08 06:11:40,1.167,33,2.2277357349157834
MID57,SID57,67,2017-03-08 06:11:40,1.944,31,2.368706652415073
MID56,SID56,67,2017-03-08 06:11:40,.972,26,2.35576371055695
MID55,SID55,67,2017-03-08 06:11:40,1.556,34,2.498873080886488
MID54,SID54,67,2017-03-08 06:11:40,.972,31,2.211582923543328
MID53,SID53,67,2017-03-08 06:11:40,1.361,28,2.037364905680421
MID52,SID52,67,2017-03-08 06:11:40,1.944,30,2.4801594952812773
MID51,SID51,67,2017-03-08 06:11:40,1.750,30,2.244087708315687
MID50,SID50,67,2017-03-08 06:11:40,.972,29,2.45465129682766
MID69,SID69,67,2017-03-08 06:11:40,1.944,29,2.4562134626555294
MID68,SID68,67,2017-03-08 06:11:40,1.361,26,2.3486225560052
MID67,SID67,67,2017-03-08 06:11:40,1.750,25,2.2233153533401833
MID66,SID66,67,2017-03-08 06:11:40,1.167,27,2.021686772964636
MID65,SID65,67,2017-03-08 06:11:40,1.750,28,2.212986960810327
MID64,SID64,67,2017-03-08 06:11:40,1.556,28,2.4260174869361797
MID63,SID63,67,2017-03-08 06:11:40,1.167,31,2.277419651926116
MID62,SID62,67,2017-03-08 06:11:40,1.944,31,2.058104680971554
MID61,SID61,67,2017-03-08 06:11:40,1.750,27,2.099370884822811
MID60,SID60,67,2017-03-08 06:11:40,1.750,29,2.4474673712910278
MID39,SID39,67,2017-03-08 06:11:40,1.556,31,2.0729628616361424
MID38,SID38,67,2017-03-08 06:11:40,1.361,28,2.113941232989735
MID37,SID37,67,2017-03-08 06:11:40,1.556,25,2.0806056538882953
MID36,SID36,67,2017-03-08 06:11:40,1.750,29,2.228581458380979
MID35,SID35,67,2017-03-08 06:11:40,1.750,26,2.280009388833801
MID34,SID34,67,2017-03-08 06:11:40,.972,25,2.3376308439491034
MID33,SID33,67,2017-03-08 06:11:40,1.944,34,2.0419657624437746
MID32,SID32,67,2017-03-08 06:11:40,1.750,34,2.425610840913793
MID31,SID31,67,2017-03-08 06:11:40,.972,31,2.379974467555226
MID30,SID30,67,2017-03-08 06:11:40,1.361,27,2.352938640112004
MID49,SID49,67,2017-03-08 06:11:40,1.361,27,2.480487185930056
MID48,SID48,67,2017-03-08 06:11:40,1.750,32,2.4970368080677017
MID47,SID47,67,2017-03-08 06:11:40,1.361,29,2.139694145955121
MID46,SID46,67,2017-03-08 06:11:40,1.556,25,2.1103339646987327
MID45,SID45,67,2017-03-08 06:11:40,1.361,32,2.3123397824656005
MID44,SID44,67,2017-03-08 06:11:40,.972,26,2.0607796188617287
MID43,SID43,67,2017-03-08 06:11:40,1.167,28,2.241752823076465
MID42,SID42,67,2017-03-08 06:11:40,1.750,28,2.1036636708867626
MID41,SID41,67,2017-03-08 06:11:40,1.750,28,2.187566528077587
MID40,SID40,67,2017-03-08 06:11:40,1.944,27,2.2514709011529206
MID19,SID19,67,2017-03-08 06:11:50,1.578,34,2.1070702369824668
MID18,SID18,67,2017-03-08 06:11:50,1.381,30,2.1408410320059206
MID17,SID17,67,2017-03-08 06:11:50,1.578,31,2.055255354691035
MID16,SID16,67,2017-03-08 06:11:50,1.381,26,2.1150940177353217
MID15,SID15,67,2017-03-08 06:11:50,.986,33,2.1821899160523492
MID14,SID14,67,2017-03-08 06:11:50,1.578,31,2.098753359347566
MID13,SID13,67,2017-03-08 06:11:50,1.775,28,2.421232256371259
MID12,SID12,67,2017-03-08 06:11:50,1.578,26,2.445136408746982
MID11,SID11,67,2017-03-08 06:11:50,1.972,29,2.1707975462758564
MID99,SID99,67,2017-03-08 06:11:50,1.381,33,2.4976448688423467
MID10,SID10,67,2017-03-08 06:11:50,.986,31,2.0753653974922766
MID98,SID98,67,2017-03-08 06:11:50,1.775,29,2.073331806324594
MID97,SID97,67,2017-03-08 06:11:50,.986,27,2.082895949970063
MID96,SID96,67,2017-03-08 06:11:50,1.775,27,2.136675288757333
MID95,SID95,67,2017-03-08 06:11:50,1.972,27,2.2034816252320755
MID94,SID94,67,2017-03-08 06:11:50,1.972,28,2.3865289377782233
MID93,SID93,67,2017-03-08 06:11:50,1.972,25,2.0461313209510332
MID92,SID92,67,2017-03-08 06:11:50,1.381,34,2.397206467351751
MID91,SID91,67,2017-03-08 06:11:50,1.972,27,2.1892379505274966
MID4,SID4,67,2017-03-08 06:11:50,.986,31,2.206934169110405
MID5,SID5,67,2017-03-08 06:11:50,1.578,30,2.062890126440822
MID6,SID6,67,2017-03-08 06:11:50,1.183,26,2.1440754710799186
MID7,SID7,67,2017-03-08 06:11:50,1.972,30,2.1552390106020534
MID1,SID1,67,2017-03-08 06:11:50,1.381,27,2.074877720759756
MID2,SID2,67,2017-03-08 06:11:50,1.972,31,2.002788051224265
MID3,SID3,67,2017-03-08 06:11:50,1.775,25,2.1337819566558123
MID29,SID29,67,2017-03-08 06:11:50,1.775,26,2.413966729524094
MID28,SID28,67,2017-03-08 06:11:50,1.381,32,2.4657703690795234
MID27,SID27,67,2017-03-08 06:11:50,1.183,30,2.2407573159572585
MID26,SID26,67,2017-03-08 06:11:50,1.183,31,2.073400926016856
MID8,SID8,67,2017-03-08 06:11:50,1.381,31,2.28277290276426
MID25,SID25,67,2017-03-08 06:11:50,.986,33,2.1285836814677492
MID9,SID9,67,2017-03-08 06:11:50,1.578,29,2.170022664122161
MID24,SID24,67,2017-03-08 06:11:50,.986,31,2.4844554376435646
MID23,SID23,67,2017-03-08 06:11:50,1.578,27,2.2148746067432894
MID22,SID22,67,2017-03-08 06:11:50,1.381,27,2.368755346487351
MID21,SID21,67,2017-03-08 06:11:50,1.183,32,2.4128535741981234
MID20,SID20,67,2017-03-08 06:11:50,1.381,29,2.1396842808167196
MID100,SID100,67,2017-03-08 06:11:50,1.578,33,2.1986117232283378
MID79,SID79,67,2017-03-08 06:11:50,.986,34,2.0868517994311975
MID78,SID78,67,2017-03-08 06:11:50,1.578,26,2.1286543273421823
MID77,SID77,67,2017-03-08 06:11:50,.986,29,2.387313282204658
MID76,SID76,67,2017-03-08 06:11:50,1.183,25,2.02039466880945
MID75,SID75,67,2017-03-08 06:11:50,1.381,34,2.0482119151695457
MID74,SID74,67,2017-03-08 06:11:50,1.578,27,2.2988990536966805
MID73,SID73,67,2017-03-08 06:11:50,1.183,33,2.4043013697182665
MID72,SID72,67,2017-03-08 06:11:50,1.972,30,2.307673051945327
MID71,SID71,67,2017-03-08 06:11:50,1.183,28,2.1930999798641575
MID70,SID70,67,2017-03-08 06:11:50,1.183,26,2.2526670270219937
MID90,SID90,67,2017-03-08 06:11:50,1.578,34,2.2785912017957037
MID89,SID89,67,2017-03-08 06:11:50,1.972,30,2.3832080218477483
MID88,SID88,67,2017-03-08 06:11:50,1.578,31,2.2408617027825875
MID87,SID87,67,2017-03-08 06:11:50,1.775,30,2.4402676270647854
MID86,SID86,67,2017-03-08 06:11:50,1.183,29,2.1662429561231553
MID85,SID85,67,2017-03-08 06:11:50,1.972,33,2.028782289708133
MID84,SID84,67,2017-03-08 06:11:50,1.183,34,2.4629021295952724
MID83,SID83,67,2017-03-08 06:11:50,1.183,27,2.1401443073699267
MID82,SID82,67,2017-03-08 06:11:50,1.775,32,2.4999107458921737
MID81,SID81,67,2017-03-08 06:11:50,1.775,28,2.0881735622396693
MID80,SID80,67,2017-03-08 06:11:50,1.775,29,2.368884016110394
MID59,SID59,67,2017-03-08 06:11:50,1.183,27,2.3667539481238697
MID58,SID58,67,2017-03-08 06:11:50,1.183,33,2.0803130583323695
MID57,SID57,67,2017-03-08 06:11:50,1.972,33,2.091224490091649
MID56,SID56,67,2017-03-08 06:11:50,.986,31,2.2723458303319455
MID55,SID55,67,2017-03-08 06:11:50,1.578,34,2.206187222160613
MID54,SID54,67,2017-03-08 06:11:50,.986,31,2.4808312166186015
MID53,SID53,67,2017-03-08 06:11:50,1.381,32,2.439946224838792
MID52,SID52,67,2017-03-08 06:11:50,1.972,32,2.0739164854245575
MID51,SID51,67,2017-03-08 06:11:50,1.775,33,2.4138459676898627
MID50,SID50,67,2017-03-08 06:11:50,.986,34,2.447541423437106
MID69,SID69,67,2017-03-08 06:11:50,1.972,29,2.334369584874956
MID68,SID68,67,2017-03-08 06:11:50,1.381,27,2.02356434501093
MID67,SID67,67,2017-03-08 06:11:50,1.775,27,2.220454383979635
MID66,SID66,67,2017-03-08 06:11:50,1.183,32,2.403217283073701
MID65,SID65,67,2017-03-08 06:11:50,1.775,32,2.1283287413632275
MID64,SID64,67,2017-03-08 06:11:50,1.578,34,2.278613084698675
MID63,SID63,67,2017-03-08 06:11:50,1.183,26,2.032562294721513
MID62,SID62,67,2017-03-08 06:11:50,1.972,34,2.0083025276586532
MID61,SID61,67,2017-03-08 06:11:50,1.775,31,2.0794940194693408
MID60,SID60,67,2017-03-08 06:11:50,1.775,34,2.2396209983564503
MID39,SID39,67,2017-03-08 06:11:50,1.578,25,2.4568786488555925
MID38,SID38,67,2017-03-08 06:11:50,1.381,28,2.358861872728636
MID37,SID37,67,2017-03-08 06:11:50,1.578,25,2.0354710575501516
MID36,SID36,67,2017-03-08 06:11:50,1.775,33,2.0131377727909396
MID35,SID35,67,2017-03-08 06:11:50,1.775,25,2.344732485124563
MID34,SID34,67,2017-03-08 06:11:50,.986,29,2.1528306873491094
MID33,SID33,67,2017-03-08 06:11:50,1.972,26,2.1248492147524676
MID32,SID32,67,2017-03-08 06:11:50,1.775,34,2.145155814666255
MID31,SID31,67,2017-03-08 06:11:50,.986,25,2.459074425591497
MID30,SID30,67,2017-03-08 06:11:50,1.381,26,2.1610041008059935
MID49,SID49,67,2017-03-08 06:11:50,1.381,32,2.0986364922227327
MID48,SID48,67,2017-03-08 06:11:50,1.775,25,2.0760875353134365
MID47,SID47,67,2017-03-08 06:11:50,1.381,28,2.2778260022146184
MID46,SID46,67,2017-03-08 06:11:50,1.578,33,2.4689233228136125
MID45,SID45,67,2017-03-08 06:11:50,1.381,32,2.0879800336979413
MID44,SID44,67,2017-03-08 06:11:50,.986,31,2.317476591828219
MID43,SID43,67,2017-03-08 06:11:50,1.183,28,2.174320032074541
MID42,SID42,67,2017-03-08 06:11:50,1.775,34,2.325876079907281
MID41,SID41,67,2017-03-08 06:11:50,1.775,26,2.278096140940751
MID40,SID40,67,2017-03-08 06:11:50,1.972,29,2.3614211720372458
MID19,SID19,67,2017-03-08 06:12:00,1.600,34,2.455485649240999
MID18,SID18,67,2017-03-08 06:12:00,1.400,25,2.280089669295635
MID17,SID17,67,2017-03-08 06:12:00,1.600,30,2.229063304762092
MID16,SID16,67,2017-03-08 06:12:00,1.400,33,2.1815826900328106
MID15,SID15,67,2017-03-08 06:12:00,1.000,32,2.027701250784732
MID14,SID14,67,2017-03-08 06:12:00,1.600,29,2.291630802202837
MID13,SID13,67,2017-03-08 06:12:00,1.800,33,2.438191267824652
MID12,SID12,67,2017-03-08 06:12:00,1.600,27,2.4777159448927972
MID11,SID11,67,2017-03-08 06:12:00,2.000,30,2.1245967561895234
MID99,SID99,67,2017-03-08 06:12:00,1.400,32,2.3757035817810332
MID10,SID10,67,2017-03-08 06:12:00,1.000,25,2.4330671537642647
MID98,SID98,67,2017-03-08 06:12:00,1.800,33,2.134738155378116
MID97,SID97,67,2017-03-08 06:12:00,1.000,25,2.31228974236385
MID96,SID96,67,2017-03-08 06:12:00,1.800,29,2.0220746736825674
MID95,SID95,67,2017-03-08 06:12:00,2.000,30,2.258617562642263
MID94,SID94,67,2017-03-08 06:12:00,2.000,33,2.472761887660129
MID93,SID93,67,2017-03-08 06:12:00,2.000,30,2.204362053398062
MID92,SID92,67,2017-03-08 06:12:00,1.400,29,2.285368425047442
MID91,SID91,67,2017-03-08 06:12:00,2.000,34,2.4617515305085083
MID4,SID4,67,2017-03-08 06:12:00,1.000,34,2.213439267389002
MID5,SID5,67,2017-03-08 06:12:00,1.600,34,2.1112978821621815
MID6,SID6,67,2017-03-08 06:12:00,1.200,33,2.15587782590587
MID7,SID7,67,2017-03-08 06:12:00,2.000,33,2.025961141815149
MID1,SID1,67,2017-03-08 06:12:00,1.400,29,2.117726063292406
MID2,SID2,67,2017-03-08 06:12:00,2.000,30,2.0339706655834173
MID3,SID3,67,2017-03-08 06:12:00,1.800,31,2.3172797971966688
MID29,SID29,67,2017-03-08 06:12:00,1.800,31,2.0984375108116544
MID28,SID28,67,2017-03-08 06:12:00,1.400,30,2.2791351668782207
MID27,SID27,67,2017-03-08 06:12:00,1.200,28,2.1980334241898474
MID26,SID26,67,2017-03-08 06:12:00,1.200,28,2.125113829008131
MID8,SID8,67,2017-03-08 06:12:00,1.400,34,2.013932724100293
MID25,SID25,67,2017-03-08 06:12:00,1.000,29,2.4133570237455944
MID9,SID9,67,2017-03-08 06:12:00,1.600,34,2.4326936235780297
MID24,SID24,67,2017-03-08 06:12:00,1.000,30,2.248800476027642
MID23,SID23,67,2017-03-08 06:12:00,1.600,32,2.4907379523089155
MID22,SID22,67,2017-03-08 06:12:00,1.400,33,2.358711031982116
MID21,SID21,67,2017-03-08 06:12:00,1.200,32,2.426545199329114
MID20,SID20,67,2017-03-08 06:12:00,1.400,25,2.3688152360104207
MID100,SID100,67,2017-03-08 06:12:00,1.600,31,2.3015358222909397
MID79,SID79,67,2017-03-08 06:12:00,1.000,26,2.295836992201888
MID78,SID78,67,2017-03-08 06:12:00,1.600,26,2.0095046298068153
MID77,SID77,67,2017-03-08 06:12:00,1.000,32,2.04280276319845
MID76,SID76,67,2017-03-08 06:12:00,1.200,27,2.0871032860554553
MID75,SID75,67,2017-03-08 06:12:00,1.400,34,2.239839332289578
MID74,SID74,67,2017-03-08 06:12:00,1.600,31,2.1081509791517448
MID73,SID73,67,2017-03-08 06:12:00,1.200,33,2.4006351511705386
MID72,SID72,67,2017-03-08 06:12:00,2.000,31,2.0172482401292458
MID71,SID71,67,2017-03-08 06:12:00,1.200,28,2.1290512583912555
MID70,SID70,67,2017-03-08 06:12:00,1.200,26,2.223103868317711
MID90,SID90,67,2017-03-08 06:12:00,1.600,28,2.1235802062144824
MID89,SID89,67,2017-03-08 06:12:00,2.000,30,2.313586164495149
MID88,SID88,67,2017-03-08 06:12:00,1.600,32,2.425397736631487
MID87,SID87,67,2017-03-08 06:12:00,1.800,32,2.4342000884277004
MID86,SID86,67,2017-03-08 06:12:00,1.200,29,2.0520930955572827
MID85,SID85,67,2017-03-08 06:12:00,2.000,25,2.2699208075656228
MID84,SID84,67,2017-03-08 06:12:00,1.200,30,2.3584567220581185
MID83,SID83,67,2017-03-08 06:12:00,1.200,34,2.219607352071863
MID82,SID82,67,2017-03-08 06:12:00,1.800,25,2.051423729451857
MID81,SID81,67,2017-03-08 06:12:00,1.800,33,2.4092257199458023
MID80,SID80,67,2017-03-08 06:12:00,1.800,27,2.2288959911125827
MID59,SID59,67,2017-03-08 06:12:00,1.200,28,2.1165336447501444
MID58,SID58,67,2017-03-08 06:12:00,1.200,28,2.1437181809287886
MID57,SID57,67,2017-03-08 06:12:00,2.000,33,2.0329224645175072
MID56,SID56,67,2017-03-08 06:12:00,1.000,34,2.190608831405476
MID55,SID55,67,2017-03-08 06:12:00,1.600,30,2.1465232051854897
MID54,SID54,67,2017-03-08 06:12:00,1.000,28,2.2002697988778284
MID53,SID53,67,2017-03-08 06:12:00,1.400,31,2.0513350094287475
MID52,SID52,67,2017-03-08 06:12:00,2.000,34,2.0667770750475762
MID51,SID51,67,2017-03-08 06:12:00,1.800,34,2.2137980073082035
MID50,SID50,67,2017-03-08 06:12:00,1.000,26,2.2381140313793417
MID69,SID69,67,2017-03-08 06:12:00,2.000,27,2.0758782327475647
MID68,SID68,67,2017-03-08 06:12:00,1.400,34,2.2104787755108832
MID67,SID67,67,2017-03-08 06:12:00,1.800,32,2.2507765387366567
MID66,SID66,67,2017-03-08 06:12:00,1.200,29,2.2423058728797836
MID65,SID65,67,2017-03-08 06:12:00,1.800,32,2.250627070135666
MID64,SID64,67,2017-03-08 06:12:00,1.600,33,2.220696256200997
MID63,SID63,67,2017-03-08 06:12:00,1.200,27,2.317392074824287
MID62,SID62,67,2017-03-08 06:12:00,2.000,29,2.1617481007180914
MID61,SID61,67,2017-03-08 06:12:00,1.800,25,2.3700422486237103
MID60,SID60,67,2017-03-08 06:12:00,1.800,31,2.3777651775250956
MID39,SID39,67,2017-03-08 06:12:00,1.600,26,2.1866794088407713
MID38,SID38,67,2017-03-08 06:12:00,1.400,32,2.209856089115819
MID37,SID37,67,2017-03-08 06:12:00,1.600,27,2.3664375274265383
MID36,SID36,67,2017-03-08 06:12:00,1.800,32,2.448815665887591
MID35,SID35,67,2017-03-08 06:12:00,1.800,32,2.0898413254987696
MID34,SID34,67,2017-03-08 06:12:00,1.000,26,2.1531237420469647
MID33,SID33,67,2017-03-08 06:12:00,2.000,30,2.46358074442716
MID32,SID32,67,2017-03-08 06:12:00,1.800,30,2.1205413905286346
MID31,SID31,67,2017-03-08 06:12:00,1.000,26,2.2716217005651687
MID30,SID30,67,2017-03-08 06:12:00,1.400,32,2.1238641780057796
MID49,SID49,67,2017-03-08 06:12:00,1.400,28,2.001492946144737
MID48,SID48,67,2017-03-08 06:12:00,1.800,25,2.298770968818795
MID47,SID47,67,2017-03-08 06:12:00,1.400,31,2.349420075408397
MID46,SID46,67,2017-03-08 06:12:00,1.600,29,2.31996090860452
MID45,SID45,67,2017-03-08 06:12:00,1.400,31,2.2110819162846322
MID44,SID44,67,2017-03-08 06:12:00,1.000,31,2.02538263166042
MID43,SID43,67,2017-03-08 06:12:00,1.200,34,2.120272513746313
MID42,SID42,67,2017-03-08 06:12:00,1.800,31,2.1126149215197487
MID41,SID41,67,2017-03-08 06:12:00,1.800,26,2.391773125918343
MID40,SID40,67,2017-03-08 06:12:00,2.000,30,2.1548373794692957
MID19,SID19,67,2017-03-08 06:12:10,1.622,27,2.338757582831631
MID18,SID18,67,2017-03-08 06:12:10,1.419,28,2.015907441017985
MID17,SID17,67,2017-03-08 06:12:10,1.622,29,2.024876844252344
MID16,SID16,67,2017-03-08 06:12:10,1.419,33,2.457315667854169
MID15,SID15,67,2017-03-08 06:12:10,1.014,28,2.4333844582770263
MID14,SID14,67,2017-03-08 06:12:10,1.622,29,2.012412661068455
MID13,SID13,67,2017-03-08 06:12:10,1.825,27,2.097685302696419
MID12,SID12,67,2017-03-08 06:12:10,1.622,32,2.3535112806941267
MID11,SID11,67,2017-03-08 06:12:10,2.028,29,2.2729076588201265
MID99,SID99,67,2017-03-08 06:12:10,1.419,31,2.4766145569662523
MID10,SID10,67,2017-03-08 06:12:10,1.014,26,2.129735512774979
MID98,SID98,67,2017-03-08 06:12:10,1.825,34,2.1708934965447244
MID97,SID97,67,2017-03-08 06:12:10,1.014,31,2.472013908875844
MID96,SID96,67,2017-03-08 06:12:10,1.825,29,2.0888015435353338
MID95,SID95,67,2017-03-08 06:12:10,2.028,33,2.3690190598536347
MID94,SID94,67,2017-03-08 06:12:10,2.028,26,2.3379381466606826
MID93,SID93,67,2017-03-08 06:12:10,2.028,31,2.438067408794803
MID92,SID92,67,2017-03-08 06:12:10,1.419,31,2.0546570897352
MID91,SID91,67,2017-03-08 06:12:10,2.028,32,2.30399450856808
MID4,SID4,67,2017-03-08 06:12:10,1.014,25,2.164716388844644
MID5,SID5,67,2017-03-08 06:12:10,1.622,30,2.089309072557269
MID6,SID6,67,2017-03-08 06:12:10,1.217,27,2.345394524922195
MID7,SID7,67,2017-03-08 06:12:10,2.028,26,2.119040108513771
MID1,SID1,67,2017-03-08 06:12:10,1.419,34,2.2011027202537146
MID2,SID2,67,2017-03-08 06:12:10,2.028,29,2.4257160748054107
MID3,SID3,67,2017-03-08 06:12:10,1.825,32,2.2565888240072525
MID29,SID29,67,2017-03-08 06:12:10,1.825,32,2.051498381147817
MID28,SID28,67,2017-03-08 06:12:10,1.419,27,2.3571729358709606
MID27,SID27,67,2017-03-08 06:12:10,1.217,28,2.220223739878722
MID26,SID26,67,2017-03-08 06:12:10,1.217,26,2.265135932975295
MID8,SID8,67,2017-03-08 06:12:10,1.419,30,2.367033123913149
MID25,SID25,67,2017-03-08 06:12:10,1.014,30,2.170264402021485
MID9,SID9,67,2017-03-08 06:12:10,1.622,34,2.210891888006499
MID24,SID24,67,2017-03-08 06:12:10,1.014,33,2.4750460352657924
MID23,SID23,67,2017-03-08 06:12:10,1.622,30,2.157520463873407
MID22,SID22,67,2017-03-08 06:12:10,1.419,28,2.0287476315583635
MID21,SID21,67,2017-03-08 06:12:10,1.217,34,2.223387484393148
MID20,SID20,67,2017-03-08 06:12:10,1.419,31,2.21768597213637
MID100,SID100,67,2017-03-08 06:12:10,1.622,30,2.1167280637796617
MID79,SID79,67,2017-03-08 06:12:10,1.014,28,2.098549734517624
MID78,SID78,67,2017-03-08 06:12:10,1.622,31,2.182231496374255
MID77,SID77,67,2017-03-08 06:12:10,1.014,25,2.0543654070439445
MID76,SID76,67,2017-03-08 06:12:10,1.217,25,2.2440694882178627
MID75,SID75,67,2017-03-08 06:12:10,1.419,34,2.4610358412891977
MID74,SID74,67,2017-03-08 06:12:10,1.622,34,2.3464867630376944
MID73,SID73,67,2017-03-08 06:12:10,1.217,31,2.3880501259560765
MID72,SID72,67,2017-03-08 06:12:10,2.028,25,2.0065717227788813
MID71,SID71,67,2017-03-08 06:12:10,1.217,32,2.234367415053414
MID70,SID70,67,2017-03-08 06:12:10,1.217,26,2.3962881943555012
MID90,SID90,67,2017-03-08 06:12:10,1.622,32,2.1701665096649325
MID89,SID89,67,2017-03-08 06:12:10,2.028,30,2.427637880325392
MID88,SID88,67,2017-03-08 06:12:10,1.622,34,2.0392874923036715
MID87,SID87,67,2017-03-08 06:12:10,1.825,32,2.419558254020875
MID86,SID86,67,2017-03-08 06:12:10,1.217,29,2.245215998760853
MID85,SID85,67,2017-03-08 06:12:10,2.028,27,2.2089650939544705
MID84,SID84,67,2017-03-08 06:12:10,1.217,29,2.466452567888457
MID83,SID83,67,2017-03-08 06:12:10,1.217,26,2.021740233324621
MID82,SID82,67,2017-03-08 06:12:10,1.825,30,2.392893276943764
MID81,SID81,67,2017-03-08 06:12:10,1.825,29,2.4516200479056094
MID80,SID80,67,2017-03-08 06:12:10,1.825,28,2.498254535232365
MID59,SID59,67,2017-03-08 06:12:10,1.217,32,2.4409717561935653
MID58,SID58,67,2017-03-08 06:12:10,1.217,29,2.0877205693160965
MID57,SID57,67,2017-03-08 06:12:10,2.028,28,2.121106951224453
MID56,SID56,67,2017-03-08 06:12:10,1.014,26,2.293546884402406
MID55,SID55,67,2017-03-08 06:12:10,1.622,30,2.01559402348202
MID54,SID54,67,2017-03-08 06:12:10,1.014,30,2.168606794710541
MID53,SID53,67,2017-03-08 06:12:10,1.419,26,2.4038016552772135
MID52,SID52,67,2017-03-08 06:12:10,2.028,32,2.102193925921759
MID51,SID51,67,2017-03-08 06:12:10,1.825,31,2.093385362075048
MID50,SID50,67,2017-03-08 06:12:10,1.014,33,2.2302287805110605
MID69,SID69,67,2017-03-08 06:12:10,2.028,34,2.439999902807572
MID68,SID68,67,2017-03-08 06:12:10,1.419,30,2.212245142414268
MID67,SID67,67,2017-03-08 06:12:10,1.825,30,2.187722125731781
MID66,SID66,67,2017-03-08 06:12:10,1.217,27,2.111356390107326
MID65,SID65,67,2017-03-08 06:12:10,1.825,31,2.2152175594638894
MID64,SID64,67,2017-03-08 06:12:10,1.622,29,2.4074046205421284
MID63,SID63,67,2017-03-08 06:12:10,1.217,29,2.049342352902321
MID62,SID62,67,2017-03-08 06:12:10,2.028,33,2.065008756514434
MID61,SID61,67,2017-03-08 06:12:10,1.825,26,2.3364441748042757
MID60,SID60,67,2017-03-08 06:12:10,1.825,28,2.125463905330379
MID39,SID39,67,2017-03-08 06:12:10,1.622,29,2.032666554408011
MID38,SID38,67,2017-03-08 06:12:10,1.419,30,2.087332996157394
MID37,SID37,67,2017-03-08 06:12:10,1.622,34,2.275116866205044
MID36,SID36,67,2017-03-08 06:12:10,1.825,32,2.326731930153542
MID35,SID35,67,2017-03-08 06:12:10,1.825,34,2.375675112265534
MID34,SID34,67,2017-03-08 06:12:10,1.014,26,2.3024558125507024
MID33,SID33,67,2017-03-08 06:12:10,2.028,27,2.179129879584865
MID32,SID32,67,2017-03-08 06:12:10,1.825,31,2.0340232788404364
MID31,SID31,67,2017-03-08 06:12:10,1.014,25,2.1475954309878205
MID30,SID30,67,2017-03-08 06:12:10,1.419,28,2.111579291279192
MID49,SID49,67,2017-03-08 06:12:10,1.419,25,2.25720449655467
MID48,SID48,67,2017-03-08 06:12:10,1.825,28,2.475211074663842
MID47,SID47,67,2017-03-08 06:12:10,1.419,31,2.4272766979115517
MID46,SID46,67,2017-03-08 06:12:10,1.622,25,2.169473393825744
MID45,SID45,67,2017-03-08 06:12:10,1.419,26,2.0449719606402224
MID44,SID44,67,2017-03-08 06:12:10,1.014,33,2.2863003584407426
MID43,SID43,67,2017-03-08 06:12:10,1.217,26,2.4148631223973482
MID42,SID42,67,2017-03-08 06:12:10,1.825,32,2.2811413541341423
MID41,SID41,67,2017-03-08 06:12:10,1.825,25,2.0598118607367897
MID40,SID40,67,2017-03-08 06:12:10,2.028,30,2.0418659479923127
MID19,SID19,67,2017-03-08 06:12:20,1.644,33,2.1002506568314905
MID18,SID18,67,2017-03-08 06:12:20,1.439,31,2.327580764093558
MID17,SID17,67,2017-03-08 06:12:20,1.644,26,2.4603628344837625
MID16,SID16,67,2017-03-08 06:12:20,1.439,32,2.3537918704313214
MID15,SID15,67,2017-03-08 06:12:20,1.028,28,2.338319518864075
MID14,SID14,67,2017-03-08 06:12:20,1.644,34,2.0461023468342208
MID13,SID13,67,2017-03-08 06:12:20,1.850,31,2.4229486164708156
MID12,SID12,67,2017-03-08 06:12:20,1.644,27,2.3358513031668755
MID11,SID11,67,2017-03-08 06:12:20,2.056,33,2.060812360025843
MID99,SID99,67,2017-03-08 06:12:20,1.439,31,2.4466188947709084
MID10,SID10,67,2017-03-08 06:12:20,1.028,30,2.3609244048208806
MID98,SID98,67,2017-03-08 06:12:20,1.850,27,2.23035747615497
MID97,SID97,67,2017-03-08 06:12:20,1.028,34,2.190481006832155
MID96,SID96,67,2017-03-08 06:12:20,1.850,31,2.128558295493175
MID95,SID95,67,2017-03-08 06:12:20,2.056,30,2.1846662246379243
MID94,SID94,67,2017-03-08 06:12:20,2.056,28,2.0367943554819656
MID93,SID93,67,2017-03-08 06:12:20,2.056,31,2.34363342041012
MID92,SID92,67,2017-03-08 06:12:20,1.439,34,2.2134848667160067
MID91,SID91,67,2017-03-08 06:12:20,2.056,33,2.0125484744750235
MID4,SID4,67,2017-03-08 06:12:20,1.028,33,2.4072228800765316
MID5,SID5,67,2017-03-08 06:12:20,1.644,30,2.317599621342628
MID6,SID6,67,2017-03-08 06:12:20,1.233,28,2.1224483873680207
MID7,SID7,67,2017-03-08 06:12:20,2.056,32,2.0329684760817845
MID1,SID1,67,2017-03-08 06:12:20,1.439,31,2.497738847094907
MID2,SID2,67,2017-03-08 06:12:20,2.056,31,2.183143954030412
MID3,SID3,67,2017-03-08 06:12:20,1.850,26,2.0461426442392723
MID29,SID29,67,2017-03-08 06:12:20,1.850,32,2.272135688943591
MID28,SID28,67,2017-03-08 06:12:20,1.439,29,2.094667880522172
MID27,SID27,67,2017-03-08 06:12:20,1.233,34,2.2960515151678433
MID26,SID26,67,2017-03-08 06:12:20,1.233,31,2.4664593993669874
MID8,SID8,67,2017-03-08 06:12:20,1.439,30,2.3203473871283364
MID25,SID25,67,2017-03-08 06:12:20,1.028,28,2.4397937319663643
MID9,SID9,67,2017-03-08 06:12:20,1.644,28,2.109977729081117
MID24,SID24,67,2017-03-08 06:12:20,1.028,33,2.2743570516272853
MID23,SID23,67,2017-03-08 06:12:20,1.644,34,2.0931386903393303
MID22,SID22,67,2017-03-08 06:12:20,1.439,34,2.0443520870387744
MID21,SID21,67,2017-03-08 06:12:20,1.233,25,2.3241837829452128
MID20,SID20,67,2017-03-08 06:12:20,1.439,32,2.0818222797173758
MID100,SID100,67,2017-03-08 06:12:20,1.644,33,2.4160865631837942
MID79,SID79,67,2017-03-08 06:12:20,1.028,25,2.4801727493290953
MID78,SID78,67,2017-03-08 06:12:20,1.644,34,2.2592665682407893
MID77,SID77,67,2017-03-08 06:12:20,1.028,26,2.194205601435874
MID76,SID76,67,2017-03-08 06:12:20,1.233,33,2.0488938555671443
MID75,SID75,67,2017-03-08 06:12:20,1.439,31,2.3678456175111817
MID74,SID74,67,2017-03-08 06:12:20,1.644,26,2.08804634382147
MID73,SID73,67,2017-03-08 06:12:20,1.233,26,2.3675420797736226
MID72,SID72,67,2017-03-08 06:12:20,2.056,34,2.0347151906013
MID71,SID71,67,2017-03-08 06:12:20,1.233,26,2.0793670366595904
MID70,SID70,67,2017-03-08 06:12:20,1.233,30,2.156692644073674
MID90,SID90,67,2017-03-08 06:12:20,1.644,34,2.214901553421287
MID89,SID89,67,2017-03-08 06:12:20,2.056,30,2.3472200905177845
MID88,SID88,67,2017-03-08 06:12:20,1.644,28,2.0559576396948036
MID87,SID87,67,2017-03-08 06:12:20,1.850,29,2.3398796284192223
MID86,SID86,67,2017-03-08 06:12:20,1.233,29,2.297448931491197
MID85,SID85,67,2017-03-08 06:12:20,2.056,29,2.2463219632126066
MID84,SID84,67,2017-03-08 06:12:20,1.233,27,2.213649612968713
MID83,SID83,67,2017-03-08 06:12:20,1.233,27,2.391057369975103
MID82,SID82,67,2017-03-08 06:12:20,1.850,27,2.274521508830894
MID81,SID81,67,2017-03-08 06:12:20,1.850,27,2.3785508183988875
MID80,SID80,67,2017-03-08 06:12:20,1.850,29,2.244661621221141
MID59,SID59,67,2017-03-08 06:12:20,1.233,25,2.0151186332123467
MID58,SID58,67,2017-03-08 06:12:20,1.233,29,2.4830190561352334
MID57,SID57,67,2017-03-08 06:12:20,2.056,32,2.353976491267773
MID56,SID56,67,2017-03-08 06:12:20,1.028,32,2.384200095203076
MID55,SID55,67,2017-03-08 06:12:20,1.644,28,2.1136983902150073
MID54,SID54,67,2017-03-08 06:12:20,1.028,28,2.249201090321948
MID53,SID53,67,2017-03-08 06:12:20,1.439,28,2.468597560251534
MID52,SID52,67,2017-03-08 06:12:20,2.056,31,2.147494635972921
MID51,SID51,67,2017-03-08 06:12:20,1.850,25,2.1853706141657065
MID50,SID50,67,2017-03-08 06:12:20,1.028,26,2.023773987104817
MID69,SID69,67,2017-03-08 06:12:20,2.056,28,2.130943801305683
MID68,SID68,67,2017-03-08 06:12:20,1.439,34,2.0095847872702746
MID67,SID67,67,2017-03-08 06:12:20,1.850,31,2.4795123958115943
MID66,SID66,67,2017-03-08 06:12:20,1.233,28,2.145538929802825
MID65,SID65,67,2017-03-08 06:12:20,1.850,30,2.111915211019553
MID64,SID64,67,2017-03-08 06:12:20,1.644,29,2.4868664411282397
MID63,SID63,67,2017-03-08 06:12:20,1.233,32,2.2849700429869335
MID62,SID62,67,2017-03-08 06:12:20,2.056,29,2.415981333443692
MID61,SID61,67,2017-03-08 06:12:20,1.850,31,2.357860231858614
MID60,SID60,67,2017-03-08 06:12:20,1.850,33,2.064736126199838
MID39,SID39,67,2017-03-08 06:12:20,1.644,25,2.3639876937713438
MID38,SID38,67,2017-03-08 06:12:20,1.439,30,2.3138983113493303
MID37,SID37,67,2017-03-08 06:12:20,1.644,30,2.4585226459983733
MID36,SID36,67,2017-03-08 06:12:20,1.850,30,2.4537946948308433
MID35,SID35,67,2017-03-08 06:12:20,1.850,30,2.0640648794108247
MID34,SID34,67,2017-03-08 06:12:20,1.028,33,2.003866624109389
MID33,SID33,67,2017-03-08 06:12:20,2.056,33,2.30548049668036
MID32,SID32,67,2017-03-08 06:12:20,1.850,27,2.199006088660607
MID31,SID31,67,2017-03-08 06:12:20,1.028,32,2.1472155416923897
MID30,SID30,67,2017-03-08 06:12:20,1.439,28,2.1250726533964137
MID49,SID49,67,2017-03-08 06:12:20,1.439,25,2.2319824116685503
MID48,SID48,67,2017-03-08 06:12:20,1.850,28,2.163254645008943
MID47,SID47,67,2017-03-08 06:12:20,1.439,30,2.1693798605765298
MID46,SID46,67,2017-03-08 06:12:20,1.644,31,2.159223535015081
MID45,SID45,67,2017-03-08 06:12:20,1.439,34,2.2788696857654
MID44,SID44,67,2017-03-08 06:12:20,1.028,33,2.228025013894209
MID43,SID43,67,2017-03-08 06:12:20,1.233,33,2.2530500555100144
MID42,SID42,67,2017-03-08 06:12:20,1.850,32,2.259961138969493
MID41,SID41,67,2017-03-08 06:12:20,1.850,27,2.4445910032801486
MID40,SID40,67,2017-03-08 06:12:20,2.056,34,2.239158528574191
MID19,SID19,67,2017-03-08 06:12:30,1.667,29,2.150600817474623
MID18,SID18,67,2017-03-08 06:12:30,1.458,30,2.3406341755236797
MID17,SID17,67,2017-03-08 06:12:30,1.667,26,2.0521411295642906
MID16,SID16,67,2017-03-08 06:12:30,1.458,29,2.073751070574734
MID15,SID15,67,2017-03-08 06:12:30,1.042,34,2.483723654127272
MID14,SID14,67,2017-03-08 06:12:30,1.667,27,2.434797564920649
MID13,SID13,67,2017-03-08 06:12:30,1.875,25,2.450463211510795
MID12,SID12,67,2017-03-08 06:12:30,1.667,26,2.2615261929215134
MID11,SID11,67,2017-03-08 06:12:30,2.083,29,2.418988364891988
MID99,SID99,67,2017-03-08 06:12:30,1.458,33,2.466094645508222
MID10,SID10,67,2017-03-08 06:12:30,1.042,25,2.0511376238247654
MID98,SID98,67,2017-03-08 06:12:30,1.875,25,2.4375922680172635
MID97,SID97,67,2017-03-08 06:12:30,1.042,33,2.2312474041750834
MID96,SID96,67,2017-03-08 06:12:30,1.875,26,2.155676192343667
MID95,SID95,67,2017-03-08 06:12:30,2.083,27,2.3753407393364867
MID94,SID94,67,2017-03-08 06:12:30,2.083,32,2.489064879634526
MID93,SID93,67,2017-03-08 06:12:30,2.083,25,2.3125127747189658
MID92,SID92,67,2017-03-08 06:12:30,1.458,30,2.4467043144677674
MID91,SID91,67,2017-03-08 06:12:30,2.083,28,2.3752248161961074
MID4,SID4,67,2017-03-08 06:12:30,1.042,31,2.3524807396407974
MID5,SID5,67,2017-03-08 06:12:30,1.667,25,2.3634217553415175
MID6,SID6,67,2017-03-08 06:12:30,1.250,30,2.0673749480166084
MID7,SID7,67,2017-03-08 06:12:30,2.083,28,2.1178197791954005
MID1,SID1,67,2017-03-08 06:12:30,1.458,33,2.0977126711115566
MID2,SID2,67,2017-03-08 06:12:30,2.083,30,2.3008843461725914
MID3,SID3,67,2017-03-08 06:12:30,1.875,30,2.2863955224384465
MID29,SID29,67,2017-03-08 06:12:30,1.875,34,2.3884206719573036
MID28,SID28,67,2017-03-08 06:12:30,1.458,33,2.3678938564922114
MID27,SID27,67,2017-03-08 06:12:30,1.250,32,2.217086298505412
MID26,SID26,67,2017-03-08 06:12:30,1.250,32,2.374434094604264
MID8,SID8,67,2017-03-08 06:12:30,1.458,31,2.083864795107183
MID25,SID25,67,2017-03-08 06:12:30,1.042,30,2.16464272179467
MID9,SID9,67,2017-03-08 06:12:30,1.667,33,2.3935480842158694
MID24,SID24,67,2017-03-08 06:12:30,1.042,27,2.3184460789051307
MID23,SID23,67,2017-03-08 06:12:30,1.667,32,2.201547717083357
MID22,SID22,67,2017-03-08 06:12:30,1.458,28,2.460996674679631
MID21,SID21,67,2017-03-08 06:12:30,1.250,30,2.4917745225193424
MID20,SID20,67,2017-03-08 06:12:30,1.458,34,2.044430873574938
MID100,SID100,67,2017-03-08 06:12:30,1.667,27,2.0244896228329305
MID79,SID79,67,2017-03-08 06:12:30,1.042,29,2.0003676212340795
MID78,SID78,67,2017-03-08 06:12:30,1.667,27,2.261051741598941
MID77,SID77,67,2017-03-08 06:12:30,1.042,33,2.479963303575211
MID76,SID76,67,2017-03-08 06:12:30,1.250,29,2.371304360385911
MID75,SID75,67,2017-03-08 06:12:30,1.458,33,2.4882439094579794
MID74,SID74,67,2017-03-08 06:12:30,1.667,26,2.0016325381136526
MID73,SID73,67,2017-03-08 06:12:30,1.250,34,2.2477705334378775
MID72,SID72,67,2017-03-08 06:12:30,2.083,26,2.047122183977243
MID71,SID71,67,2017-03-08 06:12:30,1.250,33,2.2535823297612927
MID70,SID70,67,2017-03-08 06:12:30,1.250,33,2.379280920170994
MID90,SID90,67,2017-03-08 06:12:30,1.667,29,2.263634126013232
MID89,SID89,67,2017-03-08 06:12:30,2.083,28,2.140186609325784
MID88,SID88,67,2017-03-08 06:12:30,1.667,29,2.022078706328606
MID87,SID87,67,2017-03-08 06:12:30,1.875,25,2.4003074996812486
MID86,SID86,67,2017-03-08 06:12:30,1.250,25,2.011415939909212
MID85,SID85,67,2017-03-08 06:12:30,2.083,26,2.4267129549021633
MID84,SID84,67,2017-03-08 06:12:30,1.250,25,2.1972704546277835
MID83,SID83,67,2017-03-08 06:12:30,1.250,26,2.3226776877525004
MID82,SID82,67,2017-03-08 06:12:30,1.875,33,2.3197028291362374
MID81,SID81,67,2017-03-08 06:12:30,1.875,25,2.279282703514833
MID80,SID80,67,2017-03-08 06:12:30,1.875,29,2.073765546418259
MID59,SID59,67,2017-03-08 06:12:30,1.250,32,2.393614917004408
MID58,SID58,67,2017-03-08 06:12:30,1.250,32,2.2213339417432736
MID57,SID57,67,2017-03-08 06:12:30,2.083,30,2.495194054796725
MID56,SID56,67,2017-03-08 06:12:30,1.042,31,2.462135149029449
MID55,SID55,67,2017-03-08 06:12:30,1.667,28,2.211417264555218
MID54,SID54,67,2017-03-08 06:12:30,1.042,33,2.4812220847316073
MID53,SID53,67,2017-03-08 06:12:30,1.458,28,2.413607614032053
MID52,SID52,67,2017-03-08 06:12:30,2.083,29,2.039995213603487
MID51,SID51,67,2017-03-08 06:12:30,1.875,25,2.3106151334760576
MID50,SID50,67,2017-03-08 06:12:30,1.042,28,2.336752190300052
MID69,SID69,67,2017-03-08 06:12:30,2.083,29,2.2704038904398964
MID68,SID68,67,2017-03-08 06:12:30,1.458,26,2.417426306139361
MID67,SID67,67,2017-03-08 06:12:30,1.875,28,2.242208734041035
MID66,SID66,67,2017-03-08 06:12:30,1.250,34,2.2556936801271634
MID65,SID65,67,2017-03-08 06:12:30,1.875,26,2.058739535695186
MID64,SID64,67,2017-03-08 06:12:30,1.667,25,2.169444922656777
MID63,SID63,67,2017-03-08 06:12:30,1.250,26,2.4378961993352033
MID62,SID62,67,2017-03-08 06:12:30,2.083,32,2.1619077290268884
MID61,SID61,67,2017-03-08 06:12:30,1.875,34,2.0979829452845036
MID60,SID60,67,2017-03-08 06:12:30,1.875,34,2.0205794962405053
MID39,SID39,67,2017-03-08 06:12:30,1.667,31,2.422736637788609
MID38,SID38,67,2017-03-08 06:12:30,1.458,30,2.4858251406888434
MID37,SID37,67,2017-03-08 06:12:30,1.667,27,2.211878349141832
MID36,SID36,67,2017-03-08 06:12:30,1.875,33,2.2599607723966617
MID35,SID35,67,2017-03-08 06:12:30,1.875,32,2.1924772065040226
MID34,SID34,67,2017-03-08 06:12:30,1.042,25,2.0211640583464026
MID33,SID33,67,2017-03-08 06:12:30,2.083,26,2.2424258165346083
MID32,SID32,67,2017-03-08 06:12:30,1.875,26,2.23712080572267
MID31,SID31,67,2017-03-08 06:12:30,1.042,25,2.355171620585944
MID30,SID30,67,2017-03-08 06:12:30,1.458,30,2.1346453426889074
MID49,SID49,67,2017-03-08 06:12:30,1.458,27,2.413077086097639
MID48,SID48,67,2017-03-08 06:12:30,1.875,34,2.0701186366362765
MID47,SID47,67,2017-03-08 06:12:30,1.458,31,2.2559227170624805
MID46,SID46,67,2017-03-08 06:12:30,1.667,25,2.193968851619206
MID45,SID45,67,2017-03-08 06:12:30,1.458,32,2.373861468305093
MID44,SID44,67,2017-03-08 06:12:30,1.042,34,2.37602179866221
MID43,SID43,67,2017-03-08 06:12:30,1.250,28,2.1738803333120735
MID42,SID42,67,2017-03-08 06:12:30,1.875,29,2.0385225103161244
MID41,SID41,67,2017-03-08 06:12:30,1.875,25,2.368088495809601
MID40,SID40,67,2017-03-08 06:12:30,2.083,30,2.1156081434218144
MID19,SID19,67,2017-03-08 06:12:40,1.689,26,2.1789110343962235
MID18,SID18,67,2017-03-08 06:12:40,1.478,32,2.075245006505973
MID17,SID17,67,2017-03-08 06:12:40,1.689,28,2.005824965462752
MID16,SID16,67,2017-03-08 06:12:40,1.478,29,2.4131206416193383
MID15,SID15,67,2017-03-08 06:12:40,1.056,32,2.4398061704901277
MID14,SID14,67,2017-03-08 06:12:40,1.689,34,2.1493003333273553
MID13,SID13,67,2017-03-08 06:12:40,1.900,33,2.005941343706443
MID12,SID12,67,2017-03-08 06:12:40,1.689,31,2.4968870931622242
MID11,SID11,67,2017-03-08 06:12:40,2.111,26,2.451234035700645
MID99,SID99,67,2017-03-08 06:12:40,1.478,32,2.038596681212815
MID10,SID10,67,2017-03-08 06:12:40,1.056,32,2.0881180601437253
MID98,SID98,67,2017-03-08 06:12:40,1.900,27,2.430951991369242
MID97,SID97,67,2017-03-08 06:12:40,1.056,29,2.4862746698851144
MID96,SID96,67,2017-03-08 06:12:40,1.900,33,2.2013214628389393
MID95,SID95,67,2017-03-08 06:12:40,2.111,29,2.276927464227275
MID94,SID94,67,2017-03-08 06:12:40,2.111,26,2.0160458823456318
MID93,SID93,67,2017-03-08 06:12:40,2.111,34,2.3907046992887726
MID92,SID92,67,2017-03-08 06:12:40,1.478,29,2.287615444649778
MID91,SID91,67,2017-03-08 06:12:40,2.111,25,2.2177302843201896
MID4,SID4,67,2017-03-08 06:12:40,1.056,30,2.113003022998535
MID5,SID5,67,2017-03-08 06:12:40,1.689,31,2.4690165608440067
MID6,SID6,67,2017-03-08 06:12:40,1.267,32,2.3549736181639624
MID7,SID7,67,2017-03-08 06:12:40,2.111,31,2.2625938999476456
MID1,SID1,67,2017-03-08 06:12:40,1.478,27,2.1950666030258157
MID2,SID2,67,2017-03-08 06:12:40,2.111,34,2.23232965331545
MID3,SID3,67,2017-03-08 06:12:40,1.900,25,2.1304535306003247
MID29,SID29,67,2017-03-08 06:12:40,1.900,33,2.254347814220305
MID28,SID28,67,2017-03-08 06:12:40,1.478,28,2.252037782369981
MID27,SID27,67,2017-03-08 06:12:40,1.267,27,2.0305899459934063
MID26,SID26,67,2017-03-08 06:12:40,1.267,33,2.4306317753929285
MID8,SID8,67,2017-03-08 06:12:40,1.478,32,2.318542199091982
MID25,SID25,67,2017-03-08 06:12:40,1.056,32,2.1403533046063465
MID9,SID9,67,2017-03-08 06:12:40,1.689,34,2.178341557045646
MID24,SID24,67,2017-03-08 06:12:40,1.056,33,2.240155138917131
MID23,SID23,67,2017-03-08 06:12:40,1.689,28,2.166718976124188
MID22,SID22,67,2017-03-08 06:12:40,1.478,29,2.294826124272396
MID21,SID21,67,2017-03-08 06:12:40,1.267,27,2.0133966238595082
MID20,SID20,67,2017-03-08 06:12:40,1.478,28,2.299750834538423
MID100,SID100,67,2017-03-08 06:12:40,1.689,27,2.0347302432233008
MID79,SID79,67,2017-03-08 06:12:40,1.056,28,2.230738146075432
MID78,SID78,67,2017-03-08 06:12:40,1.689,32,2.4786252252359846
MID77,SID77,67,2017-03-08 06:12:40,1.056,32,2.365925872495089
MID76,SID76,67,2017-03-08 06:12:40,1.267,34,2.3860889205471927
MID75,SID75,67,2017-03-08 06:12:40,1.478,29,2.385926887003172
MID74,SID74,67,2017-03-08 06:12:40,1.689,29,2.3484307347392366
MID73,SID73,67,2017-03-08 06:12:40,1.267,32,2.3467728957207927
MID72,SID72,67,2017-03-08 06:12:40,2.111,32,2.2681139972634914
MID71,SID71,67,2017-03-08 06:12:40,1.267,25,2.182614646574138
MID70,SID70,67,2017-03-08 06:12:40,1.267,26,2.4115835325491126
MID90,SID90,67,2017-03-08 06:12:40,1.689,26,2.011616544357729
MID89,SID89,67,2017-03-08 06:12:40,2.111,33,2.4120179911496713
MID88,SID88,67,2017-03-08 06:12:40,1.689,33,2.294537771420798
MID87,SID87,67,2017-03-08 06:12:40,1.900,32,2.4528208929032456
MID86,SID86,67,2017-03-08 06:12:40,1.267,32,2.2619972265203736
MID85,SID85,67,2017-03-08 06:12:40,2.111,34,2.117475759142749
MID84,SID84,67,2017-03-08 06:12:40,1.267,30,2.2067621168207188
MID83,SID83,67,2017-03-08 06:12:40,1.267,32,2.4711773572067215
MID82,SID82,67,2017-03-08 06:12:40,1.900,30,2.433283625034568
MID81,SID81,67,2017-03-08 06:12:40,1.900,31,2.401931538159241
MID80,SID80,67,2017-03-08 06:12:40,1.900,26,2.4278523583016556
MID59,SID59,67,2017-03-08 06:12:40,1.267,34,2.061078693422227
MID58,SID58,67,2017-03-08 06:12:40,1.267,27,2.3198954841609054
MID57,SID57,67,2017-03-08 06:12:40,2.111,34,2.2810350224882514
MID56,SID56,67,2017-03-08 06:12:40,1.056,26,2.2955234631284274
MID55,SID55,67,2017-03-08 06:12:40,1.689,29,2.0770610124512836
MID54,SID54,67,2017-03-08 06:12:40,1.056,25,2.157042600882646
MID53,SID53,67,2017-03-08 06:12:40,1.478,25,2.367389975839892
MID52,SID52,67,2017-03-08 06:12:40,2.111,30,2.3103212468927152
MID51,SID51,67,2017-03-08 06:12:40,1.900,31,2.0068406231486877
MID50,SID50,67,2017-03-08 06:12:40,1.056,33,2.1787158867859993
MID69,SID69,67,2017-03-08 06:12:40,2.111,28,2.493327222155332
MID68,SID68,67,2017-03-08 06:12:40,1.478,29,2.001276573622521
MID67,SID67,67,2017-03-08 06:12:40,1.900,34,2.3945151693020397
MID66,SID66,67,2017-03-08 06:12:40,1.267,27,2.1675181257700014
MID65,SID65,67,2017-03-08 06:12:40,1.900,28,2.4543910121098
MID64,SID64,67,2017-03-08 06:12:40,1.689,28,2.3894298647751087
MID63,SID63,67,2017-03-08 06:12:40,1.267,27,2.4869620577306097
MID62,SID62,67,2017-03-08 06:12:40,2.111,29,2.3244702667316064
MID61,SID61,67,2017-03-08 06:12:40,1.900,31,2.3868362489891015
MID60,SID60,67,2017-03-08 06:12:40,1.900,30,2.4641370172203385
MID39,SID39,67,2017-03-08 06:12:40,1.689,28,2.218874386660599
MID38,SID38,67,2017-03-08 06:12:40,1.478,25,2.076432955706872
MID37,SID37,67,2017-03-08 06:12:40,1.689,29,2.154721653260771
MID36,SID36,67,2017-03-08 06:12:40,1.900,28,2.3703099103327947
MID35,SID35,67,2017-03-08 06:12:40,1.900,27,2.042898714516367
MID34,SID34,67,2017-03-08 06:12:40,1.056,31,2.2450601770751097
MID33,SID33,67,2017-03-08 06:12:40,2.111,27,2.2901630473143206
MID32,SID32,67,2017-03-08 06:12:40,1.900,26,2.0797949295984846
MID31,SID31,67,2017-03-08 06:12:40,1.056,30,2.0714326967637184
MID30,SID30,67,2017-03-08 06:12:40,1.478,30,2.2548722158680423
MID49,SID49,67,2017-03-08 06:12:40,1.478,28,2.210132412691721
MID48,SID48,67,2017-03-08 06:12:40,1.900,26,2.1235383975250617
MID47,SID47,67,2017-03-08 06:12:40,1.478,26,2.183828246492564
MID46,SID46,67,2017-03-08 06:12:40,1.689,26,2.4439543409899693
MID45,SID45,67,2017-03-08 06:12:40,1.478,31,2.054544967993921
MID44,SID44,67,2017-03-08 06:12:40,1.056,25,2.1531119790055038
MID43,SID43,67,2017-03-08 06:12:40,1.267,33,2.213614191380244
MID42,SID42,67,2017-03-08 06:12:40,1.900,34,2.0464279604360103
MID41,SID41,67,2017-03-08 06:12:40,1.900,32,2.317543268689188
MID40,SID40,67,2017-03-08 06:12:40,2.111,33,2.214343377959411
MID19,SID19,67,2017-03-08 06:12:50,1.711,26,2.3202147715016865
MID18,SID18,67,2017-03-08 06:12:50,1.497,31,2.0743588793215597
MID17,SID17,67,2017-03-08 06:12:50,1.711,31,2.226401574033049
MID16,SID16,67,2017-03-08 06:12:50,1.497,29,2.021337873452235
MID15,SID15,67,2017-03-08 06:12:50,1.069,27,2.224775116359205
MID14,SID14,67,2017-03-08 06:12:50,1.711,27,2.4373680507014184
MID13,SID13,67,2017-03-08 06:12:50,1.925,30,2.351313650742562
MID12,SID12,67,2017-03-08 06:12:50,1.711,30,2.1270874434283744
MID11,SID11,67,2017-03-08 06:12:50,2.139,34,2.035997476959569
MID99,SID99,67,2017-03-08 06:12:50,1.497,27,2.4036480523829726
MID10,SID10,67,2017-03-08 06:12:50,1.069,26,2.0019549984466805
MID98,SID98,67,2017-03-08 06:12:50,1.925,25,2.4733168694346523
MID97,SID97,67,2017-03-08 06:12:50,1.069,26,2.185781754924741
MID96,SID96,67,2017-03-08 06:12:50,1.925,27,2.2828759544931323
MID95,SID95,67,2017-03-08 06:12:50,2.139,28,2.087944313438605
MID94,SID94,67,2017-03-08 06:12:50,2.139,25,2.478234851284572
MID93,SID93,67,2017-03-08 06:12:50,2.139,25,2.3012532834156914
MID92,SID92,67,2017-03-08 06:12:50,1.497,27,2.42224477987999
MID91,SID91,67,2017-03-08 06:12:50,2.139,31,2.1736133442086136
MID4,SID4,67,2017-03-08 06:12:50,1.069,34,2.0087260343904307
MID5,SID5,67,2017-03-08 06:12:50,1.711,30,2.3380432627473846
MID6,SID6,67,2017-03-08 06:12:50,1.283,29,2.1764756996942087
MID7,SID7,67,2017-03-08 06:12:50,2.139,32,2.1362765120112317
MID1,SID1,67,2017-03-08 06:12:50,1.497,30,2.3207194513223497
MID2,SID2,67,2017-03-08 06:12:50,2.139,33,2.034342610593756
MID3,SID3,67,2017-03-08 06:12:50,1.925,34,2.252968344063151
MID29,SID29,67,2017-03-08 06:12:50,1.925,29,2.032270277131438
MID28,SID28,67,2017-03-08 06:12:50,1.497,25,2.422967148050379
MID27,SID27,67,2017-03-08 06:12:50,1.283,31,2.3944756057063414
MID26,SID26,67,2017-03-08 06:12:50,1.283,30,2.3678675419253428
MID8,SID8,67,2017-03-08 06:12:50,1.497,32,2.3756197458118464
MID25,SID25,67,2017-03-08 06:12:50,1.069,33,2.3320520392696213
MID9,SID9,67,2017-03-08 06:12:50,1.711,31,2.124204912558969
MID24,SID24,67,2017-03-08 06:12:50,1.069,28,2.028565982764244
MID23,SID23,67,2017-03-08 06:12:50,1.711,26,2.171866933323483
MID22,SID22,67,2017-03-08 06:12:50,1.497,34,2.1457208683749065
MID21,SID21,67,2017-03-08 06:12:50,1.283,25,2.4790421714509296
MID20,SID20,67,2017-03-08 06:12:50,1.497,34,2.2739195117270814
MID100,SID100,67,2017-03-08 06:12:50,1.711,28,2.176593887482779
MID79,SID79,67,2017-03-08 06:12:50,1.069,26,2.045288064900997
MID78,SID78,67,2017-03-08 06:12:50,1.711,28,2.016338073962079
MID77,SID77,67,2017-03-08 06:12:50,1.069,33,2.3468398729248254
MID76,SID76,67,2017-03-08 06:12:50,1.283,32,2.4799077748747056
MID75,SID75,67,2017-03-08 06:12:50,1.497,27,2.4238056286074072
MID74,SID74,67,2017-03-08 06:12:50,1.711,30,2.29450360083183
MID73,SID73,67,2017-03-08 06:12:50,1.283,29,2.4120610551605766
MID72,SID72,67,2017-03-08 06:12:50,2.139,30,2.1751278924121893
MID71,SID71,67,2017-03-08 06:12:50,1.283,29,2.077777519013501
MID70,SID70,67,2017-03-08 06:12:50,1.283,30,2.3135038093958182
MID90,SID90,67,2017-03-08 06:12:50,1.711,33,2.420498151534529
MID89,SID89,67,2017-03-08 06:12:50,2.139,32,2.419410460667704
MID88,SID88,67,2017-03-08 06:12:50,1.711,29,2.4344900783634738
MID87,SID87,67,2017-03-08 06:12:50,1.925,25,2.3181690284907424
MID86,SID86,67,2017-03-08 06:12:50,1.283,34,2.3898749510276405
MID85,SID85,67,2017-03-08 06:12:50,2.139,26,2.261174142945108
MID84,SID84,67,2017-03-08 06:12:50,1.283,25,2.0944612758076286
MID83,SID83,67,2017-03-08 06:12:50,1.283,31,2.488649498900952
MID82,SID82,67,2017-03-08 06:12:50,1.925,31,2.013768246554095
MID81,SID81,67,2017-03-08 06:12:50,1.925,25,2.200320611906605
MID80,SID80,67,2017-03-08 06:12:50,1.925,32,2.477339041915477
MID59,SID59,67,2017-03-08 06:12:50,1.283,31,2.4442934570070896
MID58,SID58,67,2017-03-08 06:12:50,1.283,33,2.1052041327131485
MID57,SID57,67,2017-03-08 06:12:50,2.139,33,2.042411648439333
MID56,SID56,67,2017-03-08 06:12:50,1.069,25,2.0621327756338284
MID55,SID55,67,2017-03-08 06:12:50,1.711,28,2.3477300817680717
MID54,SID54,67,2017-03-08 06:12:50,1.069,29,2.033709729947848
MID53,SID53,67,2017-03-08 06:12:50,1.497,26,2.274393394458215
MID52,SID52,67,2017-03-08 06:12:50,2.139,34,2.277233364241892
MID51,SID51,67,2017-03-08 06:12:50,1.925,30,2.339570352714083
MID50,SID50,67,2017-03-08 06:12:50,1.069,34,2.4856771686781345
MID69,SID69,67,2017-03-08 06:12:50,2.139,30,2.4145598402418242
MID68,SID68,67,2017-03-08 06:12:50,1.497,26,2.4350975286629555
MID67,SID67,67,2017-03-08 06:12:50,1.925,25,2.0804642040011885
MID66,SID66,67,2017-03-08 06:12:50,1.283,32,2.3723035636014265
MID65,SID65,67,2017-03-08 06:12:50,1.925,27,2.3972130599540997
MID64,SID64,67,2017-03-08 06:12:50,1.711,29,2.4792049211487277
MID63,SID63,67,2017-03-08 06:12:50,1.283,26,2.2050379820772967
MID62,SID62,67,2017-03-08 06:12:50,2.139,29,2.0271309363891805
MID61,SID61,67,2017-03-08 06:12:50,1.925,28,2.0946373929695117
MID60,SID60,67,2017-03-08 06:12:50,1.925,27,2.169903871042819
MID39,SID39,67,2017-03-08 06:12:50,1.711,26,2.1524990663403023
MID38,SID38,67,2017-03-08 06:12:50,1.497,28,2.4186712915456834
MID37,SID37,67,2017-03-08 06:12:50,1.711,33,2.2546980662574034
MID36,SID36,67,2017-03-08 06:12:50,1.925,29,2.1896885905157837
MID35,SID35,67,2017-03-08 06:12:50,1.925,28,2.497487635024394
MID34,SID34,67,2017-03-08 06:12:50,1.069,31,2.1588839499230508
MID33,SID33,67,2017-03-08 06:12:50,2.139,26,2.4885303816097437
MID32,SID32,67,2017-03-08 06:12:50,1.925,31,2.0915653868770754
MID31,SID31,67,2017-03-08 06:12:50,1.069,30,2.2932441865221476
MID30,SID30,67,2017-03-08 06:12:50,1.497,25,2.0198805003259803
MID49,SID49,67,2017-03-08 06:12:50,1.497,28,2.1405344335286953
MID48,SID48,67,2017-03-08 06:12:50,1.925,28,2.1303932085563138
MID47,SID47,67,2017-03-08 06:12:50,1.497,32,2.3257865267249076
MID46,SID46,67,2017-03-08 06:12:50,1.711,32,2.225701288162149
MID45,SID45,67,2017-03-08 06:12:50,1.497,32,2.2466707247989977
MID44,SID44,67,2017-03-08 06:12:50,1.069,33,2.1183629898598544
MID43,SID43,67,2017-03-08 06:12:50,1.283,34,2.152532903414798
MID42,SID42,67,2017-03-08 06:12:50,1.925,30,2.0130100755062754
MID41,SID41,67,2017-03-08 06:12:50,1.925,32,2.4168978920649513
MID40,SID40,67,2017-03-08 06:12:50,2.139,29,2.2864747623041044
MID19,SID19,67,2017-03-08 06:13:00,1.733,33,2.2891185646387084
MID18,SID18,67,2017-03-08 06:13:00,1.517,32,2.467466288913419
MID17,SID17,67,2017-03-08 06:13:00,1.733,32,2.0812351285414845
MID16,SID16,67,2017-03-08 06:13:00,1.517,25,2.389255272634966
MID15,SID15,67,2017-03-08 06:13:00,1.083,28,2.4832517332444675
MID14,SID14,67,2017-03-08 06:13:00,1.733,28,2.4000548491125047
MID13,SID13,67,2017-03-08 06:13:00,1.950,34,2.3880711897419693
MID12,SID12,67,2017-03-08 06:13:00,1.733,29,2.3250031076196045
MID11,SID11,67,2017-03-08 06:13:00,2.167,30,2.133920911208461
MID99,SID99,67,2017-03-08 06:13:00,1.517,30,2.3342383230954096
MID10,SID10,67,2017-03-08 06:13:00,1.083,27,2.118067047170319
MID98,SID98,67,2017-03-08 06:13:00,1.950,33,2.0190399837792925
MID97,SID97,67,2017-03-08 06:13:00,1.083,29,2.361888965943119
MID96,SID96,67,2017-03-08 06:13:00,1.950,31,2.442627414788899
MID95,SID95,67,2017-03-08 06:13:00,2.167,31,2.3378410601780906
MID94,SID94,67,2017-03-08 06:13:00,2.167,26,2.2869680649587094
MID93,SID93,67,2017-03-08 06:13:00,2.167,34,2.2541800608868616
MID92,SID92,67,2017-03-08 06:13:00,1.517,32,2.069214873993976
MID91,SID91,67,2017-03-08 06:13:00,2.167,28,2.01931021742772
MID4,SID4,67,2017-03-08 06:13:00,1.083,26,2.4320969441804134
MID5,SID5,67,2017-03-08 06:13:00,1.733,28,2.2865974953015566
MID6,SID6,67,2017-03-08 06:13:00,1.300,34,2.058446006461677
MID7,SID7,67,2017-03-08 06:13:00,2.167,27,2.3187163514086424
MID1,SID1,67,2017-03-08 06:13:00,1.517,28,2.294961578114755
MID2,SID2,67,2017-03-08 06:13:00,2.167,33,2.1378993367884918
MID3,SID3,67,2017-03-08 06:13:00,1.950,34,2.2303095324683944
MID29,SID29,67,2017-03-08 06:13:00,1.950,31,2.2515822596231314
MID28,SID28,67,2017-03-08 06:13:00,1.517,31,2.4466093805976694
MID27,SID27,67,2017-03-08 06:13:00,1.300,26,2.154212880032206
MID26,SID26,67,2017-03-08 06:13:00,1.300,25,2.1023827293821875
MID8,SID8,67,2017-03-08 06:13:00,1.517,26,2.0442904474739505
MID25,SID25,67,2017-03-08 06:13:00,1.083,30,2.171552722971718
MID9,SID9,67,2017-03-08 06:13:00,1.733,27,2.1066969232729322
MID24,SID24,67,2017-03-08 06:13:00,1.083,30,2.15008918847903
MID23,SID23,67,2017-03-08 06:13:00,1.733,30,2.116243316685009
MID22,SID22,67,2017-03-08 06:13:00,1.517,29,2.1102475312813733
MID21,SID21,67,2017-03-08 06:13:00,1.300,26,2.4729251444272373
MID20,SID20,67,2017-03-08 06:13:00,1.517,29,2.2780733027304265
MID100,SID100,67,2017-03-08 06:13:00,1.733,28,2.019875991687241
MID79,SID79,67,2017-03-08 06:13:00,1.083,33,2.303352128930228
MID78,SID78,67,2017-03-08 06:13:00,1.733,25,2.20384975379187
MID77,SID77,67,2017-03-08 06:13:00,1.083,30,2.0523279386423767
MID76,SID76,67,2017-03-08 06:13:00,1.300,27,2.416609514654951
MID75,SID75,67,2017-03-08 06:13:00,1.517,26,2.1012753413705942
MID74,SID74,67,2017-03-08 06:13:00,1.733,28,2.1890779058963608
MID73,SID73,67,2017-03-08 06:13:00,1.300,27,2.2019010433748973
MID72,SID72,67,2017-03-08 06:13:00,2.167,33,2.029836842262548
MID71,SID71,67,2017-03-08 06:13:00,1.300,27,2.3561531816946704
MID70,SID70,67,2017-03-08 06:13:00,1.300,25,2.479272945497824
MID90,SID90,67,2017-03-08 06:13:00,1.733,30,2.0471952710869235
MID89,SID89,67,2017-03-08 06:13:00,2.167,26,2.328716276618484
MID88,SID88,67,2017-03-08 06:13:00,1.733,32,2.28892117482045
MID87,SID87,67,2017-03-08 06:13:00,1.950,31,2.289587528599903
MID86,SID86,67,2017-03-08 06:13:00,1.300,32,2.370126387448446
MID85,SID85,67,2017-03-08 06:13:00,2.167,29,2.1421443701644742
MID84,SID84,67,2017-03-08 06:13:00,1.300,32,2.3291268187779033
MID83,SID83,67,2017-03-08 06:13:00,1.300,27,2.4467429178712443
MID82,SID82,67,2017-03-08 06:13:00,1.950,31,2.2388188418170816
MID81,SID81,67,2017-03-08 06:13:00,1.950,29,2.4417647226040478
MID80,SID80,67,2017-03-08 06:13:00,1.950,28,2.342962497395012
MID59,SID59,67,2017-03-08 06:13:00,1.300,28,2.293598876953167
MID58,SID58,67,2017-03-08 06:13:00,1.300,32,2.173717698322503
MID57,SID57,67,2017-03-08 06:13:00,2.167,28,2.419954235050122
MID56,SID56,67,2017-03-08 06:13:00,1.083,32,2.2834367056841804
MID55,SID55,67,2017-03-08 06:13:00,1.733,27,2.054140010079771
MID54,SID54,67,2017-03-08 06:13:00,1.083,27,2.4916946809676115
MID53,SID53,67,2017-03-08 06:13:00,1.517,31,2.469576824450701
MID52,SID52,67,2017-03-08 06:13:00,2.167,29,2.258942497525034
MID51,SID51,67,2017-03-08 06:13:00,1.950,26,2.4122111447937007
MID50,SID50,67,2017-03-08 06:13:00,1.083,28,2.3923846768503654
MID69,SID69,67,2017-03-08 06:13:00,2.167,32,2.4164428327904517
MID68,SID68,67,2017-03-08 06:13:00,1.517,31,2.4856781946518245
MID67,SID67,67,2017-03-08 06:13:00,1.950,25,2.3337689603818363
MID66,SID66,67,2017-03-08 06:13:00,1.300,32,2.2195297597728785
MID65,SID65,67,2017-03-08 06:13:00,1.950,27,2.2930450741601134
MID64,SID64,67,2017-03-08 06:13:00,1.733,30,2.454515735999698
MID63,SID63,67,2017-03-08 06:13:00,1.300,27,2.055735409688899
MID62,SID62,67,2017-03-08 06:13:00,2.167,31,2.183594021177024
MID61,SID61,67,2017-03-08 06:13:00,1.950,32,2.2851446408133325
MID60,SID60,67,2017-03-08 06:13:00,1.950,34,2.3558311172484117
MID39,SID39,67,2017-03-08 06:13:00,1.733,32,2.0194556644250166
MID38,SID38,67,2017-03-08 06:13:00,1.517,34,2.0325357631415764
MID37,SID37,67,2017-03-08 06:13:00,1.733,29,2.2987145292358653
MID36,SID36,67,2017-03-08 06:13:00,1.950,25,2.358772034370972
MID35,SID35,67,2017-03-08 06:13:00,1.950,30,2.1134840870406486
MID34,SID34,67,2017-03-08 06:13:00,1.083,26,2.33154676587593
MID33,SID33,67,2017-03-08 06:13:00,2.167,31,2.498379818666362
MID32,SID32,67,2017-03-08 06:13:00,1.950,29,2.4562237882319757
MID31,SID31,67,2017-03-08 06:13:00,1.083,32,2.061696130327147
MID30,SID30,67,2017-03-08 06:13:00,1.517,31,2.0342505627250462
MID49,SID49,67,2017-03-08 06:13:00,1.517,31,2.441562300280452
MID48,SID48,67,2017-03-08 06:13:00,1.950,25,2.3165848736891856
MID47,SID47,67,2017-03-08 06:13:00,1.517,27,2.4610574267867023
MID46,SID46,67,2017-03-08 06:13:00,1.733,29,2.467703146693973
MID45,SID45,67,2017-03-08 06:13:00,1.517,27,2.160911963029858
MID44,SID44,67,2017-03-08 06:13:00,1.083,33,2.367049236623943
MID43,SID43,67,2017-03-08 06:13:00,1.300,29,2.3472225535187348
MID42,SID42,67,2017-03-08 06:13:00,1.950,34,2.406901268183162
MID41,SID41,67,2017-03-08 06:13:00,1.950,29,2.022192856003877
MID40,SID40,67,2017-03-08 06:13:00,2.167,25,2.42760919094426
MID19,SID19,67,2017-03-08 06:13:10,1.756,26,2.41358328256652
MID18,SID18,67,2017-03-08 06:13:10,1.536,29,2.156027510577793
MID17,SID17,67,2017-03-08 06:13:10,1.756,29,2.4177121636289174
MID16,SID16,67,2017-03-08 06:13:10,1.536,26,2.0475808485318
MID15,SID15,67,2017-03-08 06:13:10,1.097,26,2.3895548934545476
MID14,SID14,67,2017-03-08 06:13:10,1.756,25,2.429521067714699
MID13,SID13,67,2017-03-08 06:13:10,1.975,30,2.4233361666665405
MID12,SID12,67,2017-03-08 06:13:10,1.756,29,2.45280231559829
MID11,SID11,67,2017-03-08 06:13:10,2.194,27,2.411738019228979
MID99,SID99,67,2017-03-08 06:13:10,1.536,33,2.230966689527691
MID10,SID10,67,2017-03-08 06:13:10,1.097,25,2.3966405662012678
MID98,SID98,67,2017-03-08 06:13:10,1.975,28,2.1364981907954834
MID97,SID97,67,2017-03-08 06:13:10,1.097,27,2.4010764351000273
MID96,SID96,67,2017-03-08 06:13:10,1.975,26,2.1727980138163825
MID95,SID95,67,2017-03-08 06:13:10,2.194,27,2.414857707220211
MID94,SID94,67,2017-03-08 06:13:10,2.194,26,2.4783207389528874
MID93,SID93,67,2017-03-08 06:13:10,2.194,30,2.071718049974725
MID92,SID92,67,2017-03-08 06:13:10,1.536,25,2.494531848120979
MID91,SID91,67,2017-03-08 06:13:10,2.194,32,2.0468774005665185
MID4,SID4,67,2017-03-08 06:13:10,1.097,33,2.255198832595685
MID5,SID5,67,2017-03-08 06:13:10,1.756,27,2.3054281053652463
MID6,SID6,67,2017-03-08 06:13:10,1.317,26,2.488868174449632
MID7,SID7,67,2017-03-08 06:13:10,2.194,26,2.037539985733343
MID1,SID1,67,2017-03-08 06:13:10,1.536,31,2.3642025439902525
MID2,SID2,67,2017-03-08 06:13:10,2.194,29,2.1822682388690864
MID3,SID3,67,2017-03-08 06:13:10,1.975,27,2.200874819921743
MID29,SID29,67,2017-03-08 06:13:10,1.975,33,2.4083110236135963
MID28,SID28,67,2017-03-08 06:13:10,1.536,26,2.2556580457664572
MID27,SID27,67,2017-03-08 06:13:10,1.317,27,2.0390053297643056
MID26,SID26,67,2017-03-08 06:13:10,1.317,31,2.143303168838997
MID8,SID8,67,2017-03-08 06:13:10,1.536,26,2.490875508165749
MID25,SID25,67,2017-03-08 06:13:10,1.097,28,2.2258117590333044
MID9,SID9,67,2017-03-08 06:13:10,1.756,31,2.162363390579533
MID24,SID24,67,2017-03-08 06:13:10,1.097,34,2.43294373370665
MID23,SID23,67,2017-03-08 06:13:10,1.756,32,2.3745735203404967
MID22,SID22,67,2017-03-08 06:13:10,1.536,33,2.26246062700739
MID21,SID21,67,2017-03-08 06:13:10,1.317,31,2.318464926170194
MID20,SID20,67,2017-03-08 06:13:10,1.536,27,2.168121539397911
MID100,SID100,67,2017-03-08 06:13:10,1.756,33,2.249216005229083
MID79,SID79,67,2017-03-08 06:13:10,1.097,27,2.0326366246718384
MID78,SID78,67,2017-03-08 06:13:10,1.756,33,2.3691168785160275
MID77,SID77,67,2017-03-08 06:13:10,1.097,30,2.44416543811922
MID76,SID76,67,2017-03-08 06:13:10,1.317,33,2.074552745850269
MID75,SID75,67,2017-03-08 06:13:10,1.536,27,2.0173331497001166
MID74,SID74,67,2017-03-08 06:13:10,1.756,29,2.152445948428024
MID73,SID73,67,2017-03-08 06:13:10,1.317,32,2.4808952448136274
MID72,SID72,67,2017-03-08 06:13:10,2.194,34,2.162486205877098
MID71,SID71,67,2017-03-08 06:13:10,1.317,29,2.4475014487095894
MID70,SID70,67,2017-03-08 06:13:10,1.317,32,2.122262543682428
MID90,SID90,67,2017-03-08 06:13:10,1.756,31,2.0926541554391385
MID89,SID89,67,2017-03-08 06:13:10,2.194,28,2.0367260103364053
MID88,SID88,67,2017-03-08 06:13:10,1.756,32,2.345934481167206
MID87,SID87,67,2017-03-08 06:13:10,1.975,27,2.1457335445627925
MID86,SID86,67,2017-03-08 06:13:10,1.317,29,2.4597374199989614
MID85,SID85,67,2017-03-08 06:13:10,2.194,29,2.1054153319398603
MID84,SID84,67,2017-03-08 06:13:10,1.317,33,2.3279250548044645
MID83,SID83,67,2017-03-08 06:13:10,1.317,31,2.4420172315290154
MID82,SID82,67,2017-03-08 06:13:10,1.975,34,2.47382600859818
MID81,SID81,67,2017-03-08 06:13:10,1.975,28,2.293642862551332
MID80,SID80,67,2017-03-08 06:13:10,1.975,26,2.390372880538059
MID59,SID59,67,2017-03-08 06:13:10,1.317,28,2.4847303990089173
MID58,SID58,67,2017-03-08 06:13:10,1.317,26,2.1304865579083954
MID57,SID57,67,2017-03-08 06:13:10,2.194,26,2.2868468455017883
MID56,SID56,67,2017-03-08 06:13:10,1.097,27,2.2217443903377507
MID55,SID55,67,2017-03-08 06:13:10,1.756,32,2.45728241468741
MID54,SID54,67,2017-03-08 06:13:10,1.097,30,2.3166894451913986
MID53,SID53,67,2017-03-08 06:13:10,1.536,26,2.0379457707655666
MID52,SID52,67,2017-03-08 06:13:10,2.194,33,2.0318874957870396
MID51,SID51,67,2017-03-08 06:13:10,1.975,32,2.2553567329036204
MID50,SID50,67,2017-03-08 06:13:10,1.097,30,2.1969435482382345
MID69,SID69,67,2017-03-08 06:13:10,2.194,29,2.414316881539172
MID68,SID68,67,2017-03-08 06:13:10,1.536,29,2.005050394040306
MID67,SID67,67,2017-03-08 06:13:10,1.975,34,2.3354993092693963
MID66,SID66,67,2017-03-08 06:13:10,1.317,30,2.190480463285718
MID65,SID65,67,2017-03-08 06:13:10,1.975,32,2.1480218213596807
MID64,SID64,67,2017-03-08 06:13:10,1.756,27,2.3144533285967963
MID63,SID63,67,2017-03-08 06:13:10,1.317,32,2.171740939707797
MID62,SID62,67,2017-03-08 06:13:10,2.194,34,2.046252992010592
MID61,SID61,67,2017-03-08 06:13:10,1.975,33,2.3352018383820456
MID60,SID60,67,2017-03-08 06:13:10,1.975,30,2.451639512403061
MID39,SID39,67,2017-03-08 06:13:10,1.756,34,2.4303537994606397
MID38,SID38,67,2017-03-08 06:13:10,1.536,26,2.0153741258495903
MID37,SID37,67,2017-03-08 06:13:10,1.756,30,2.327987903158358
MID36,SID36,67,2017-03-08 06:13:10,1.975,27,2.2011609608314293
MID35,SID35,67,2017-03-08 06:13:10,1.975,32,2.1095654266049846
MID34,SID34,67,2017-03-08 06:13:10,1.097,30,2.2831133698822104
MID33,SID33,67,2017-03-08 06:13:10,2.194,33,2.253296952613486
MID32,SID32,67,2017-03-08 06:13:10,1.975,29,2.489622217897087
MID31,SID31,67,2017-03-08 06:13:10,1.097,30,2.204392549305333
MID30,SID30,67,2017-03-08 06:13:10,1.536,30,2.074574957614117
MID49,SID49,67,2017-03-08 06:13:10,1.536,26,2.3021374189865416
MID48,SID48,67,2017-03-08 06:13:10,1.975,33,2.0864215655984726
MID47,SID47,67,2017-03-08 06:13:10,1.536,32,2.325369023622322
MID46,SID46,67,2017-03-08 06:13:10,1.756,31,2.425338581917024
MID45,SID45,67,2017-03-08 06:13:10,1.536,29,2.0518032289778834
MID44,SID44,67,2017-03-08 06:13:10,1.097,30,2.0054035457316717
MID43,SID43,67,2017-03-08 06:13:10,1.317,28,2.0755790779304695
MID42,SID42,67,2017-03-08 06:13:10,1.975,31,2.4197043571925336
MID41,SID41,67,2017-03-08 06:13:10,1.975,31,2.231176145147721
MID40,SID40,67,2017-03-08 06:13:10,2.194,26,2.211802759913063
MID19,SID19,67,2017-03-08 06:13:20,1.778,30,2.263298344348434
MID18,SID18,67,2017-03-08 06:13:20,1.556,32,2.380659506004513
MID17,SID17,67,2017-03-08 06:13:20,1.778,29,2.188976177708685
MID16,SID16,67,2017-03-08 06:13:20,1.556,33,2.038851479541032
MID15,SID15,67,2017-03-08 06:13:20,1.111,26,2.2365520837949107
MID14,SID14,67,2017-03-08 06:13:20,1.778,25,2.145604506558641
MID13,SID13,67,2017-03-08 06:13:20,2.000,28,2.2416027092809885
MID12,SID12,67,2017-03-08 06:13:20,1.778,25,2.224792856022246
MID11,SID11,67,2017-03-08 06:13:20,2.222,31,2.0667233484193703
MID99,SID99,67,2017-03-08 06:13:20,1.556,34,2.3729171304209147
MID10,SID10,67,2017-03-08 06:13:20,1.111,30,2.2075343534612073
MID98,SID98,67,2017-03-08 06:13:20,2.000,34,2.2501288166004585
MID97,SID97,67,2017-03-08 06:13:20,1.111,25,2.124721773757529
MID96,SID96,67,2017-03-08 06:13:20,2.000,29,2.4443208195036252
MID95,SID95,67,2017-03-08 06:13:20,2.222,28,2.0205211678807378
MID94,SID94,67,2017-03-08 06:13:20,2.222,30,2.44564790583564
MID93,SID93,67,2017-03-08 06:13:20,2.222,34,2.1825684007009083
MID92,SID92,67,2017-03-08 06:13:20,1.556,34,2.0722228598939214
MID91,SID91,67,2017-03-08 06:13:20,2.222,32,2.4965794628374027
MID4,SID4,67,2017-03-08 06:13:20,1.111,26,2.052000740682904
MID5,SID5,67,2017-03-08 06:13:20,1.778,27,2.1375250659712273
MID6,SID6,67,2017-03-08 06:13:20,1.333,25,2.466108014337933
MID7,SID7,67,2017-03-08 06:13:20,2.222,32,2.3926329893287717
MID1,SID1,67,2017-03-08 06:13:20,1.556,32,2.000044959645776
MID2,SID2,67,2017-03-08 06:13:20,2.222,27,2.4808498518290363
MID3,SID3,67,2017-03-08 06:13:20,2.000,30,2.260273171230357
MID29,SID29,67,2017-03-08 06:13:20,2.000,25,2.266601807879322
MID28,SID28,67,2017-03-08 06:13:20,1.556,27,2.0868179271223366
MID27,SID27,67,2017-03-08 06:13:20,1.333,32,2.3195419110727618
MID26,SID26,67,2017-03-08 06:13:20,1.333,32,2.2206557259097237
MID8,SID8,67,2017-03-08 06:13:20,1.556,29,2.125213700845327
MID25,SID25,67,2017-03-08 06:13:20,1.111,33,2.2778459181509647
MID9,SID9,67,2017-03-08 06:13:20,1.778,26,2.2967642378479716
MID24,SID24,67,2017-03-08 06:13:20,1.111,25,2.1586125902023277
MID23,SID23,67,2017-03-08 06:13:20,1.778,28,2.0200867020033524
MID22,SID22,67,2017-03-08 06:13:20,1.556,29,2.3767736832563084
MID21,SID21,67,2017-03-08 06:13:20,1.333,26,2.381234474592145
MID20,SID20,67,2017-03-08 06:13:20,1.556,29,2.2205988522773663
MID100,SID100,67,2017-03-08 06:13:20,1.778,26,2.3969635677441685
MID79,SID79,67,2017-03-08 06:13:20,1.111,31,2.305001865633958
MID78,SID78,67,2017-03-08 06:13:20,1.778,27,2.014623560815341
MID77,SID77,67,2017-03-08 06:13:20,1.111,31,2.3791836256728205
MID76,SID76,67,2017-03-08 06:13:20,1.333,31,2.1417655173543886
MID75,SID75,67,2017-03-08 06:13:20,1.556,26,2.4905572417296007
MID74,SID74,67,2017-03-08 06:13:20,1.778,32,2.4770300453843954
MID73,SID73,67,2017-03-08 06:13:20,1.333,30,2.0697493404966165
MID72,SID72,67,2017-03-08 06:13:20,2.222,34,2.257239776900509
MID71,SID71,67,2017-03-08 06:13:20,1.333,26,2.2348316862459248
MID70,SID70,67,2017-03-08 06:13:20,1.333,34,2.387083579066542
MID90,SID90,67,2017-03-08 06:13:20,1.778,34,2.1454158095767233
MID89,SID89,67,2017-03-08 06:13:20,2.222,34,2.252147737506948
MID88,SID88,67,2017-03-08 06:13:20,1.778,29,2.291421747858633
MID87,SID87,67,2017-03-08 06:13:20,2.000,29,2.3549391261876433
MID86,SID86,67,2017-03-08 06:13:20,1.333,27,2.46368819688208
MID85,SID85,67,2017-03-08 06:13:20,2.222,29,2.2303461031295018
MID84,SID84,67,2017-03-08 06:13:20,1.333,33,2.323109540273176
MID83,SID83,67,2017-03-08 06:13:20,1.333,31,2.107851561701634
MID82,SID82,67,2017-03-08 06:13:20,2.000,27,2.331775112122527
MID81,SID81,67,2017-03-08 06:13:20,2.000,26,2.1267042178002513
MID80,SID80,67,2017-03-08 06:13:20,2.000,28,2.3763770392087507
MID59,SID59,67,2017-03-08 06:13:20,1.333,32,2.41887871284817
MID58,SID58,67,2017-03-08 06:13:20,1.333,34,2.430833270400128
MID57,SID57,67,2017-03-08 06:13:20,2.222,33,2.391713526906477
MID56,SID56,67,2017-03-08 06:13:20,1.111,27,2.28336636018811
MID55,SID55,67,2017-03-08 06:13:20,1.778,27,2.329459251782756
MID54,SID54,67,2017-03-08 06:13:20,1.111,34,2.045078046919352
MID53,SID53,67,2017-03-08 06:13:20,1.556,27,2.184182510687008
MID52,SID52,67,2017-03-08 06:13:20,2.222,34,2.394776993679403
MID51,SID51,67,2017-03-08 06:13:20,2.000,28,2.305616281536793
MID50,SID50,67,2017-03-08 06:13:20,1.111,32,2.2811772055656183
MID69,SID69,67,2017-03-08 06:13:20,2.222,29,2.1766601707702145
MID68,SID68,67,2017-03-08 06:13:20,1.556,31,2.047525165598987
MID67,SID67,67,2017-03-08 06:13:20,2.000,34,2.0317194441484294
MID66,SID66,67,2017-03-08 06:13:20,1.333,28,2.112317121178458
MID65,SID65,67,2017-03-08 06:13:20,2.000,31,2.166993446714021
MID64,SID64,67,2017-03-08 06:13:20,1.778,28,2.078373747777432
MID63,SID63,67,2017-03-08 06:13:20,1.333,27,2.2124002336082613
MID62,SID62,67,2017-03-08 06:13:20,2.222,31,2.250844644244098
MID61,SID61,67,2017-03-08 06:13:20,2.000,26,2.2876891444035325
MID60,SID60,67,2017-03-08 06:13:20,2.000,32,2.3626928956875117
MID39,SID39,67,2017-03-08 06:13:20,1.778,26,2.160163108930546
MID38,SID38,67,2017-03-08 06:13:20,1.556,25,2.4375883478559386
MID37,SID37,67,2017-03-08 06:13:20,1.778,28,2.0079587362775877
MID36,SID36,67,2017-03-08 06:13:20,2.000,25,2.2009076479465772
MID35,SID35,67,2017-03-08 06:13:20,2.000,30,2.0271475296717694
MID34,SID34,67,2017-03-08 06:13:20,1.111,28,2.04118768725901
MID33,SID33,67,2017-03-08 06:13:20,2.222,30,2.167386497327924
MID32,SID32,67,2017-03-08 06:13:20,2.000,34,2.0214128772114717
MID31,SID31,67,2017-03-08 06:13:20,1.111,33,2.1039223169776053
MID30,SID30,67,2017-03-08 06:13:20,1.556,28,2.4758842807803387
MID49,SID49,67,2017-03-08 06:13:20,1.556,25,2.32642176698155
MID48,SID48,67,2017-03-08 06:13:20,2.000,34,2.030856733364848
MID47,SID47,67,2017-03-08 06:13:20,1.556,33,2.4980231084620423
MID46,SID46,67,2017-03-08 06:13:20,1.778,27,2.1002554830569404
MID45,SID45,67,2017-03-08 06:13:20,1.556,26,2.0006229229388004
MID44,SID44,67,2017-03-08 06:13:20,1.111,25,2.081792182951543
MID43,SID43,67,2017-03-08 06:13:20,1.333,25,2.2649295486023675
MID42,SID42,67,2017-03-08 06:13:20,2.000,34,2.1345523612299533
MID41,SID41,67,2017-03-08 06:13:20,2.000,32,2.1134124000311303
MID40,SID40,67,2017-03-08 06:13:20,2.222,25,2.3020266337578774
MID19,SID19,67,2017-03-08 06:13:30,1.800,26,2.040705906495888
MID18,SID18,67,2017-03-08 06:13:30,1.575,27,2.252311327037544
MID17,SID17,67,2017-03-08 06:13:30,1.800,32,2.1516060077928003
MID16,SID16,67,2017-03-08 06:13:30,1.575,27,2.37088684366606
MID15,SID15,67,2017-03-08 06:13:30,1.125,29,2.134576141100798
MID14,SID14,67,2017-03-08 06:13:30,1.800,34,2.101031940393462
MID13,SID13,67,2017-03-08 06:13:30,2.025,25,2.361035449131708
MID12,SID12,67,2017-03-08 06:13:30,1.800,28,2.171751097405996
MID11,SID11,67,2017-03-08 06:13:30,2.250,32,2.2007390085175866
MID99,SID99,67,2017-03-08 06:13:30,1.575,34,2.420689140514492
MID10,SID10,67,2017-03-08 06:13:30,1.125,30,2.3686969373431275
MID98,SID98,67,2017-03-08 06:13:30,2.025,26,2.421974824410595
MID97,SID97,67,2017-03-08 06:13:30,1.125,28,2.453785683219075
MID96,SID96,67,2017-03-08 06:13:30,2.025,25,2.357461354545478
MID95,SID95,67,2017-03-08 06:13:30,2.250,34,2.243193805638526
MID94,SID94,67,2017-03-08 06:13:30,2.250,34,2.2476181553721717
MID93,SID93,67,2017-03-08 06:13:30,2.250,26,2.1586068351305685
MID92,SID92,67,2017-03-08 06:13:30,1.575,33,2.367410531887692
MID91,SID91,67,2017-03-08 06:13:30,2.250,31,2.047448395381937
MID4,SID4,67,2017-03-08 06:13:30,1.125,29,2.3476101249063586
MID5,SID5,67,2017-03-08 06:13:30,1.800,25,2.110573262457956
MID6,SID6,67,2017-03-08 06:13:30,1.350,31,2.0417044670596085
MID7,SID7,67,2017-03-08 06:13:30,2.250,31,2.4258662925569325
MID1,SID1,67,2017-03-08 06:13:30,1.575,34,2.0381596200492726
MID2,SID2,67,2017-03-08 06:13:30,2.250,28,2.3248740525710976
MID3,SID3,67,2017-03-08 06:13:30,2.025,27,2.4197336179584252
MID29,SID29,67,2017-03-08 06:13:30,2.025,25,2.331089289721105
MID28,SID28,67,2017-03-08 06:13:30,1.575,27,2.419781812660852
MID27,SID27,67,2017-03-08 06:13:30,1.350,33,2.30302698319265
MID26,SID26,67,2017-03-08 06:13:30,1.350,30,2.219113289881878
MID8,SID8,67,2017-03-08 06:13:30,1.575,34,2.375144728886241
MID25,SID25,67,2017-03-08 06:13:30,1.125,30,2.3694875970585514
MID9,SID9,67,2017-03-08 06:13:30,1.800,28,2.055346520120316
MID24,SID24,67,2017-03-08 06:13:30,1.125,32,2.499019791720332
MID23,SID23,67,2017-03-08 06:13:30,1.800,33,2.2495730988968963
MID22,SID22,67,2017-03-08 06:13:30,1.575,32,2.261347794752861
MID21,SID21,67,2017-03-08 06:13:30,1.350,34,2.337924525481009
MID20,SID20,67,2017-03-08 06:13:30,1.575,27,2.225629357687601
MID100,SID100,67,2017-03-08 06:13:30,1.800,28,2.385520668671166
MID79,SID79,67,2017-03-08 06:13:30,1.125,33,2.125397827293258
MID78,SID78,67,2017-03-08 06:13:30,1.800,29,2.27047519361993
MID77,SID77,67,2017-03-08 06:13:30,1.125,34,2.482215082423932
MID76,SID76,67,2017-03-08 06:13:30,1.350,29,2.102727700491368
MID75,SID75,67,2017-03-08 06:13:30,1.575,32,2.327390825852577
MID74,SID74,67,2017-03-08 06:13:30,1.800,26,2.2821915088146634
MID73,SID73,67,2017-03-08 06:13:30,1.350,28,2.31638445470557
MID72,SID72,67,2017-03-08 06:13:30,2.250,34,2.190869270355791
MID71,SID71,67,2017-03-08 06:13:30,1.350,34,2.009599703864851
MID70,SID70,67,2017-03-08 06:13:30,1.350,30,2.047521424041795
MID90,SID90,67,2017-03-08 06:13:30,1.800,32,2.4822221674994207
MID89,SID89,67,2017-03-08 06:13:30,2.250,27,2.23176615659624
MID88,SID88,67,2017-03-08 06:13:30,1.800,30,2.448308340718705
MID87,SID87,67,2017-03-08 06:13:30,2.025,29,2.3522517193570835
MID86,SID86,67,2017-03-08 06:13:30,1.350,26,2.442090241958862
MID85,SID85,67,2017-03-08 06:13:30,2.250,33,2.03333191295946
MID84,SID84,67,2017-03-08 06:13:30,1.350,28,2.2587043834317697
MID83,SID83,67,2017-03-08 06:13:30,1.350,29,2.141276949215892
MID82,SID82,67,2017-03-08 06:13:30,2.025,27,2.1667960044395986
MID81,SID81,67,2017-03-08 06:13:30,2.025,27,2.0557107442771954
MID80,SID80,67,2017-03-08 06:13:30,2.025,33,2.3167171671599647
MID59,SID59,67,2017-03-08 06:13:30,1.350,28,2.2336423758660047
MID58,SID58,67,2017-03-08 06:13:30,1.350,26,2.193823592277463
MID57,SID57,67,2017-03-08 06:13:30,2.250,33,2.1668771699056206
MID56,SID56,67,2017-03-08 06:13:30,1.125,32,2.136405958835357
MID55,SID55,67,2017-03-08 06:13:30,1.800,27,2.267667892253155
MID54,SID54,67,2017-03-08 06:13:30,1.125,26,2.3650298041576034
MID53,SID53,67,2017-03-08 06:13:30,1.575,28,2.2885186847623924
MID52,SID52,67,2017-03-08 06:13:30,2.250,32,2.111952396800969
MID51,SID51,67,2017-03-08 06:13:30,2.025,32,2.230464988071271
MID50,SID50,67,2017-03-08 06:13:30,1.125,29,2.0161566463969076
MID69,SID69,67,2017-03-08 06:13:30,2.250,26,2.2884213539466263
MID68,SID68,67,2017-03-08 06:13:30,1.575,27,2.4750734201200713
MID67,SID67,67,2017-03-08 06:13:30,2.025,25,2.4925035127279447
MID66,SID66,67,2017-03-08 06:13:30,1.350,31,2.3856368427073704
MID65,SID65,67,2017-03-08 06:13:30,2.025,33,2.1409336832380657
MID64,SID64,67,2017-03-08 06:13:30,1.800,26,2.330359120095253
MID63,SID63,67,2017-03-08 06:13:30,1.350,28,2.3137527511111458
MID62,SID62,67,2017-03-08 06:13:30,2.250,33,2.47964644927038
MID61,SID61,67,2017-03-08 06:13:30,2.025,31,2.053693918658874
MID60,SID60,67,2017-03-08 06:13:30,2.025,27,2.325743975237596
MID39,SID39,67,2017-03-08 06:13:30,1.800,28,2.4549373656061606
MID38,SID38,67,2017-03-08 06:13:30,1.575,32,2.2111124078028763
MID37,SID37,67,2017-03-08 06:13:30,1.800,29,2.042454583743356
MID36,SID36,67,2017-03-08 06:13:30,2.025,30,2.343538661611374
MID35,SID35,67,2017-03-08 06:13:30,2.025,29,2.222508048965788
MID34,SID34,67,2017-03-08 06:13:30,1.125,32,2.0807147585362644
MID33,SID33,67,2017-03-08 06:13:30,2.250,33,2.129210039210179
MID32,SID32,67,2017-03-08 06:13:30,2.025,34,2.1222834841329092
MID31,SID31,67,2017-03-08 06:13:30,1.125,31,2.4082870051492526
MID30,SID30,67,2017-03-08 06:13:30,1.575,29,2.356807426550628
MID49,SID49,67,2017-03-08 06:13:30,1.575,30,2.1711536122431307
MID48,SID48,67,2017-03-08 06:13:30,2.025,25,2.000220530963202
MID47,SID47,67,2017-03-08 06:13:30,1.575,28,2.0373912509574117
MID46,SID46,67,2017-03-08 06:13:30,1.800,34,2.002502416362066
MID45,SID45,67,2017-03-08 06:13:30,1.575,26,2.2665488266175458
MID44,SID44,67,2017-03-08 06:13:30,1.125,31,2.2454921192598367
MID43,SID43,67,2017-03-08 06:13:30,1.350,26,2.1001618018251498
MID42,SID42,67,2017-03-08 06:13:30,2.025,30,2.074795679224975
MID41,SID41,67,2017-03-08 06:13:30,2.025,30,2.097238875470448
MID40,SID40,67,2017-03-08 06:13:30,2.250,31,2.00603462256428
MID19,SID19,67,2017-03-08 06:13:40,1.822,29,2.4928781726931994
MID18,SID18,67,2017-03-08 06:13:40,1.594,33,2.035967779631543
MID17,SID17,67,2017-03-08 06:13:40,1.822,32,2.3149053179724657
MID16,SID16,67,2017-03-08 06:13:40,1.594,32,2.469607513134758
MID15,SID15,67,2017-03-08 06:13:40,1.139,33,2.3148983933120957
MID14,SID14,67,2017-03-08 06:13:40,1.822,31,2.037771182406808
MID13,SID13,67,2017-03-08 06:13:40,2.050,25,2.2316508072970325
MID12,SID12,67,2017-03-08 06:13:40,1.822,33,2.0888531359571494
MID11,SID11,67,2017-03-08 06:13:40,2.278,25,2.0431686079524325
MID99,SID99,67,2017-03-08 06:13:40,1.594,26,2.3371170786338613
MID10,SID10,67,2017-03-08 06:13:40,1.139,32,2.1114772345502493
MID98,SID98,67,2017-03-08 06:13:40,2.050,25,2.4054404350285865
MID97,SID97,67,2017-03-08 06:13:40,1.139,28,2.1569386081744923
MID96,SID96,67,2017-03-08 06:13:40,2.050,28,2.00350894101556
MID95,SID95,67,2017-03-08 06:13:40,2.278,27,2.3122938876145103
MID94,SID94,67,2017-03-08 06:13:40,2.278,28,2.2180250842645823
MID93,SID93,67,2017-03-08 06:13:40,2.278,26,2.108910348542004
MID92,SID92,67,2017-03-08 06:13:40,1.594,31,2.136656249143798
MID91,SID91,67,2017-03-08 06:13:40,2.278,28,2.09985764263845
MID4,SID4,67,2017-03-08 06:13:40,1.139,27,2.314169596028306
MID5,SID5,67,2017-03-08 06:13:40,1.822,25,2.2064497009963935
MID6,SID6,67,2017-03-08 06:13:40,1.367,30,2.3715555053591952
MID7,SID7,67,2017-03-08 06:13:40,2.278,29,2.04890366462935
MID1,SID1,67,2017-03-08 06:13:40,1.594,33,2.308225825476828
MID2,SID2,67,2017-03-08 06:13:40,2.278,34,2.1866987363892534
MID3,SID3,67,2017-03-08 06:13:40,2.050,33,2.4010680425757784
MID29,SID29,67,2017-03-08 06:13:40,2.050,33,2.45790628096967
MID28,SID28,67,2017-03-08 06:13:40,1.594,33,2.3758124876484503
MID27,SID27,67,2017-03-08 06:13:40,1.367,31,2.1282240386963993
MID26,SID26,67,2017-03-08 06:13:40,1.367,31,2.2676048519039225
MID8,SID8,67,2017-03-08 06:13:40,1.594,26,2.1710737604675394
MID25,SID25,67,2017-03-08 06:13:40,1.139,29,2.3595356513141734
MID9,SID9,67,2017-03-08 06:13:40,1.822,31,2.387280039447069
MID24,SID24,67,2017-03-08 06:13:40,1.139,31,2.2423932248344784
MID23,SID23,67,2017-03-08 06:13:40,1.822,32,2.1941867245694158
MID22,SID22,67,2017-03-08 06:13:40,1.594,32,2.4010273789787506
MID21,SID21,67,2017-03-08 06:13:40,1.367,25,2.490432899631018
MID20,SID20,67,2017-03-08 06:13:40,1.594,31,2.090070938889059
MID100,SID100,67,2017-03-08 06:13:40,1.822,25,2.070531928671087
MID79,SID79,67,2017-03-08 06:13:40,1.139,25,2.393655672756894
MID78,SID78,67,2017-03-08 06:13:40,1.822,27,2.4202148205118164
MID77,SID77,67,2017-03-08 06:13:40,1.139,27,2.212982427585977
MID76,SID76,67,2017-03-08 06:13:40,1.367,31,2.285797542351516
MID75,SID75,67,2017-03-08 06:13:40,1.594,31,2.0057780083823316
MID74,SID74,67,2017-03-08 06:13:40,1.822,26,2.0451662691920496
MID73,SID73,67,2017-03-08 06:13:40,1.367,26,2.033625297610861
MID72,SID72,67,2017-03-08 06:13:40,2.278,34,2.4100092736824767
MID71,SID71,67,2017-03-08 06:13:40,1.367,28,2.4286664983090036
MID70,SID70,67,2017-03-08 06:13:40,1.367,29,2.207533116112914
MID90,SID90,67,2017-03-08 06:13:40,1.822,26,2.2731202019609302
MID89,SID89,67,2017-03-08 06:13:40,2.278,34,2.427529711305743
MID88,SID88,67,2017-03-08 06:13:40,1.822,26,2.0743803820646702
MID87,SID87,67,2017-03-08 06:13:40,2.050,33,2.2043363122792217
MID86,SID86,67,2017-03-08 06:13:40,1.367,27,2.155382997293597
MID85,SID85,67,2017-03-08 06:13:40,2.278,34,2.4525414776886727
MID84,SID84,67,2017-03-08 06:13:40,1.367,34,2.258204930576505
MID83,SID83,67,2017-03-08 06:13:40,1.367,33,2.106229776601335
MID82,SID82,67,2017-03-08 06:13:40,2.050,26,2.1130042038934143
MID81,SID81,67,2017-03-08 06:13:40,2.050,32,2.3345303211134363
MID80,SID80,67,2017-03-08 06:13:40,2.050,34,2.294742506702344
MID59,SID59,67,2017-03-08 06:13:40,1.367,32,2.2649964900102884
MID58,SID58,67,2017-03-08 06:13:40,1.367,33,2.115999510204305
MID57,SID57,67,2017-03-08 06:13:40,2.278,25,2.09418428103703
MID56,SID56,67,2017-03-08 06:13:40,1.139,31,2.490074616086269
MID55,SID55,67,2017-03-08 06:13:40,1.822,27,2.392037312054228
MID54,SID54,67,2017-03-08 06:13:40,1.139,30,2.035913788169369
MID53,SID53,67,2017-03-08 06:13:40,1.594,25,2.1335205278782334
MID52,SID52,67,2017-03-08 06:13:40,2.278,29,2.4331225142426285
MID51,SID51,67,2017-03-08 06:13:40,2.050,27,2.377018581395369
MID50,SID50,67,2017-03-08 06:13:40,1.139,32,2.158501725323681
MID69,SID69,67,2017-03-08 06:13:40,2.278,32,2.118228765433165
MID68,SID68,67,2017-03-08 06:13:40,1.594,29,2.453079610906384
MID67,SID67,67,2017-03-08 06:13:40,2.050,33,2.4901231165285242
MID66,SID66,67,2017-03-08 06:13:40,1.367,33,2.03864269183058
MID65,SID65,67,2017-03-08 06:13:40,2.050,32,2.3072602270071023
MID64,SID64,67,2017-03-08 06:13:40,1.822,28,2.364020444991441
MID63,SID63,67,2017-03-08 06:13:40,1.367,27,2.3302141305067243
MID62,SID62,67,2017-03-08 06:13:40,2.278,25,2.1313829356675793
MID61,SID61,67,2017-03-08 06:13:40,2.050,29,2.4699855866158895
MID60,SID60,67,2017-03-08 06:13:40,2.050,33,2.131485606755889
MID39,SID39,67,2017-03-08 06:13:40,1.822,31,2.164615591450101
MID38,SID38,67,2017-03-08 06:13:40,1.594,33,2.1731831934546353
MID37,SID37,67,2017-03-08 06:13:40,1.822,25,2.3119831591197926
MID36,SID36,67,2017-03-08 06:13:40,2.050,31,2.1974858859276334
MID35,SID35,67,2017-03-08 06:13:40,2.050,27,2.4428632672928887
MID34,SID34,67,2017-03-08 06:13:40,1.139,25,2.447267726449632
MID33,SID33,67,2017-03-08 06:13:40,2.278,25,2.102839092743764
MID32,SID32,67,2017-03-08 06:13:40,2.050,25,2.430795667489578
MID31,SID31,67,2017-03-08 06:13:40,1.139,27,2.1448033300819915
MID30,SID30,67,2017-03-08 06:13:40,1.594,25,2.4209439921622042
MID49,SID49,67,2017-03-08 06:13:40,1.594,30,2.1194287285678355
MID48,SID48,67,2017-03-08 06:13:40,2.050,30,2.1866054174075336
MID47,SID47,67,2017-03-08 06:13:40,1.594,34,2.26822188384595
MID46,SID46,67,2017-03-08 06:13:40,1.822,26,2.016596454171908
MID45,SID45,67,2017-03-08 06:13:40,1.594,33,2.3966023931648386
MID44,SID44,67,2017-03-08 06:13:40,1.139,26,2.484714999288377
MID43,SID43,67,2017-03-08 06:13:40,1.367,32,2.377022980498904
MID42,SID42,67,2017-03-08 06:13:40,2.050,30,2.2135711111367655
MID41,SID41,67,2017-03-08 06:13:40,2.050,32,2.2139216444102288
MID40,SID40,67,2017-03-08 06:13:40,2.278,25,2.250367232945198
MID19,SID19,67,2017-03-08 06:13:50,1.844,25,2.040771410314901
MID18,SID18,67,2017-03-08 06:13:50,1.614,34,2.437180087427923
MID17,SID17,67,2017-03-08 06:13:50,1.844,33,2.3822504583667254
MID16,SID16,67,2017-03-08 06:13:50,1.614,31,2.3421525551038322
MID15,SID15,67,2017-03-08 06:13:50,1.153,30,2.142530489255269
MID14,SID14,67,2017-03-08 06:13:50,1.844,27,2.4798605267367564
MID13,SID13,67,2017-03-08 06:13:50,2.075,30,2.083644978142296
MID12,SID12,67,2017-03-08 06:13:50,1.844,30,2.0469111999138976
MID11,SID11,67,2017-03-08 06:13:50,2.306,34,2.3052632871321155
MID99,SID99,67,2017-03-08 06:13:50,1.614,29,2.3402481430486874
MID10,SID10,67,2017-03-08 06:13:50,1.153,29,2.20506419073845
MID98,SID98,67,2017-03-08 06:13:50,2.075,26,2.4497716181779534
MID97,SID97,67,2017-03-08 06:13:50,1.153,25,2.107819810216217
MID96,SID96,67,2017-03-08 06:13:50,2.075,33,2.055946748272276
MID95,SID95,67,2017-03-08 06:13:50,2.306,30,2.4835830995639667
MID94,SID94,67,2017-03-08 06:13:50,2.306,25,2.177372936041761
MID93,SID93,67,2017-03-08 06:13:50,2.306,28,2.1546249039111256
MID92,SID92,67,2017-03-08 06:13:50,1.614,34,2.192931870031493
MID91,SID91,67,2017-03-08 06:13:50,2.306,29,2.076912796283756
MID4,SID4,67,2017-03-08 06:13:50,1.153,25,2.1875660499756693
MID5,SID5,67,2017-03-08 06:13:50,1.844,30,2.1831147552529573
MID6,SID6,67,2017-03-08 06:13:50,1.383,31,2.087976324854867
MID7,SID7,67,2017-03-08 06:13:50,2.306,27,2.2731791886635033
MID1,SID1,67,2017-03-08 06:13:50,1.614,31,2.1901447677525754
MID2,SID2,67,2017-03-08 06:13:50,2.306,26,2.2510922750813154
MID3,SID3,67,2017-03-08 06:13:50,2.075,27,2.136550838716965
MID29,SID29,67,2017-03-08 06:13:50,2.075,30,2.365967785226013
MID28,SID28,67,2017-03-08 06:13:50,1.614,26,2.0241642912716458
MID27,SID27,67,2017-03-08 06:13:50,1.383,28,2.101062182564819
MID26,SID26,67,2017-03-08 06:13:50,1.383,25,2.4054380577492136
MID8,SID8,67,2017-03-08 06:13:50,1.614,33,2.152396636205019
MID25,SID25,67,2017-03-08 06:13:50,1.153,30,2.138117872990145
MID9,SID9,67,2017-03-08 06:13:50,1.844,28,2.258755518981248
MID24,SID24,67,2017-03-08 06:13:50,1.153,32,2.264890428183757
MID23,SID23,67,2017-03-08 06:13:50,1.844,25,2.183048483035543
MID22,SID22,67,2017-03-08 06:13:50,1.614,26,2.1399553967286105
MID21,SID21,67,2017-03-08 06:13:50,1.383,32,2.3023383251055307
MID20,SID20,67,2017-03-08 06:13:50,1.614,32,2.2162252169088474
MID100,SID100,67,2017-03-08 06:13:50,1.844,26,2.161063975330947
MID79,SID79,67,2017-03-08 06:13:50,1.153,30,2.285654120848364
MID78,SID78,67,2017-03-08 06:13:50,1.844,27,2.2394838859439368
MID77,SID77,67,2017-03-08 06:13:50,1.153,29,2.2905972560492662
MID76,SID76,67,2017-03-08 06:13:50,1.383,34,2.160448877646204
MID75,SID75,67,2017-03-08 06:13:50,1.614,27,2.1247958365680955
MID74,SID74,67,2017-03-08 06:13:50,1.844,27,2.13409211309148
MID73,SID73,67,2017-03-08 06:13:50,1.383,34,2.3743829703513297
MID72,SID72,67,2017-03-08 06:13:50,2.306,25,2.1544715402607375
MID71,SID71,67,2017-03-08 06:13:50,1.383,28,2.2780520176022496
MID70,SID70,67,2017-03-08 06:13:50,1.383,29,2.300813203209353
MID90,SID90,67,2017-03-08 06:13:50,1.844,29,2.036441713550968
MID89,SID89,67,2017-03-08 06:13:50,2.306,28,2.3285157632785936
MID88,SID88,67,2017-03-08 06:13:50,1.844,27,2.0175256164885846
MID87,SID87,67,2017-03-08 06:13:50,2.075,30,2.028529789605145
MID86,SID86,67,2017-03-08 06:13:50,1.383,31,2.403270467564983
MID85,SID85,67,2017-03-08 06:13:50,2.306,28,2.1075474959321348
MID84,SID84,67,2017-03-08 06:13:50,1.383,27,2.2586780924522305
MID83,SID83,67,2017-03-08 06:13:50,1.383,28,2.1651565943748388
MID82,SID82,67,2017-03-08 06:13:50,2.075,32,2.024809530455493
MID81,SID81,67,2017-03-08 06:13:50,2.075,26,2.227550300965092
MID80,SID80,67,2017-03-08 06:13:50,2.075,27,2.034622238361333
MID59,SID59,67,2017-03-08 06:13:50,1.383,32,2.0133391607349
MID58,SID58,67,2017-03-08 06:13:50,1.383,28,2.3622362485550776
MID57,SID57,67,2017-03-08 06:13:50,2.306,25,2.4873293725870016
MID56,SID56,67,2017-03-08 06:13:50,1.153,30,2.3772540865777394
MID55,SID55,67,2017-03-08 06:13:50,1.844,26,2.164903297894849
MID54,SID54,67,2017-03-08 06:13:50,1.153,33,2.47800078749336
MID53,SID53,67,2017-03-08 06:13:50,1.614,30,2.305432718017189
MID52,SID52,67,2017-03-08 06:13:50,2.306,27,2.231124382821993
MID51,SID51,67,2017-03-08 06:13:50,2.075,27,2.0371678766713823
MID50,SID50,67,2017-03-08 06:13:50,1.153,33,2.0114502373396417
MID69,SID69,67,2017-03-08 06:13:50,2.306,26,2.3125738910251115
MID68,SID68,67,2017-03-08 06:13:50,1.614,34,2.066293060731243
MID67,SID67,67,2017-03-08 06:13:50,2.075,33,2.160890230888703
MID66,SID66,67,2017-03-08 06:13:50,1.383,25,2.135743724963212
MID65,SID65,67,2017-03-08 06:13:50,2.075,31,2.304973760938878
MID64,SID64,67,2017-03-08 06:13:50,1.844,29,2.0779906045652763
MID63,SID63,67,2017-03-08 06:13:50,1.383,31,2.3953463031365434
MID62,SID62,67,2017-03-08 06:13:50,2.306,30,2.0917390566280387
MID61,SID61,67,2017-03-08 06:13:50,2.075,27,2.0532656238959546
MID60,SID60,67,2017-03-08 06:13:50,2.075,31,2.102819700382047
MID39,SID39,67,2017-03-08 06:13:50,1.844,29,2.149810404571167
MID38,SID38,67,2017-03-08 06:13:50,1.614,32,2.1704510969446815
MID37,SID37,67,2017-03-08 06:13:50,1.844,32,2.4309653175404455
MID36,SID36,67,2017-03-08 06:13:50,2.075,27,2.062045705991928
MID35,SID35,67,2017-03-08 06:13:50,2.075,27,2.440080492723785
MID34,SID34,67,2017-03-08 06:13:50,1.153,28,2.21262983325724
MID33,SID33,67,2017-03-08 06:13:50,2.306,25,2.43469981215144
MID32,SID32,67,2017-03-08 06:13:50,2.075,26,2.237521235222067
MID31,SID31,67,2017-03-08 06:13:50,1.153,31,2.4719585261519033
MID30,SID30,67,2017-03-08 06:13:50,1.614,34,2.099067365999013
MID49,SID49,67,2017-03-08 06:13:50,1.614,34,2.1404323297317362
MID48,SID48,67,2017-03-08 06:13:50,2.075,29,2.2843399704820104
MID47,SID47,67,2017-03-08 06:13:50,1.614,26,2.3627603157791293
MID46,SID46,67,2017-03-08 06:13:50,1.844,26,2.328070647897631
MID45,SID45,67,2017-03-08 06:13:50,1.614,27,2.3955476999701713
MID44,SID44,67,2017-03-08 06:13:50,1.153,30,2.0202497596152487
MID43,SID43,67,2017-03-08 06:13:50,1.383,34,2.1501639033408217
MID42,SID42,67,2017-03-08 06:13:50,2.075,25,2.0071026005711596
MID41,SID41,67,2017-03-08 06:13:50,2.075,31,2.2921282656116806
MID40,SID40,67,2017-03-08 06:13:50,2.306,30,2.101155163338642
MID19,SID19,67,2017-03-08 06:14:00,1.867,30,2.184725870436245
MID18,SID18,67,2017-03-08 06:14:00,1.633,31,2.2824220028874778
MID17,SID17,67,2017-03-08 06:14:00,1.867,26,2.3675835005233985
MID16,SID16,67,2017-03-08 06:14:00,1.633,32,2.3324118252603014
MID15,SID15,67,2017-03-08 06:14:00,1.167,33,2.389107150197808
MID14,SID14,67,2017-03-08 06:14:00,1.867,32,2.2575601783417083
MID13,SID13,67,2017-03-08 06:14:00,2.100,29,2.3494554208137512
MID12,SID12,67,2017-03-08 06:14:00,1.867,26,2.1431341155120225
MID11,SID11,67,2017-03-08 06:14:00,2.333,34,2.2730498786887283
MID99,SID99,67,2017-03-08 06:14:00,1.633,34,2.252609275222663
MID10,SID10,67,2017-03-08 06:14:00,1.167,27,2.0079155073882053
MID98,SID98,67,2017-03-08 06:14:00,2.100,32,2.360171820788685
MID97,SID97,67,2017-03-08 06:14:00,1.167,28,2.156092576356037
MID96,SID96,67,2017-03-08 06:14:00,2.100,32,2.189650538397915
MID95,SID95,67,2017-03-08 06:14:00,2.333,26,2.3399886504327694
MID94,SID94,67,2017-03-08 06:14:00,2.333,33,2.1468042018199505
MID93,SID93,67,2017-03-08 06:14:00,2.333,33,2.1339227099391267
MID92,SID92,67,2017-03-08 06:14:00,1.633,29,2.0611246447790577
MID91,SID91,67,2017-03-08 06:14:00,2.333,32,2.1231605377451332
MID4,SID4,67,2017-03-08 06:14:00,1.167,29,2.286236764081667
MID5,SID5,67,2017-03-08 06:14:00,1.867,31,2.18289503323195
MID6,SID6,67,2017-03-08 06:14:00,1.400,30,2.3594436862237034
MID7,SID7,67,2017-03-08 06:14:00,2.333,33,2.333602143559518
MID1,SID1,67,2017-03-08 06:14:00,1.633,34,2.424683084008021
MID2,SID2,67,2017-03-08 06:14:00,2.333,29,2.350580984024119
MID3,SID3,67,2017-03-08 06:14:00,2.100,25,2.3086535174961225
MID29,SID29,67,2017-03-08 06:14:00,2.100,34,2.1782436453112157
MID28,SID28,67,2017-03-08 06:14:00,1.633,25,2.423996915507403
MID27,SID27,67,2017-03-08 06:14:00,1.400,27,2.2651337995322076
MID26,SID26,67,2017-03-08 06:14:00,1.400,31,2.0474847673380827
MID8,SID8,67,2017-03-08 06:14:00,1.633,26,2.0004883808788803
MID25,SID25,67,2017-03-08 06:14:00,1.167,27,2.289615991831942
MID9,SID9,67,2017-03-08 06:14:00,1.867,34,2.094585356740906
MID24,SID24,67,2017-03-08 06:14:00,1.167,33,2.312893520531164
MID23,SID23,67,2017-03-08 06:14:00,1.867,27,2.153766881349459
MID22,SID22,67,2017-03-08 06:14:00,1.633,27,2.147769194953932
MID21,SID21,67,2017-03-08 06:14:00,1.400,29,2.21431063295857
MID20,SID20,67,2017-03-08 06:14:00,1.633,29,2.012924376498288
MID100,SID100,67,2017-03-08 06:14:00,1.867,26,2.420792220114853
MID79,SID79,67,2017-03-08 06:14:00,1.167,33,2.123648586764502
MID78,SID78,67,2017-03-08 06:14:00,1.867,33,2.10516032059532
MID77,SID77,67,2017-03-08 06:14:00,1.167,30,2.1958572117486597
MID76,SID76,67,2017-03-08 06:14:00,1.400,30,2.471496240346595
MID75,SID75,67,2017-03-08 06:14:00,1.633,27,2.175556549774966
MID74,SID74,67,2017-03-08 06:14:00,1.867,28,2.3672211230524938
MID73,SID73,67,2017-03-08 06:14:00,1.400,26,2.353903254974114
MID72,SID72,67,2017-03-08 06:14:00,2.333,31,2.3872952045572147
MID71,SID71,67,2017-03-08 06:14:00,1.400,32,2.3988990109616806
MID70,SID70,67,2017-03-08 06:14:00,1.400,28,2.3862394872032615
MID90,SID90,67,2017-03-08 06:14:00,1.867,28,2.3738744152136597
MID89,SID89,67,2017-03-08 06:14:00,2.333,28,2.083071505727575
MID88,SID88,67,2017-03-08 06:14:00,1.867,26,2.370385353772691
MID87,SID87,67,2017-03-08 06:14:00,2.100,29,2.429661618998482
MID86,SID86,67,2017-03-08 06:14:00,1.400,27,2.2813202816834846
MID85,SID85,67,2017-03-08 06:14:00,2.333,26,2.143330733957089
MID84,SID84,67,2017-03-08 06:14:00,1.400,31,2.2077099113856673
MID83,SID83,67,2017-03-08 06:14:00,1.400,25,2.4715080417414743
MID82,SID82,67,2017-03-08 06:14:00,2.100,30,2.1442374997910716
MID81,SID81,67,2017-03-08 06:14:00,2.100,28,2.3003102475317587
MID80,SID80,67,2017-03-08 06:14:00,2.100,30,2.091410947509995
MID59,SID59,67,2017-03-08 06:14:00,1.400,33,2.0785931890282785
MID58,SID58,67,2017-03-08 06:14:00,1.400,27,2.4433790453845683
MID57,SID57,67,2017-03-08 06:14:00,2.333,33,2.1963823865573726
MID56,SID56,67,2017-03-08 06:14:00,1.167,32,2.3008921140641507
MID55,SID55,67,2017-03-08 06:14:00,1.867,31,2.29749469130508
MID54,SID54,67,2017-03-08 06:14:00,1.167,30,2.209441364391268
MID53,SID53,67,2017-03-08 06:14:00,1.633,32,2.215528240113258
MID52,SID52,67,2017-03-08 06:14:00,2.333,29,2.4152456115492926
MID51,SID51,67,2017-03-08 06:14:00,2.100,34,2.0058340889273296
MID50,SID50,67,2017-03-08 06:14:00,1.167,28,2.2363116522949986
MID69,SID69,67,2017-03-08 06:14:00,2.333,32,2.3934604476586743
MID68,SID68,67,2017-03-08 06:14:00,1.633,34,2.4896888850568577
MID67,SID67,67,2017-03-08 06:14:00,2.100,33,2.305109676053216
MID66,SID66,67,2017-03-08 06:14:00,1.400,31,2.3571031142082566
MID65,SID65,67,2017-03-08 06:14:00,2.100,27,2.2864728075771814
MID64,SID64,67,2017-03-08 06:14:00,1.867,29,2.1349326741537267
MID63,SID63,67,2017-03-08 06:14:00,1.400,34,2.233660059081592
MID62,SID62,67,2017-03-08 06:14:00,2.333,32,2.4918207078446892
MID61,SID61,67,2017-03-08 06:14:00,2.100,29,2.1203413248961653
MID60,SID60,67,2017-03-08 06:14:00,2.100,26,2.122504896437897
MID39,SID39,67,2017-03-08 06:14:00,1.867,32,2.1119191664236716
MID38,SID38,67,2017-03-08 06:14:00,1.633,25,2.4249792226394504
MID37,SID37,67,2017-03-08 06:14:00,1.867,26,2.1130021181643563
MID36,SID36,67,2017-03-08 06:14:00,2.100,31,2.0952507026788347
MID35,SID35,67,2017-03-08 06:14:00,2.100,30,2.4589112524817813
MID34,SID34,67,2017-03-08 06:14:00,1.167,28,2.4189278492466135
MID33,SID33,67,2017-03-08 06:14:00,2.333,34,2.3762398210074656
MID32,SID32,67,2017-03-08 06:14:00,2.100,29,2.0228657807119736
MID31,SID31,67,2017-03-08 06:14:00,1.167,28,2.4272821268426026
MID30,SID30,67,2017-03-08 06:14:00,1.633,29,2.3360537795515626
MID49,SID49,67,2017-03-08 06:14:00,1.633,26,2.315129722950455
MID48,SID48,67,2017-03-08 06:14:00,2.100,32,2.377762710252624
MID47,SID47,67,2017-03-08 06:14:00,1.633,25,2.007921505907864
MID46,SID46,67,2017-03-08 06:14:00,1.867,25,2.051202282689133
MID45,SID45,67,2017-03-08 06:14:00,1.633,28,2.363126148780331
MID44,SID44,67,2017-03-08 06:14:00,1.167,32,2.024689734579928
MID43,SID43,67,2017-03-08 06:14:00,1.400,30,2.152491564035408
MID42,SID42,67,2017-03-08 06:14:00,2.100,33,2.364038435189647
MID41,SID41,67,2017-03-08 06:14:00,2.100,33,2.2399049747402486
MID40,SID40,67,2017-03-08 06:14:00,2.333,32,2.412504804773684
MID19,SID19,67,2017-03-08 06:14:10,1.889,33,2.492286110532177
MID18,SID18,67,2017-03-08 06:14:10,1.653,30,2.225290635654683
MID17,SID17,67,2017-03-08 06:14:10,1.889,31,2.312412738852898
MID16,SID16,67,2017-03-08 06:14:10,1.653,34,2.2526889209695256
MID15,SID15,67,2017-03-08 06:14:10,1.181,26,2.265204112107561
MID14,SID14,67,2017-03-08 06:14:10,1.889,30,2.478200203810364
MID13,SID13,67,2017-03-08 06:14:10,2.125,29,2.1294478482514063
MID12,SID12,67,2017-03-08 06:14:10,1.889,34,2.189160619050977
MID11,SID11,67,2017-03-08 06:14:10,2.361,33,2.075914307304436
MID99,SID99,67,2017-03-08 06:14:10,1.653,26,2.4169903586085026
MID10,SID10,67,2017-03-08 06:14:10,1.181,26,2.1720214958844655
MID98,SID98,67,2017-03-08 06:14:10,2.125,29,2.0032081174914387
MID97,SID97,67,2017-03-08 06:14:10,1.181,27,2.193776148433695
MID96,SID96,67,2017-03-08 06:14:10,2.125,31,2.4223897488138153
MID95,SID95,67,2017-03-08 06:14:10,2.361,27,2.0042211488349335
MID94,SID94,67,2017-03-08 06:14:10,2.361,33,2.223298058297534
MID93,SID93,67,2017-03-08 06:14:10,2.361,25,2.1480151660927533
MID92,SID92,67,2017-03-08 06:14:10,1.653,30,2.2588680966799695
MID91,SID91,67,2017-03-08 06:14:10,2.361,25,2.2797728228074865
MID4,SID4,67,2017-03-08 06:14:10,1.181,33,2.320478714382855
MID5,SID5,67,2017-03-08 06:14:10,1.889,30,2.3438741587330454
MID6,SID6,67,2017-03-08 06:14:10,1.417,28,2.4720566741396643
MID7,SID7,67,2017-03-08 06:14:10,2.361,32,2.1566635357641495
MID1,SID1,67,2017-03-08 06:14:10,1.653,26,2.0792056886877015
MID2,SID2,67,2017-03-08 06:14:10,2.361,26,2.050764233674264
MID3,SID3,67,2017-03-08 06:14:10,2.125,34,2.2665486300767768
MID29,SID29,67,2017-03-08 06:14:10,2.125,34,2.076565131586519
MID28,SID28,67,2017-03-08 06:14:10,1.653,30,2.07994741697774
MID27,SID27,67,2017-03-08 06:14:10,1.417,31,2.36205212657523
MID26,SID26,67,2017-03-08 06:14:10,1.417,33,2.1709889011354586
MID8,SID8,67,2017-03-08 06:14:10,1.653,33,2.4482520720295313
MID25,SID25,67,2017-03-08 06:14:10,1.181,26,2.0494155474147764
MID9,SID9,67,2017-03-08 06:14:10,1.889,29,2.468728603595928
MID24,SID24,67,2017-03-08 06:14:10,1.181,32,2.3915209509988835
MID23,SID23,67,2017-03-08 06:14:10,1.889,30,2.3076114756571537
MID22,SID22,67,2017-03-08 06:14:10,1.653,30,2.4825909899684024
MID21,SID21,67,2017-03-08 06:14:10,1.417,29,2.4038368231073157
MID20,SID20,67,2017-03-08 06:14:10,1.653,26,2.448327824886659
MID100,SID100,67,2017-03-08 06:14:10,1.889,34,2.1993093125683436
MID79,SID79,67,2017-03-08 06:14:10,1.181,31,2.1111851195060427
MID78,SID78,67,2017-03-08 06:14:10,1.889,34,2.1898719819301733
MID77,SID77,67,2017-03-08 06:14:10,1.181,30,2.3649960103897274
MID76,SID76,67,2017-03-08 06:14:10,1.417,29,2.04275851139299
MID75,SID75,67,2017-03-08 06:14:10,1.653,28,2.0217992950829813
MID74,SID74,67,2017-03-08 06:14:10,1.889,31,2.388180723148019
MID73,SID73,67,2017-03-08 06:14:10,1.417,25,2.1801846249225743
MID72,SID72,67,2017-03-08 06:14:10,2.361,25,2.2987462344282354
MID71,SID71,67,2017-03-08 06:14:10,1.417,30,2.4389317211289017
MID70,SID70,67,2017-03-08 06:14:10,1.417,25,2.2459305573743484
MID90,SID90,67,2017-03-08 06:14:10,1.889,29,2.281459336858308
MID89,SID89,67,2017-03-08 06:14:10,2.361,30,2.01865694997508
MID88,SID88,67,2017-03-08 06:14:10,1.889,29,2.272348163156498
MID87,SID87,67,2017-03-08 06:14:10,2.125,34,2.0193350782232056
MID86,SID86,67,2017-03-08 06:14:10,1.417,34,2.227202679980205
MID85,SID85,67,2017-03-08 06:14:10,2.361,31,2.250239830732594
MID84,SID84,67,2017-03-08 06:14:10,1.417,26,2.180574259234573
MID83,SID83,67,2017-03-08 06:14:10,1.417,26,2.1705335858145127
MID82,SID82,67,2017-03-08 06:14:10,2.125,31,2.0236603328673413
MID81,SID81,67,2017-03-08 06:14:10,2.125,33,2.232934998146936
MID80,SID80,67,2017-03-08 06:14:10,2.125,26,2.319109946539806
MID59,SID59,67,2017-03-08 06:14:10,1.417,32,2.3664844798899645
MID58,SID58,67,2017-03-08 06:14:10,1.417,33,2.1616683231210123
MID57,SID57,67,2017-03-08 06:14:10,2.361,31,2.4427958047503537
MID56,SID56,67,2017-03-08 06:14:10,1.181,33,2.2197768614250184
MID55,SID55,67,2017-03-08 06:14:10,1.889,25,2.1987945462552525
MID54,SID54,67,2017-03-08 06:14:10,1.181,28,2.20081846775024
MID53,SID53,67,2017-03-08 06:14:10,1.653,29,2.281041977076189
MID52,SID52,67,2017-03-08 06:14:10,2.361,34,2.4296848997696747
MID51,SID51,67,2017-03-08 06:14:10,2.125,27,2.3403769004534087
MID50,SID50,67,2017-03-08 06:14:10,1.181,31,2.421955121649056
MID69,SID69,67,2017-03-08 06:14:10,2.361,32,2.0766617557940963
MID68,SID68,67,2017-03-08 06:14:10,1.653,26,2.4087684865761663
MID67,SID67,67,2017-03-08 06:14:10,2.125,32,2.204606889621247
MID66,SID66,67,2017-03-08 06:14:10,1.417,32,2.429477031573557
MID65,SID65,67,2017-03-08 06:14:10,2.125,34,2.23142216126649
MID64,SID64,67,2017-03-08 06:14:10,1.889,31,2.1443777388961536
MID63,SID63,67,2017-03-08 06:14:10,1.417,29,2.4176309948662404
MID62,SID62,67,2017-03-08 06:14:10,2.361,29,2.046613229688627
MID61,SID61,67,2017-03-08 06:14:10,2.125,32,2.3091102637891385
MID60,SID60,67,2017-03-08 06:14:10,2.125,32,2.020458585061364
MID39,SID39,67,2017-03-08 06:14:10,1.889,34,2.2697212010327044
MID38,SID38,67,2017-03-08 06:14:10,1.653,33,2.219997271559727
MID37,SID37,67,2017-03-08 06:14:10,1.889,32,2.289415234736379
MID36,SID36,67,2017-03-08 06:14:10,2.125,34,2.2665369975501664
MID35,SID35,67,2017-03-08 06:14:10,2.125,25,2.092916369580227
MID34,SID34,67,2017-03-08 06:14:10,1.181,27,2.287809710322445
MID33,SID33,67,2017-03-08 06:14:10,2.361,27,2.2412533033617246
MID32,SID32,67,2017-03-08 06:14:10,2.125,31,2.3787420136207644
MID31,SID31,67,2017-03-08 06:14:10,1.181,29,2.1450052503902093
MID30,SID30,67,2017-03-08 06:14:10,1.653,34,2.268620659934574
MID49,SID49,67,2017-03-08 06:14:10,1.653,25,2.111933667592962
MID48,SID48,67,2017-03-08 06:14:10,2.125,29,2.205942392089335
MID47,SID47,67,2017-03-08 06:14:10,1.653,29,2.4748519257989807
MID46,SID46,67,2017-03-08 06:14:10,1.889,32,2.3276032707653407
MID45,SID45,67,2017-03-08 06:14:10,1.653,32,2.4343572428243756
MID44,SID44,67,2017-03-08 06:14:10,1.181,28,2.31379323365129
MID43,SID43,67,2017-03-08 06:14:10,1.417,26,2.1845502656647904
MID42,SID42,67,2017-03-08 06:14:10,2.125,33,2.17277287379707
MID41,SID41,67,2017-03-08 06:14:10,2.125,34,2.0687987583165572
MID40,SID40,67,2017-03-08 06:14:10,2.361,29,2.0787471816595184
MID19,SID19,67,2017-03-08 06:14:20,1.911,28,2.1584817174992197
MID18,SID18,67,2017-03-08 06:14:20,1.672,33,2.0063534489066
MID17,SID17,67,2017-03-08 06:14:20,1.911,30,2.168829617514994
MID16,SID16,67,2017-03-08 06:14:20,1.672,33,2.173135397068916
MID15,SID15,67,2017-03-08 06:14:20,1.194,34,2.135276206018921
MID14,SID14,67,2017-03-08 06:14:20,1.911,32,2.2932990438665724
MID13,SID13,67,2017-03-08 06:14:20,2.150,27,2.2604892614699335
MID12,SID12,67,2017-03-08 06:14:20,1.911,34,2.1599083868925395
MID11,SID11,67,2017-03-08 06:14:20,2.389,30,2.1443195995109585
MID99,SID99,67,2017-03-08 06:14:20,1.672,25,2.2592883902464975
MID10,SID10,67,2017-03-08 06:14:20,1.194,32,2.0020311720606947
MID98,SID98,67,2017-03-08 06:14:20,2.150,29,2.0582154392280785
MID97,SID97,67,2017-03-08 06:14:20,1.194,30,2.0546893519295395
MID96,SID96,67,2017-03-08 06:14:20,2.150,28,2.0071507140854674
MID95,SID95,67,2017-03-08 06:14:20,2.389,33,2.0939907607723702
MID94,SID94,67,2017-03-08 06:14:20,2.389,33,2.040164734201769
MID93,SID93,67,2017-03-08 06:14:20,2.389,30,2.2569364514735937
MID92,SID92,67,2017-03-08 06:14:20,1.672,26,2.1689325652043894
MID91,SID91,67,2017-03-08 06:14:20,2.389,33,2.0602628395611804
MID4,SID4,67,2017-03-08 06:14:20,1.194,33,2.1492385593258407
MID5,SID5,67,2017-03-08 06:14:20,1.911,32,2.18166313952448
MID6,SID6,67,2017-03-08 06:14:20,1.433,30,2.2597378265412282
MID7,SID7,67,2017-03-08 06:14:20,2.389,32,2.3926706417489942
MID1,SID1,67,2017-03-08 06:14:20,1.672,30,2.2950957069968485
MID2,SID2,67,2017-03-08 06:14:20,2.389,26,2.0506694695970307
MID3,SID3,67,2017-03-08 06:14:20,2.150,25,2.455871002813904
MID29,SID29,67,2017-03-08 06:14:20,2.150,26,2.3500572310845236
MID28,SID28,67,2017-03-08 06:14:20,1.672,29,2.3858284402586794
MID27,SID27,67,2017-03-08 06:14:20,1.433,28,2.440473509009422
MID26,SID26,67,2017-03-08 06:14:20,1.433,25,2.001050355378113
MID8,SID8,67,2017-03-08 06:14:20,1.672,31,2.4444094959183147
MID25,SID25,67,2017-03-08 06:14:20,1.194,31,2.032501060157164
MID9,SID9,67,2017-03-08 06:14:20,1.911,25,2.2043164026381032
MID24,SID24,67,2017-03-08 06:14:20,1.194,30,2.1485743662359114
MID23,SID23,67,2017-03-08 06:14:20,1.911,30,2.3326431212269014
MID22,SID22,67,2017-03-08 06:14:20,1.672,30,2.3695909844852903
MID21,SID21,67,2017-03-08 06:14:20,1.433,29,2.237394179953498
MID20,SID20,67,2017-03-08 06:14:20,1.672,34,2.3868662842606376
MID100,SID100,67,2017-03-08 06:14:20,1.911,31,2.4458375057178103
MID79,SID79,67,2017-03-08 06:14:20,1.194,32,2.2540319283164623
MID78,SID78,67,2017-03-08 06:14:20,1.911,26,2.2840323841756125
MID77,SID77,67,2017-03-08 06:14:20,1.194,30,2.15638128401371
MID76,SID76,67,2017-03-08 06:14:20,1.433,32,2.2660724655822446
MID75,SID75,67,2017-03-08 06:14:20,1.672,31,2.0272451265248086
MID74,SID74,67,2017-03-08 06:14:20,1.911,29,2.3481967963415995
MID73,SID73,67,2017-03-08 06:14:20,1.433,31,2.0010771443353867
MID72,SID72,67,2017-03-08 06:14:20,2.389,30,2.125306970044899
MID71,SID71,67,2017-03-08 06:14:20,1.433,26,2.317063234615626
MID70,SID70,67,2017-03-08 06:14:20,1.433,25,2.303747521964763
MID90,SID90,67,2017-03-08 06:14:20,1.911,31,2.3333610016498327
MID89,SID89,67,2017-03-08 06:14:20,2.389,34,2.3806521628860047
MID88,SID88,67,2017-03-08 06:14:20,1.911,29,2.152964315654394
MID87,SID87,67,2017-03-08 06:14:20,2.150,30,2.4636769293803527
MID86,SID86,67,2017-03-08 06:14:20,1.433,34,2.1201502409933437
MID85,SID85,67,2017-03-08 06:14:20,2.389,30,2.366496827482187
MID84,SID84,67,2017-03-08 06:14:20,1.433,30,2.3182297363713684
MID83,SID83,67,2017-03-08 06:14:20,1.433,30,2.31064004410744
MID82,SID82,67,2017-03-08 06:14:20,2.150,27,2.3025742750589613
MID81,SID81,67,2017-03-08 06:14:20,2.150,34,2.4621120793548537
MID80,SID80,67,2017-03-08 06:14:20,2.150,34,2.1755254274497187
MID59,SID59,67,2017-03-08 06:14:20,1.433,25,2.2293856123200424
MID58,SID58,67,2017-03-08 06:14:20,1.433,29,2.376946063647563
MID57,SID57,67,2017-03-08 06:14:20,2.389,31,2.0848949780675397
MID56,SID56,67,2017-03-08 06:14:20,1.194,31,2.4421425933549354
MID55,SID55,67,2017-03-08 06:14:20,1.911,34,2.4094357215962123
MID54,SID54,67,2017-03-08 06:14:20,1.194,29,2.2494522802225543
MID53,SID53,67,2017-03-08 06:14:20,1.672,28,2.3044820570103646
MID52,SID52,67,2017-03-08 06:14:20,2.389,29,2.26416193250097
MID51,SID51,67,2017-03-08 06:14:20,2.150,34,2.3626793521389176
MID50,SID50,67,2017-03-08 06:14:20,1.194,30,2.0861185254320396
MID69,SID69,67,2017-03-08 06:14:20,2.389,32,2.167685909360186
MID68,SID68,67,2017-03-08 06:14:20,1.672,29,2.168511978649761
MID67,SID67,67,2017-03-08 06:14:20,2.150,29,2.327269614224631
MID66,SID66,67,2017-03-08 06:14:20,1.433,34,2.1114869715881577
MID65,SID65,67,2017-03-08 06:14:20,2.150,27,2.081913869199928
MID64,SID64,67,2017-03-08 06:14:20,1.911,29,2.4035622926939966
MID63,SID63,67,2017-03-08 06:14:20,1.433,33,2.381909944677592
MID62,SID62,67,2017-03-08 06:14:20,2.389,28,2.4966347747772324
MID61,SID61,67,2017-03-08 06:14:20,2.150,29,2.0678299135812366
MID60,SID60,67,2017-03-08 06:14:20,2.150,34,2.248719663585841
MID39,SID39,67,2017-03-08 06:14:20,1.911,31,2.3103131258337037
MID38,SID38,67,2017-03-08 06:14:20,1.672,34,2.2470313040911747
MID37,SID37,67,2017-03-08 06:14:20,1.911,26,2.116767272545082
MID36,SID36,67,2017-03-08 06:14:20,2.150,32,2.160347765489872
MID35,SID35,67,2017-03-08 06:14:20,2.150,32,2.2584371023538865
MID34,SID34,67,2017-03-08 06:14:20,1.194,32,2.338451216322984
MID33,SID33,67,2017-03-08 06:14:20,2.389,32,2.128174674843559
MID32,SID32,67,2017-03-08 06:14:20,2.150,30,2.3325549755225126
MID31,SID31,67,2017-03-08 06:14:20,1.194,33,2.2336688861000584
MID30,SID30,67,2017-03-08 06:14:20,1.672,34,2.244774796961916
MID49,SID49,67,2017-03-08 06:14:20,1.672,33,2.0606299722272734
MID48,SID48,67,2017-03-08 06:14:20,2.150,29,2.2492073897351457
MID47,SID47,67,2017-03-08 06:14:20,1.672,28,2.2547147317522547
MID46,SID46,67,2017-03-08 06:14:20,1.911,31,2.084549219858986
MID45,SID45,67,2017-03-08 06:14:20,1.672,30,2.313347254984504
MID44,SID44,67,2017-03-08 06:14:20,1.194,30,2.179954934703459
MID43,SID43,67,2017-03-08 06:14:20,1.433,30,2.0826644554705567
MID42,SID42,67,2017-03-08 06:14:20,2.150,28,2.4471655765867086
MID41,SID41,67,2017-03-08 06:14:20,2.150,32,2.427984911723329
MID40,SID40,67,2017-03-08 06:14:20,2.389,26,2.0239523010056466
MID19,SID19,67,2017-03-08 06:14:30,1.933,29,2.1061215048212274
MID18,SID18,67,2017-03-08 06:14:30,1.692,31,2.136157759854127
MID17,SID17,67,2017-03-08 06:14:30,1.933,33,2.0078176663247946
MID16,SID16,67,2017-03-08 06:14:30,1.692,25,2.4276811012151227
MID15,SID15,67,2017-03-08 06:14:30,1.208,26,2.3452904434131203
MID14,SID14,67,2017-03-08 06:14:30,1.933,31,2.0573244167872975
MID13,SID13,67,2017-03-08 06:14:30,2.175,31,2.114587032764652
MID12,SID12,67,2017-03-08 06:14:30,1.933,29,2.1083407202562
MID11,SID11,67,2017-03-08 06:14:30,2.417,30,2.4079275997211003
MID99,SID99,67,2017-03-08 06:14:30,1.692,31,2.248120085973605
MID10,SID10,67,2017-03-08 06:14:30,1.208,28,2.227596819059436
MID98,SID98,67,2017-03-08 06:14:30,2.175,26,2.290316612466698
MID97,SID97,67,2017-03-08 06:14:30,1.208,25,2.325548831686468
MID96,SID96,67,2017-03-08 06:14:30,2.175,26,2.3407341526752936
MID95,SID95,67,2017-03-08 06:14:30,2.417,27,2.3985007624569232
MID94,SID94,67,2017-03-08 06:14:30,2.417,25,2.129938767886406
MID93,SID93,67,2017-03-08 06:14:30,2.417,30,2.363845372254774
MID92,SID92,67,2017-03-08 06:14:30,1.692,26,2.2033616108131966
MID91,SID91,67,2017-03-08 06:14:30,2.417,34,2.011393076314404
MID4,SID4,67,2017-03-08 06:14:30,1.208,27,2.120552406928535
MID5,SID5,67,2017-03-08 06:14:30,1.933,34,2.1946782121789288
MID6,SID6,67,2017-03-08 06:14:30,1.450,32,2.4871565077049698
MID7,SID7,67,2017-03-08 06:14:30,2.417,30,2.1303257184573208
MID1,SID1,67,2017-03-08 06:14:30,1.692,33,2.2901187962934575
MID2,SID2,67,2017-03-08 06:14:30,2.417,27,2.2246287162845784
MID3,SID3,67,2017-03-08 06:14:30,2.175,26,2.1238786994314918
MID29,SID29,67,2017-03-08 06:14:30,2.175,25,2.310194040213107
MID28,SID28,67,2017-03-08 06:14:30,1.692,26,2.209369246458613
MID27,SID27,67,2017-03-08 06:14:30,1.450,30,2.401895554330715
MID26,SID26,67,2017-03-08 06:14:30,1.450,27,2.127702338321914
MID8,SID8,67,2017-03-08 06:14:30,1.692,34,2.4938485037237723
MID25,SID25,67,2017-03-08 06:14:30,1.208,28,2.029540232580183
MID9,SID9,67,2017-03-08 06:14:30,1.933,25,2.1730072170195744
MID24,SID24,67,2017-03-08 06:14:30,1.208,29,2.296916080808491
MID23,SID23,67,2017-03-08 06:14:30,1.933,34,2.0747719334837096
MID22,SID22,67,2017-03-08 06:14:30,1.692,29,2.0495521582060743
MID21,SID21,67,2017-03-08 06:14:30,1.450,30,2.016622397540652
MID20,SID20,67,2017-03-08 06:14:30,1.692,33,2.1086270015565174
MID100,SID100,67,2017-03-08 06:14:30,1.933,25,2.2157493316226784
MID79,SID79,67,2017-03-08 06:14:30,1.208,32,2.40134181725231
MID78,SID78,67,2017-03-08 06:14:30,1.933,34,2.0762838309852145
MID77,SID77,67,2017-03-08 06:14:30,1.208,25,2.335944353618338
MID76,SID76,67,2017-03-08 06:14:30,1.450,29,2.095343060419278
MID75,SID75,67,2017-03-08 06:14:30,1.692,33,2.084755352286081
MID74,SID74,67,2017-03-08 06:14:30,1.933,25,2.0979171527034715
MID73,SID73,67,2017-03-08 06:14:30,1.450,26,2.4882788110517122
MID72,SID72,67,2017-03-08 06:14:30,2.417,33,2.050928080631576
MID71,SID71,67,2017-03-08 06:14:30,1.450,29,2.089723706338286
MID70,SID70,67,2017-03-08 06:14:30,1.450,27,2.4620023372634954
MID90,SID90,67,2017-03-08 06:14:30,1.933,28,2.1168083281795287
MID89,SID89,67,2017-03-08 06:14:30,2.417,32,2.2884840897716217
MID88,SID88,67,2017-03-08 06:14:30,1.933,27,2.350515160330445
MID87,SID87,67,2017-03-08 06:14:30,2.175,31,2.098493492568369
MID86,SID86,67,2017-03-08 06:14:30,1.450,34,2.119152112957612
MID85,SID85,67,2017-03-08 06:14:30,2.417,26,2.1442239935247245
MID84,SID84,67,2017-03-08 06:14:30,1.450,28,2.069566545729396
MID83,SID83,67,2017-03-08 06:14:30,1.450,27,2.1631932610932987
MID82,SID82,67,2017-03-08 06:14:30,2.175,29,2.4932252819954135
MID81,SID81,67,2017-03-08 06:14:30,2.175,27,2.4303978901216605
MID80,SID80,67,2017-03-08 06:14:30,2.175,30,2.2548634442616953
MID59,SID59,67,2017-03-08 06:14:30,1.450,30,2.1318257268646685
MID58,SID58,67,2017-03-08 06:14:30,1.450,30,2.3038158817451273
MID57,SID57,67,2017-03-08 06:14:30,2.417,31,2.103975768779088
MID56,SID56,67,2017-03-08 06:14:30,1.208,26,2.4198788544358285
MID55,SID55,67,2017-03-08 06:14:30,1.933,34,2.0006123415790578
MID54,SID54,67,2017-03-08 06:14:30,1.208,25,2.071707072194675
MID53,SID53,67,2017-03-08 06:14:30,1.692,31,2.200771890542414
MID52,SID52,67,2017-03-08 06:14:30,2.417,34,2.0922210064513913
MID51,SID51,67,2017-03-08 06:14:30,2.175,27,2.1198433809874317
MID50,SID50,67,2017-03-08 06:14:30,1.208,25,2.310977274477263
MID69,SID69,67,2017-03-08 06:14:30,2.417,34,2.4613504053551556
MID68,SID68,67,2017-03-08 06:14:30,1.692,31,2.3045926449550835
MID67,SID67,67,2017-03-08 06:14:30,2.175,25,2.332675999408613
MID66,SID66,67,2017-03-08 06:14:30,1.450,25,2.3178998008807765
MID65,SID65,67,2017-03-08 06:14:30,2.175,25,2.3808351462459725
MID64,SID64,67,2017-03-08 06:14:30,1.933,27,2.3916976865607724
MID63,SID63,67,2017-03-08 06:14:30,1.450,33,2.238655968178361
MID62,SID62,67,2017-03-08 06:14:30,2.417,31,2.2746558711776594
MID61,SID61,67,2017-03-08 06:14:30,2.175,25,2.2250282140359383
MID60,SID60,67,2017-03-08 06:14:30,2.175,25,2.107136092084919
MID39,SID39,67,2017-03-08 06:14:30,1.933,27,2.145294413526418
MID38,SID38,67,2017-03-08 06:14:30,1.692,33,2.1043984441605144
MID37,SID37,67,2017-03-08 06:14:30,1.933,28,2.2358723726495513
MID36,SID36,67,2017-03-08 06:14:30,2.175,34,2.040020429272208
MID35,SID35,67,2017-03-08 06:14:30,2.175,25,2.450402598839889
MID34,SID34,67,2017-03-08 06:14:30,1.208,27,2.0348069483291487
MID33,SID33,67,2017-03-08 06:14:30,2.417,34,2.1329071267797373
MID32,SID32,67,2017-03-08 06:14:30,2.175,29,2.1942070533481073
MID31,SID31,67,2017-03-08 06:14:30,1.208,26,2.303998637013118
MID30,SID30,67,2017-03-08 06:14:30,1.692,34,2.4320532656481437
MID49,SID49,67,2017-03-08 06:14:30,1.692,27,2.2080145350491533
MID48,SID48,67,2017-03-08 06:14:30,2.175,30,2.442684055569915
MID47,SID47,67,2017-03-08 06:14:30,1.692,31,2.3214181075277147
MID46,SID46,67,2017-03-08 06:14:30,1.933,26,2.089101948171787
MID45,SID45,67,2017-03-08 06:14:30,1.692,34,2.034284886245923
MID44,SID44,67,2017-03-08 06:14:30,1.208,26,2.492429409290266
MID43,SID43,67,2017-03-08 06:14:30,1.450,25,2.2369399666746705
MID42,SID42,67,2017-03-08 06:14:30,2.175,34,2.3049690095613107
MID41,SID41,67,2017-03-08 06:14:30,2.175,34,2.2647637845778203
MID40,SID40,67,2017-03-08 06:14:30,2.417,27,2.0580531525444483
MID19,SID19,67,2017-03-08 06:14:40,1.956,25,2.0867948166377306
MID18,SID18,67,2017-03-08 06:14:40,1.711,29,2.349249400191491
MID17,SID17,67,2017-03-08 06:14:40,1.956,32,2.3817610702225473
MID16,SID16,67,2017-03-08 06:14:40,1.711,32,2.0858332689478596
MID15,SID15,67,2017-03-08 06:14:40,1.222,33,2.2551401786414313
MID14,SID14,67,2017-03-08 06:14:40,1.956,30,2.44071782823076
MID13,SID13,67,2017-03-08 06:14:40,2.200,26,2.0591421880383414
MID12,SID12,67,2017-03-08 06:14:40,1.956,27,2.115759404792694
MID11,SID11,67,2017-03-08 06:14:40,2.444,26,2.302318664517416
MID99,SID99,67,2017-03-08 06:14:40,1.711,32,2.1554021757640904
MID10,SID10,67,2017-03-08 06:14:40,1.222,33,2.189048530344758
MID98,SID98,67,2017-03-08 06:14:40,2.200,28,2.3418180319032746
MID97,SID97,67,2017-03-08 06:14:40,1.222,26,2.0238083780990657
MID96,SID96,67,2017-03-08 06:14:40,2.200,32,2.410856860664563
MID95,SID95,67,2017-03-08 06:14:40,2.444,25,2.4378603009596054
MID94,SID94,67,2017-03-08 06:14:40,2.444,30,2.353199990370718
MID93,SID93,67,2017-03-08 06:14:40,2.444,34,2.1115525266434134
MID92,SID92,67,2017-03-08 06:14:40,1.711,32,2.0646545953211755
MID91,SID91,67,2017-03-08 06:14:40,2.444,33,2.2666225333063648
MID4,SID4,67,2017-03-08 06:14:40,1.222,26,2.4224157109812183
MID5,SID5,67,2017-03-08 06:14:40,1.956,31,2.4505386367648403
MID6,SID6,67,2017-03-08 06:14:40,1.467,29,2.274226189242933
MID7,SID7,67,2017-03-08 06:14:40,2.444,25,2.2098296315374957
MID1,SID1,67,2017-03-08 06:14:40,1.711,31,2.059668210303651
MID2,SID2,67,2017-03-08 06:14:40,2.444,26,2.2680037871755214
MID3,SID3,67,2017-03-08 06:14:40,2.200,33,2.1782409380933734
MID29,SID29,67,2017-03-08 06:14:40,2.200,32,2.3702616246372594
MID28,SID28,67,2017-03-08 06:14:40,1.711,31,2.405553481521065
MID27,SID27,67,2017-03-08 06:14:40,1.467,31,2.037344488040854
MID26,SID26,67,2017-03-08 06:14:40,1.467,27,2.1561172254561756
MID8,SID8,67,2017-03-08 06:14:40,1.711,31,2.0248251480814154
MID25,SID25,67,2017-03-08 06:14:40,1.222,31,2.115256884314931
MID9,SID9,67,2017-03-08 06:14:40,1.956,34,2.2600139771397463
MID24,SID24,67,2017-03-08 06:14:40,1.222,28,2.4758662957528235
MID23,SID23,67,2017-03-08 06:14:40,1.956,26,2.2945899951739785
MID22,SID22,67,2017-03-08 06:14:40,1.711,33,2.102317979838912
MID21,SID21,67,2017-03-08 06:14:40,1.467,32,2.16258766978728
MID20,SID20,67,2017-03-08 06:14:40,1.711,34,2.1231050816681534
MID100,SID100,67,2017-03-08 06:14:40,1.956,32,2.438285641374052
MID79,SID79,67,2017-03-08 06:14:40,1.222,31,2.3416611981279982
MID78,SID78,67,2017-03-08 06:14:40,1.956,32,2.356787965891382
MID77,SID77,67,2017-03-08 06:14:40,1.222,33,2.123421576000813
MID76,SID76,67,2017-03-08 06:14:40,1.467,32,2.13651301365753
MID75,SID75,67,2017-03-08 06:14:40,1.711,31,2.221490949093936
MID74,SID74,67,2017-03-08 06:14:40,1.956,25,2.0310902962978137
MID73,SID73,67,2017-03-08 06:14:40,1.467,28,2.0453123813475456
MID72,SID72,67,2017-03-08 06:14:40,2.444,30,2.461721218443235
MID71,SID71,67,2017-03-08 06:14:40,1.467,31,2.3307196671930632
MID70,SID70,67,2017-03-08 06:14:40,1.467,26,2.038071374562679
MID90,SID90,67,2017-03-08 06:14:40,1.956,26,2.1386892961562936
MID89,SID89,67,2017-03-08 06:14:40,2.444,27,2.0525512598038165
MID88,SID88,67,2017-03-08 06:14:40,1.956,25,2.099351818129007
MID87,SID87,67,2017-03-08 06:14:40,2.200,32,2.237333286440255
MID86,SID86,67,2017-03-08 06:14:40,1.467,27,2.2182619706308424
MID85,SID85,67,2017-03-08 06:14:40,2.444,27,2.18020299692486
MID84,SID84,67,2017-03-08 06:14:40,1.467,34,2.2461505246801443
MID83,SID83,67,2017-03-08 06:14:40,1.467,34,2.3559362479799337
MID82,SID82,67,2017-03-08 06:14:40,2.200,32,2.290421355055779
MID81,SID81,67,2017-03-08 06:14:40,2.200,33,2.3657177646724206
MID80,SID80,67,2017-03-08 06:14:40,2.200,29,2.053060546606561
MID59,SID59,67,2017-03-08 06:14:40,1.467,27,2.307900270759929
MID58,SID58,67,2017-03-08 06:14:40,1.467,27,2.0182820651388806
MID57,SID57,67,2017-03-08 06:14:40,2.444,30,2.3314792678471608
MID56,SID56,67,2017-03-08 06:14:40,1.222,28,2.4621702689585585
MID55,SID55,67,2017-03-08 06:14:40,1.956,27,2.316930941509337
MID54,SID54,67,2017-03-08 06:14:40,1.222,34,2.3294043222492276
MID53,SID53,67,2017-03-08 06:14:40,1.711,26,2.2896351436944746
MID52,SID52,67,2017-03-08 06:14:40,2.444,28,2.2584992247650924
MID51,SID51,67,2017-03-08 06:14:40,2.200,30,2.379585016947659
MID50,SID50,67,2017-03-08 06:14:40,1.222,33,2.2469860264956116
MID69,SID69,67,2017-03-08 06:14:40,2.444,26,2.402432117967969
MID68,SID68,67,2017-03-08 06:14:40,1.711,34,2.2370743741570944
MID67,SID67,67,2017-03-08 06:14:40,2.200,26,2.140295116339642
MID66,SID66,67,2017-03-08 06:14:40,1.467,30,2.1006981871424593
MID65,SID65,67,2017-03-08 06:14:40,2.200,26,2.1277767405639505
MID64,SID64,67,2017-03-08 06:14:40,1.956,25,2.4050446569611186
MID63,SID63,67,2017-03-08 06:14:40,1.467,34,2.056430815214868
MID62,SID62,67,2017-03-08 06:14:40,2.444,30,2.1393270213946627
MID61,SID61,67,2017-03-08 06:14:40,2.200,28,2.146972512135572
MID60,SID60,67,2017-03-08 06:14:40,2.200,28,2.4745171858174935
MID39,SID39,67,2017-03-08 06:14:40,1.956,29,2.2572911592497866
MID38,SID38,67,2017-03-08 06:14:40,1.711,27,2.0898622607037884
MID37,SID37,67,2017-03-08 06:14:40,1.956,34,2.2735605371748315
MID36,SID36,67,2017-03-08 06:14:40,2.200,32,2.326316145100002
MID35,SID35,67,2017-03-08 06:14:40,2.200,33,2.3268458409432573
MID34,SID34,67,2017-03-08 06:14:40,1.222,28,2.0877765287582393
MID33,SID33,67,2017-03-08 06:14:40,2.444,27,2.1753676830168747
MID32,SID32,67,2017-03-08 06:14:40,2.200,27,2.2956237321641666
MID31,SID31,67,2017-03-08 06:14:40,1.222,25,2.4721159565983086
MID30,SID30,67,2017-03-08 06:14:40,1.711,26,2.4915099694026277
MID49,SID49,67,2017-03-08 06:14:40,1.711,31,2.3328509754542823
MID48,SID48,67,2017-03-08 06:14:40,2.200,27,2.059174700314974
MID47,SID47,67,2017-03-08 06:14:40,1.711,33,2.073051746617825
MID46,SID46,67,2017-03-08 06:14:40,1.956,31,2.475924466454949
MID45,SID45,67,2017-03-08 06:14:40,1.711,27,2.254153665260141
MID44,SID44,67,2017-03-08 06:14:40,1.222,28,2.0151808443701564
MID43,SID43,67,2017-03-08 06:14:40,1.467,25,2.4747685292973713
MID42,SID42,67,2017-03-08 06:14:40,2.200,32,2.4013766502067573
MID41,SID41,67,2017-03-08 06:14:40,2.200,33,2.4716031513345342
MID40,SID40,67,2017-03-08 06:14:40,2.444,26,2.414929777932384
MID19,SID19,67,2017-03-08 06:14:50,1.978,29,2.3721393861536257
MID18,SID18,67,2017-03-08 06:14:50,1.731,30,2.3736788365892716
MID17,SID17,67,2017-03-08 06:14:50,1.978,30,2.376885508910647
MID16,SID16,67,2017-03-08 06:14:50,1.731,34,2.318292737785079
MID15,SID15,67,2017-03-08 06:14:50,1.236,29,2.1815256995745473
MID14,SID14,67,2017-03-08 06:14:50,1.978,27,2.2658574454045373
MID13,SID13,67,2017-03-08 06:14:50,2.225,29,2.092331565392274
MID12,SID12,67,2017-03-08 06:14:50,1.978,33,2.2314212551509907
MID11,SID11,67,2017-03-08 06:14:50,2.472,30,2.0027671743577993
MID99,SID99,67,2017-03-08 06:14:50,1.731,29,2.271279946573996
MID10,SID10,67,2017-03-08 06:14:50,1.236,32,2.431081352829326
MID98,SID98,67,2017-03-08 06:14:50,2.225,26,2.262288835929686
MID97,SID97,67,2017-03-08 06:14:50,1.236,34,2.486804118125991
MID96,SID96,67,2017-03-08 06:14:50,2.225,31,2.2185707942622925
MID95,SID95,67,2017-03-08 06:14:50,2.472,32,2.492851259624907
MID94,SID94,67,2017-03-08 06:14:50,2.472,26,2.321533600527877
MID93,SID93,67,2017-03-08 06:14:50,2.472,29,2.2193962573819213
MID92,SID92,67,2017-03-08 06:14:50,1.731,25,2.2816598064719806
MID91,SID91,67,2017-03-08 06:14:50,2.472,25,2.04483152548808
MID4,SID4,67,2017-03-08 06:14:50,1.236,33,2.312003980669876
MID5,SID5,67,2017-03-08 06:14:50,1.978,31,2.0360657455193873
MID6,SID6,67,2017-03-08 06:14:50,1.483,33,2.4170367112199798
MID7,SID7,67,2017-03-08 06:14:50,2.472,25,2.341887125309913
MID1,SID1,67,2017-03-08 06:14:50,1.731,28,2.0452994725568985
MID2,SID2,67,2017-03-08 06:14:50,2.472,27,2.406870446126764
MID3,SID3,67,2017-03-08 06:14:50,2.225,33,2.42907132930931
MID29,SID29,67,2017-03-08 06:14:50,2.225,33,2.389980161960453
MID28,SID28,67,2017-03-08 06:14:50,1.731,25,2.2792119483659183
MID27,SID27,67,2017-03-08 06:14:50,1.483,33,2.4126836689358697
MID26,SID26,67,2017-03-08 06:14:50,1.483,32,2.435503875291463
MID8,SID8,67,2017-03-08 06:14:50,1.731,25,2.0766448774360184
MID25,SID25,67,2017-03-08 06:14:50,1.236,33,2.387850802418844
MID9,SID9,67,2017-03-08 06:14:50,1.978,34,2.185692474827148
MID24,SID24,67,2017-03-08 06:14:50,1.236,28,2.260408192899204
MID23,SID23,67,2017-03-08 06:14:50,1.978,27,2.160034990256505
MID22,SID22,67,2017-03-08 06:14:50,1.731,29,2.141139747051489
MID21,SID21,67,2017-03-08 06:14:50,1.483,26,2.1653963060839994
MID20,SID20,67,2017-03-08 06:14:50,1.731,32,2.304057086700017
MID100,SID100,67,2017-03-08 06:14:50,1.978,28,2.318467929774118
MID79,SID79,67,2017-03-08 06:14:50,1.236,34,2.166878908212617
MID78,SID78,67,2017-03-08 06:14:50,1.978,33,2.2205087127569056
MID77,SID77,67,2017-03-08 06:14:50,1.236,30,2.1520263200747234
MID76,SID76,67,2017-03-08 06:14:50,1.483,28,2.071490678699903
MID75,SID75,67,2017-03-08 06:14:50,1.731,28,2.3888799504518325
MID74,SID74,67,2017-03-08 06:14:50,1.978,33,2.347790382217626
MID73,SID73,67,2017-03-08 06:14:50,1.483,34,2.2338583537765655
MID72,SID72,67,2017-03-08 06:14:50,2.472,30,2.202902700244522
MID71,SID71,67,2017-03-08 06:14:50,1.483,29,2.0558949322047972
MID70,SID70,67,2017-03-08 06:14:50,1.483,29,2.4779886754688154
MID90,SID90,67,2017-03-08 06:14:50,1.978,25,2.333213432420144
MID89,SID89,67,2017-03-08 06:14:50,2.472,32,2.3292200376879024
MID88,SID88,67,2017-03-08 06:14:50,1.978,29,2.479910818841464
MID87,SID87,67,2017-03-08 06:14:50,2.225,31,2.2168801208485776
MID86,SID86,67,2017-03-08 06:14:50,1.483,31,2.2597513283786905
MID85,SID85,67,2017-03-08 06:14:50,2.472,27,2.2616605728312935
MID84,SID84,67,2017-03-08 06:14:50,1.483,31,2.047336757454377
MID83,SID83,67,2017-03-08 06:14:50,1.483,28,2.1012997265254874
MID82,SID82,67,2017-03-08 06:14:50,2.225,34,2.2257293048112365
MID81,SID81,67,2017-03-08 06:14:50,2.225,27,2.275374086673752
MID80,SID80,67,2017-03-08 06:14:50,2.225,33,2.281025205021093
MID59,SID59,67,2017-03-08 06:14:50,1.483,28,2.0377827965667934
MID58,SID58,67,2017-03-08 06:14:50,1.483,32,2.077572662138181
MID57,SID57,67,2017-03-08 06:14:50,2.472,32,2.180009056807674
MID56,SID56,67,2017-03-08 06:14:50,1.236,31,2.0579987655884073
MID55,SID55,67,2017-03-08 06:14:50,1.978,31,2.2081502597277156
MID54,SID54,67,2017-03-08 06:14:50,1.236,25,2.431636955750605
MID53,SID53,67,2017-03-08 06:14:50,1.731,32,2.106895350826854
MID52,SID52,67,2017-03-08 06:14:50,2.472,30,2.0428127729713426
MID51,SID51,67,2017-03-08 06:14:50,2.225,33,2.344296012619491
MID50,SID50,67,2017-03-08 06:14:50,1.236,30,2.443809557226682
MID69,SID69,67,2017-03-08 06:14:50,2.472,27,2.2544975175280415
MID68,SID68,67,2017-03-08 06:14:50,1.731,32,2.269338663191527
MID67,SID67,67,2017-03-08 06:14:50,2.225,28,2.4268374455219783
MID66,SID66,67,2017-03-08 06:14:50,1.483,31,2.0179033822711125
MID65,SID65,67,2017-03-08 06:14:50,2.225,26,2.2640211152569902
MID64,SID64,67,2017-03-08 06:14:50,1.978,29,2.248832252119518
MID63,SID63,67,2017-03-08 06:14:50,1.483,26,2.322644713242254
MID62,SID62,67,2017-03-08 06:14:50,2.472,29,2.3066687340881025
MID61,SID61,67,2017-03-08 06:14:50,2.225,34,2.2783576746909677
MID60,SID60,67,2017-03-08 06:14:50,2.225,32,2.3906774279789396
MID39,SID39,67,2017-03-08 06:14:50,1.978,34,2.3382264457654918
MID38,SID38,67,2017-03-08 06:14:50,1.731,26,2.3665007319813745
MID37,SID37,67,2017-03-08 06:14:50,1.978,30,2.2141248890582648
MID36,SID36,67,2017-03-08 06:14:50,2.225,27,2.195365966709126
MID35,SID35,67,2017-03-08 06:14:50,2.225,33,2.107143498913642
MID34,SID34,67,2017-03-08 06:14:50,1.236,28,2.110850474245789
MID33,SID33,67,2017-03-08 06:14:50,2.472,31,2.0133245109740368
MID32,SID32,67,2017-03-08 06:14:50,2.225,33,2.1056297695087336
MID31,SID31,67,2017-03-08 06:14:50,1.236,33,2.421332360910742
MID30,SID30,67,2017-03-08 06:14:50,1.731,26,2.0773387048509244
MID49,SID49,67,2017-03-08 06:14:50,1.731,34,2.4838437800953814
MID48,SID48,67,2017-03-08 06:14:50,2.225,31,2.248461216363015
MID47,SID47,67,2017-03-08 06:14:50,1.731,34,2.118112169112685
MID46,SID46,67,2017-03-08 06:14:50,1.978,28,2.3627850319251493
MID45,SID45,67,2017-03-08 06:14:50,1.731,34,2.076107981611074
MID44,SID44,67,2017-03-08 06:14:50,1.236,25,2.4855249548184344
MID43,SID43,67,2017-03-08 06:14:50,1.483,31,2.1128050780239427
MID42,SID42,67,2017-03-08 06:14:50,2.225,26,2.191317884424559
MID41,SID41,67,2017-03-08 06:14:50,2.225,27,2.3402552292092293
MID40,SID40,67,2017-03-08 06:14:50,2.472,26,2.41933284970439
MID19,SID19,67,2017-03-08 06:15:00,2.000,32,2.127291962799152
MID18,SID18,67,2017-03-08 06:15:00,1.750,30,2.0233127788385867
MID17,SID17,67,2017-03-08 06:15:00,2.000,28,2.2352694598256493
MID16,SID16,67,2017-03-08 06:15:00,1.750,30,2.2526916922009828
MID15,SID15,67,2017-03-08 06:15:00,1.250,32,2.396608457086862
MID14,SID14,67,2017-03-08 06:15:00,2.000,29,2.3100094925520303
MID13,SID13,67,2017-03-08 06:15:00,2.250,26,2.447297215721002
MID12,SID12,67,2017-03-08 06:15:00,2.000,27,2.440410540340991
MID11,SID11,67,2017-03-08 06:15:00,2.500,32,2.470067363323958
MID99,SID99,67,2017-03-08 06:15:00,1.750,33,2.099561458704375
MID10,SID10,67,2017-03-08 06:15:00,1.250,34,2.4878410566289104
MID98,SID98,67,2017-03-08 06:15:00,2.250,31,2.1540107588076793
MID97,SID97,67,2017-03-08 06:15:00,1.250,27,2.4196618984084157
MID96,SID96,67,2017-03-08 06:15:00,2.250,33,2.1378036817792174
MID95,SID95,67,2017-03-08 06:15:00,2.500,25,2.153313039018547
MID94,SID94,67,2017-03-08 06:15:00,2.500,28,2.246431041937608
MID93,SID93,67,2017-03-08 06:15:00,2.500,25,2.1562604927206985
MID92,SID92,67,2017-03-08 06:15:00,1.750,32,2.2163544319378667
MID91,SID91,67,2017-03-08 06:15:00,2.500,33,2.4835984126420554
MID4,SID4,67,2017-03-08 06:15:00,1.250,27,2.4159674053114606
MID5,SID5,67,2017-03-08 06:15:00,2.000,29,2.1715979510216967
MID6,SID6,67,2017-03-08 06:15:00,1.500,34,2.3532229708378614
MID7,SID7,67,2017-03-08 06:15:00,2.500,27,2.107518262822351
MID1,SID1,67,2017-03-08 06:15:00,1.750,26,2.3354951754916415
MID2,SID2,67,2017-03-08 06:15:00,2.500,31,2.19312436906316
MID3,SID3,67,2017-03-08 06:15:00,2.250,27,2.2134627269587686
MID29,SID29,67,2017-03-08 06:15:00,2.250,33,2.343920036015003
MID28,SID28,67,2017-03-08 06:15:00,1.750,29,2.4909600098793248
MID27,SID27,67,2017-03-08 06:15:00,1.500,33,2.193831377530243
MID26,SID26,67,2017-03-08 06:15:00,1.500,26,2.493715342191432
MID8,SID8,67,2017-03-08 06:15:00,1.750,27,2.3220266103507026
MID25,SID25,67,2017-03-08 06:15:00,1.250,27,2.255306823623595
MID9,SID9,67,2017-03-08 06:15:00,2.000,34,2.4119625552475195
MID24,SID24,67,2017-03-08 06:15:00,1.250,26,2.414173206403036
MID23,SID23,67,2017-03-08 06:15:00,2.000,29,2.1614871579101522
MID22,SID22,67,2017-03-08 06:15:00,1.750,31,2.3367240024137272
MID21,SID21,67,2017-03-08 06:15:00,1.500,33,2.037494963284943
MID20,SID20,67,2017-03-08 06:15:00,1.750,33,2.047810604956594
MID100,SID100,67,2017-03-08 06:15:00,2.000,28,2.4813548317305525
MID79,SID79,67,2017-03-08 06:15:00,1.250,28,2.2382836368391006
MID78,SID78,67,2017-03-08 06:15:00,2.000,28,2.3002976627538203
MID77,SID77,67,2017-03-08 06:15:00,1.250,32,2.065327728671928
MID76,SID76,67,2017-03-08 06:15:00,1.500,32,2.4774454420648135
MID75,SID75,67,2017-03-08 06:15:00,1.750,33,2.0413351879020496
MID74,SID74,67,2017-03-08 06:15:00,2.000,25,2.473908310397061
MID73,SID73,67,2017-03-08 06:15:00,1.500,33,2.301468049931625
MID72,SID72,67,2017-03-08 06:15:00,2.500,30,2.103545407283018
MID71,SID71,67,2017-03-08 06:15:00,1.500,34,2.0730817696617354
MID70,SID70,67,2017-03-08 06:15:00,1.500,30,2.11410836199233
MID90,SID90,67,2017-03-08 06:15:00,2.000,26,2.0951737268302786
MID89,SID89,67,2017-03-08 06:15:00,2.500,30,2.457257226189192
MID88,SID88,67,2017-03-08 06:15:00,2.000,27,2.3271129808375606
MID87,SID87,67,2017-03-08 06:15:00,2.250,33,2.060499932937057
MID86,SID86,67,2017-03-08 06:15:00,1.500,29,2.4137462695372016
MID85,SID85,67,2017-03-08 06:15:00,2.500,27,2.006101293438976
MID84,SID84,67,2017-03-08 06:15:00,1.500,26,2.1692796986880305
MID83,SID83,67,2017-03-08 06:15:00,1.500,27,2.0726612586992847
MID82,SID82,67,2017-03-08 06:15:00,2.250,26,2.2394171055527563
MID81,SID81,67,2017-03-08 06:15:00,2.250,27,2.119381107094707
MID80,SID80,67,2017-03-08 06:15:00,2.250,29,2.0586278741315427
MID59,SID59,67,2017-03-08 06:15:00,1.500,27,2.4698384874496644
MID58,SID58,67,2017-03-08 06:15:00,1.500,30,2.3352603481348817
MID57,SID57,67,2017-03-08 06:15:00,2.500,32,2.2375183435563724
MID56,SID56,67,2017-03-08 06:15:00,1.250,30,2.164955608929373
MID55,SID55,67,2017-03-08 06:15:00,2.000,32,2.4333194164807486
MID54,SID54,67,2017-03-08 06:15:00,1.250,34,2.4170845270879413
MID53,SID53,67,2017-03-08 06:15:00,1.750,33,2.08184208099243
MID52,SID52,67,2017-03-08 06:15:00,2.500,34,2.244144903173152
MID51,SID51,67,2017-03-08 06:15:00,2.250,32,2.235801119721623
MID50,SID50,67,2017-03-08 06:15:00,1.250,27,2.45446524038297
MID69,SID69,67,2017-03-08 06:15:00,2.500,30,2.2709042584599572
MID68,SID68,67,2017-03-08 06:15:00,1.750,31,2.4222558645452725
MID67,SID67,67,2017-03-08 06:15:00,2.250,27,2.1286941907412755
MID66,SID66,67,2017-03-08 06:15:00,1.500,25,2.1536143295119636
MID65,SID65,67,2017-03-08 06:15:00,2.250,27,2.1858065135473472
MID64,SID64,67,2017-03-08 06:15:00,2.000,26,2.460206495458971
MID63,SID63,67,2017-03-08 06:15:00,1.500,29,2.4643852227621754
MID62,SID62,67,2017-03-08 06:15:00,2.500,30,2.085116212005303
MID61,SID61,67,2017-03-08 06:15:00,2.250,30,2.3825536317657074
MID60,SID60,67,2017-03-08 06:15:00,2.250,25,2.382627203654415
MID39,SID39,67,2017-03-08 06:15:00,2.000,31,2.285545588991846
MID38,SID38,67,2017-03-08 06:15:00,1.750,26,2.220925953568295
MID37,SID37,67,2017-03-08 06:15:00,2.000,28,2.480478057881497
MID36,SID36,67,2017-03-08 06:15:00,2.250,31,2.013890679064772
MID35,SID35,67,2017-03-08 06:15:00,2.250,31,2.0765305385989934
MID34,SID34,67,2017-03-08 06:15:00,1.250,30,2.0824794195845726
MID33,SID33,67,2017-03-08 06:15:00,2.500,31,2.0360412323406174
MID32,SID32,67,2017-03-08 06:15:00,2.250,31,2.3683203836851168
MID31,SID31,67,2017-03-08 06:15:00,1.250,32,2.4088966070491704
MID30,SID30,67,2017-03-08 06:15:00,1.750,30,2.35830780532356
MID49,SID49,67,2017-03-08 06:15:00,1.750,34,2.4813815688598893
MID48,SID48,67,2017-03-08 06:15:00,2.250,25,2.0913560293096007
MID47,SID47,67,2017-03-08 06:15:00,1.750,30,2.3144232322705633
MID46,SID46,67,2017-03-08 06:15:00,2.000,33,2.1694963538351653
MID45,SID45,67,2017-03-08 06:15:00,1.750,33,2.21895042065752
MID44,SID44,67,2017-03-08 06:15:00,1.250,30,2.343131111776743
MID43,SID43,67,2017-03-08 06:15:00,1.500,30,2.165482012402449
MID42,SID42,67,2017-03-08 06:15:00,2.250,33,2.237029444365305
MID41,SID41,67,2017-03-08 06:15:00,2.250,30,2.1207537925203646
MID40,SID40,67,2017-03-08 06:15:00,2.500,32,2.4671585236159963
MID19,SID19,67,2017-03-08 06:15:10,2.022,29,2.034942068044681
MID18,SID18,67,2017-03-08 06:15:10,1.769,30,2.4433764270141505
MID17,SID17,67,2017-03-08 06:15:10,2.022,33,2.2556683979135057
MID16,SID16,67,2017-03-08 06:15:10,1.769,31,2.4636699803489135
MID15,SID15,67,2017-03-08 06:15:10,1.264,30,2.3888583191811095
MID14,SID14,67,2017-03-08 06:15:10,2.022,34,2.0285377085579714
MID13,SID13,67,2017-03-08 06:15:10,2.275,30,2.2005672946365173
MID12,SID12,67,2017-03-08 06:15:10,2.022,27,2.1004510885682848
MID11,SID11,67,2017-03-08 06:15:10,2.528,25,2.1298592035507116
MID99,SID99,67,2017-03-08 06:15:10,1.769,31,2.4826562744944667
MID10,SID10,67,2017-03-08 06:15:10,1.264,32,2.1847157519243883
MID98,SID98,67,2017-03-08 06:15:10,2.275,33,2.3424861079795454
MID97,SID97,67,2017-03-08 06:15:10,1.264,33,2.350439851714537
MID96,SID96,67,2017-03-08 06:15:10,2.275,34,2.4655009564050765
MID95,SID95,67,2017-03-08 06:15:10,2.528,34,2.4312185867955955
MID94,SID94,67,2017-03-08 06:15:10,2.528,33,2.185523203860423
MID93,SID93,67,2017-03-08 06:15:10,2.528,27,2.196562060671414
MID92,SID92,67,2017-03-08 06:15:10,1.769,25,2.0565108124023945
MID91,SID91,67,2017-03-08 06:15:10,2.528,29,2.2143759183460903
MID4,SID4,67,2017-03-08 06:15:10,1.264,32,2.093133130770636
MID5,SID5,67,2017-03-08 06:15:10,2.022,30,2.070859476196827
MID6,SID6,67,2017-03-08 06:15:10,1.517,29,2.278250093400489
MID7,SID7,67,2017-03-08 06:15:10,2.528,31,2.1971370733148445
MID1,SID1,67,2017-03-08 06:15:10,1.769,32,2.2742130274738233
MID2,SID2,67,2017-03-08 06:15:10,2.528,25,2.37205599469398
MID3,SID3,67,2017-03-08 06:15:10,2.275,25,2.0950824160333323
MID29,SID29,67,2017-03-08 06:15:10,2.275,30,2.1019169543948335
MID28,SID28,67,2017-03-08 06:15:10,1.769,26,2.1571604314333896
MID27,SID27,67,2017-03-08 06:15:10,1.517,26,2.34284025736732
MID26,SID26,67,2017-03-08 06:15:10,1.517,27,2.072143231118365
MID8,SID8,67,2017-03-08 06:15:10,1.769,30,2.0422244308939543
MID25,SID25,67,2017-03-08 06:15:10,1.264,27,2.480237666092475
MID9,SID9,67,2017-03-08 06:15:10,2.022,29,2.1519970085262177
MID24,SID24,67,2017-03-08 06:15:10,1.264,33,2.419778867066076
MID23,SID23,67,2017-03-08 06:15:10,2.022,27,2.312827849386594
MID22,SID22,67,2017-03-08 06:15:10,1.769,30,2.130546122753043
MID21,SID21,67,2017-03-08 06:15:10,1.517,28,2.3628838363919056
MID20,SID20,67,2017-03-08 06:15:10,1.769,33,2.4391192144219778
MID100,SID100,67,2017-03-08 06:15:10,2.022,25,2.1312511485745462
MID79,SID79,67,2017-03-08 06:15:10,1.264,34,2.0210557170400554
MID78,SID78,67,2017-03-08 06:15:10,2.022,31,2.4106713682608043
MID77,SID77,67,2017-03-08 06:15:10,1.264,29,2.295456033622769
MID76,SID76,67,2017-03-08 06:15:10,1.517,33,2.3993986487646843
MID75,SID75,67,2017-03-08 06:15:10,1.769,31,2.21881309406229
MID74,SID74,67,2017-03-08 06:15:10,2.022,27,2.4971717545144427
MID73,SID73,67,2017-03-08 06:15:10,1.517,31,2.247192476796461
MID72,SID72,67,2017-03-08 06:15:10,2.528,25,2.0600820076384823
MID71,SID71,67,2017-03-08 06:15:10,1.517,28,2.27786356081881
MID70,SID70,67,2017-03-08 06:15:10,1.517,34,2.4298258497434944
MID90,SID90,67,2017-03-08 06:15:10,2.022,30,2.0677982228250977
MID89,SID89,67,2017-03-08 06:15:10,2.528,31,2.1219997807402664
MID88,SID88,67,2017-03-08 06:15:10,2.022,25,2.049639068249629
MID87,SID87,67,2017-03-08 06:15:10,2.275,32,2.4509192846758268
MID86,SID86,67,2017-03-08 06:15:10,1.517,31,2.462446105136562
MID85,SID85,67,2017-03-08 06:15:10,2.528,26,2.1810192197562506
MID84,SID84,67,2017-03-08 06:15:10,1.517,32,2.2139274543333256
MID83,SID83,67,2017-03-08 06:15:10,1.517,32,2.4604076488748765
MID82,SID82,67,2017-03-08 06:15:10,2.275,28,2.272819975042101
MID81,SID81,67,2017-03-08 06:15:10,2.275,34,2.304567351122553
MID80,SID80,67,2017-03-08 06:15:10,2.275,32,2.1911405246127615
MID59,SID59,67,2017-03-08 06:15:10,1.517,28,2.057062003613817
MID58,SID58,67,2017-03-08 06:15:10,1.517,25,2.0958011857330425
MID57,SID57,67,2017-03-08 06:15:10,2.528,25,2.371871107406168
MID56,SID56,67,2017-03-08 06:15:10,1.264,31,2.055412967860997
MID55,SID55,67,2017-03-08 06:15:10,2.022,33,2.2988131624881514
MID54,SID54,67,2017-03-08 06:15:10,1.264,32,2.278251562755684
MID53,SID53,67,2017-03-08 06:15:10,1.769,33,2.427872933384568
MID52,SID52,67,2017-03-08 06:15:10,2.528,34,2.2780761022615685
MID51,SID51,67,2017-03-08 06:15:10,2.275,28,2.250200442493312
MID50,SID50,67,2017-03-08 06:15:10,1.264,33,2.3136527967411062
MID69,SID69,67,2017-03-08 06:15:10,2.528,26,2.465178687424396
MID68,SID68,67,2017-03-08 06:15:10,1.769,25,2.1322663107711435
MID67,SID67,67,2017-03-08 06:15:10,2.275,29,2.093368722677618
MID66,SID66,67,2017-03-08 06:15:10,1.517,25,2.4545013623862775
MID65,SID65,67,2017-03-08 06:15:10,2.275,30,2.1699896012627535
MID64,SID64,67,2017-03-08 06:15:10,2.022,25,2.219842121468111
MID63,SID63,67,2017-03-08 06:15:10,1.517,34,2.4456091650587948
MID62,SID62,67,2017-03-08 06:15:10,2.528,30,2.454358301962454
MID61,SID61,67,2017-03-08 06:15:10,2.275,29,2.4125138714364356
MID60,SID60,67,2017-03-08 06:15:10,2.275,27,2.0866023050223763
MID39,SID39,67,2017-03-08 06:15:10,2.022,32,2.416237193208508
MID38,SID38,67,2017-03-08 06:15:10,1.769,25,2.0921896659464343
MID37,SID37,67,2017-03-08 06:15:10,2.022,28,2.0996157444322905
MID36,SID36,67,2017-03-08 06:15:10,2.275,25,2.306236423336957
MID35,SID35,67,2017-03-08 06:15:10,2.275,26,2.3503710922950085
MID34,SID34,67,2017-03-08 06:15:10,1.264,32,2.154486689184494
MID33,SID33,67,2017-03-08 06:15:10,2.528,28,2.198355386756933
MID32,SID32,67,2017-03-08 06:15:10,2.275,30,2.2481155462895774
MID31,SID31,67,2017-03-08 06:15:10,1.264,25,2.2444799074665895
MID30,SID30,67,2017-03-08 06:15:10,1.769,27,2.426247284029513
MID49,SID49,67,2017-03-08 06:15:10,1.769,27,2.012503512689063
MID48,SID48,67,2017-03-08 06:15:10,2.275,30,2.2189677586068206
MID47,SID47,67,2017-03-08 06:15:10,1.769,26,2.2710039837325313
MID46,SID46,67,2017-03-08 06:15:10,2.022,33,2.2744992311528076
MID45,SID45,67,2017-03-08 06:15:10,1.769,31,2.2914348649019
MID44,SID44,67,2017-03-08 06:15:10,1.264,30,2.0781253807638187
MID43,SID43,67,2017-03-08 06:15:10,1.517,28,2.4539242824772827
MID42,SID42,67,2017-03-08 06:15:10,2.275,31,2.1012328353552356
MID41,SID41,67,2017-03-08 06:15:10,2.275,27,2.472405441853549
MID40,SID40,67,2017-03-08 06:15:10,2.528,31,2.4129790913583844
MID19,SID19,67,2017-03-08 06:15:20,2.044,27,2.2407928033553848
MID18,SID18,67,2017-03-08 06:15:20,1.789,32,2.2590047440063863
MID17,SID17,67,2017-03-08 06:15:20,2.044,34,2.1141943079774066
MID16,SID16,67,2017-03-08 06:15:20,1.789,34,2.2628489211186964
MID15,SID15,67,2017-03-08 06:15:20,1.278,27,2.165852827444866
MID14,SID14,67,2017-03-08 06:15:20,2.044,25,2.0601118236540086
MID13,SID13,67,2017-03-08 06:15:20,2.300,31,2.0906251233041226
MID12,SID12,67,2017-03-08 06:15:20,2.044,28,2.2002424096390514
MID11,SID11,67,2017-03-08 06:15:20,2.556,25,2.0977443910369593
MID99,SID99,67,2017-03-08 06:15:20,1.789,25,2.095082305684003
MID10,SID10,67,2017-03-08 06:15:20,1.278,30,2.435702010912956
MID98,SID98,67,2017-03-08 06:15:20,2.300,34,2.2592146957698973
MID97,SID97,67,2017-03-08 06:15:20,1.278,29,2.412963924167358
MID96,SID96,67,2017-03-08 06:15:20,2.300,34,2.3594703616892283
MID95,SID95,67,2017-03-08 06:15:20,2.556,28,2.176304400241025
MID94,SID94,67,2017-03-08 06:15:20,2.556,30,2.319426816189146
MID93,SID93,67,2017-03-08 06:15:20,2.556,29,2.1350079461147238
MID92,SID92,67,2017-03-08 06:15:20,1.789,31,2.1820675681958317
MID91,SID91,67,2017-03-08 06:15:20,2.556,31,2.2289045749199197
MID4,SID4,67,2017-03-08 06:15:20,1.278,26,2.0938965059483516
MID5,SID5,67,2017-03-08 06:15:20,2.044,27,2.424519950889741
MID6,SID6,67,2017-03-08 06:15:20,1.533,34,2.323356677011044
MID7,SID7,67,2017-03-08 06:15:20,2.556,25,2.0557681029862227
MID1,SID1,67,2017-03-08 06:15:20,1.789,28,2.1619247953211325
MID2,SID2,67,2017-03-08 06:15:20,2.556,32,2.2675452310391893
MID3,SID3,67,2017-03-08 06:15:20,2.300,26,2.1277164202597696
MID29,SID29,67,2017-03-08 06:15:20,2.300,32,2.20693504976964
MID28,SID28,67,2017-03-08 06:15:20,1.789,31,2.1337081211185955
MID27,SID27,67,2017-03-08 06:15:20,1.533,31,2.3197037505226463
MID26,SID26,67,2017-03-08 06:15:20,1.533,26,2.1975147574206106
MID8,SID8,67,2017-03-08 06:15:20,1.789,32,2.473556357083499
MID25,SID25,67,2017-03-08 06:15:20,1.278,26,2.3109996124206673
MID9,SID9,67,2017-03-08 06:15:20,2.044,34,2.267302660828154
MID24,SID24,67,2017-03-08 06:15:20,1.278,28,2.134064224495768
MID23,SID23,67,2017-03-08 06:15:20,2.044,26,2.425799409001237
MID22,SID22,67,2017-03-08 06:15:20,1.789,25,2.2091331338298037
MID21,SID21,67,2017-03-08 06:15:20,1.533,27,2.1669048292516737
MID20,SID20,67,2017-03-08 06:15:20,1.789,31,2.383906383362244
MID100,SID100,67,2017-03-08 06:15:20,2.044,31,2.4233246048803183
MID79,SID79,67,2017-03-08 06:15:20,1.278,31,2.1314705425812885
MID78,SID78,67,2017-03-08 06:15:20,2.044,32,2.0210995605275466
MID77,SID77,67,2017-03-08 06:15:20,1.278,33,2.03249092544368
MID76,SID76,67,2017-03-08 06:15:20,1.533,28,2.2477696885629266
MID75,SID75,67,2017-03-08 06:15:20,1.789,31,2.0122732750300454
MID74,SID74,67,2017-03-08 06:15:20,2.044,25,2.464133696223628
MID73,SID73,67,2017-03-08 06:15:20,1.533,28,2.0358623093578463
MID72,SID72,67,2017-03-08 06:15:20,2.556,33,2.3675943571097227
MID71,SID71,67,2017-03-08 06:15:20,1.533,32,2.431062318164567
MID70,SID70,67,2017-03-08 06:15:20,1.533,25,2.1418870275420443
MID90,SID90,67,2017-03-08 06:15:20,2.044,29,2.0705621870926296
MID89,SID89,67,2017-03-08 06:15:20,2.556,32,2.247548767780379
MID88,SID88,67,2017-03-08 06:15:20,2.044,28,2.177369581486101
MID87,SID87,67,2017-03-08 06:15:20,2.300,27,2.4163061957464107
MID86,SID86,67,2017-03-08 06:15:20,1.533,28,2.288629340250797
MID85,SID85,67,2017-03-08 06:15:20,2.556,31,2.4376412800871186
MID84,SID84,67,2017-03-08 06:15:20,1.533,31,2.0758960780838067
MID83,SID83,67,2017-03-08 06:15:20,1.533,26,2.128164046649763
MID82,SID82,67,2017-03-08 06:15:20,2.300,26,2.2002095313761028
MID81,SID81,67,2017-03-08 06:15:20,2.300,27,2.205878228038037
MID80,SID80,67,2017-03-08 06:15:20,2.300,32,2.451004934245104
MID59,SID59,67,2017-03-08 06:15:20,1.533,28,2.204455624406737
MID58,SID58,67,2017-03-08 06:15:20,1.533,29,2.2257346494794015
MID57,SID57,67,2017-03-08 06:15:20,2.556,27,2.126565358478219
MID56,SID56,67,2017-03-08 06:15:20,1.278,28,2.1434652800447056
MID55,SID55,67,2017-03-08 06:15:20,2.044,31,2.057914260089353
MID54,SID54,67,2017-03-08 06:15:20,1.278,29,2.4579726753283166
MID53,SID53,67,2017-03-08 06:15:20,1.789,26,2.0768601571400374
MID52,SID52,67,2017-03-08 06:15:20,2.556,28,2.187191991003647
MID51,SID51,67,2017-03-08 06:15:20,2.300,26,2.331634961892381
MID50,SID50,67,2017-03-08 06:15:20,1.278,26,2.0193455941007685
MID69,SID69,67,2017-03-08 06:15:20,2.556,30,2.345566753131053
MID68,SID68,67,2017-03-08 06:15:20,1.789,28,2.488671755337112
MID67,SID67,67,2017-03-08 06:15:20,2.300,30,2.1789521588028777
MID66,SID66,67,2017-03-08 06:15:20,1.533,31,2.257199609453314
MID65,SID65,67,2017-03-08 06:15:20,2.300,32,2.0698941592691895
MID64,SID64,67,2017-03-08 06:15:20,2.044,31,2.3681678334551797
MID63,SID63,67,2017-03-08 06:15:20,1.533,27,2.3267710337720233
MID62,SID62,67,2017-03-08 06:15:20,2.556,30,2.238394581658151
MID61,SID61,67,2017-03-08 06:15:20,2.300,29,2.287826518860163
MID60,SID60,67,2017-03-08 06:15:20,2.300,30,2.098872826180432
MID39,SID39,67,2017-03-08 06:15:20,2.044,27,2.3311112551182687
MID38,SID38,67,2017-03-08 06:15:20,1.789,33,2.203319039493657
MID37,SID37,67,2017-03-08 06:15:20,2.044,33,2.390177050809282
MID36,SID36,67,2017-03-08 06:15:20,2.300,29,2.49598401882431
MID35,SID35,67,2017-03-08 06:15:20,2.300,33,2.3173458414720423
MID34,SID34,67,2017-03-08 06:15:20,1.278,32,2.1943463870748263
MID33,SID33,67,2017-03-08 06:15:20,2.556,34,2.2060082360243403
MID32,SID32,67,2017-03-08 06:15:20,2.300,26,2.3255864590940334
MID31,SID31,67,2017-03-08 06:15:20,1.278,29,2.264577086878931
MID30,SID30,67,2017-03-08 06:15:20,1.789,31,2.175330138557646
MID49,SID49,67,2017-03-08 06:15:20,1.789,34,2.3442048745508326
MID48,SID48,67,2017-03-08 06:15:20,2.300,27,2.299164013386739
MID47,SID47,67,2017-03-08 06:15:20,1.789,31,2.4385581840798003
MID46,SID46,67,2017-03-08 06:15:20,2.044,30,2.316057923806118
MID45,SID45,67,2017-03-08 06:15:20,1.789,33,2.283268697568481
MID44,SID44,67,2017-03-08 06:15:20,1.278,32,2.2104861741671167
MID43,SID43,67,2017-03-08 06:15:20,1.533,28,2.2113195009307214
MID42,SID42,67,2017-03-08 06:15:20,2.300,28,2.1772149763457675
MID41,SID41,67,2017-03-08 06:15:20,2.300,25,2.0411140182761587
MID40,SID40,67,2017-03-08 06:15:20,2.556,26,2.438803065689359
MID19,SID19,67,2017-03-08 06:15:30,2.067,26,2.2397535939874116
MID18,SID18,67,2017-03-08 06:15:30,1.808,32,2.1350286357311097
MID17,SID17,67,2017-03-08 06:15:30,2.067,30,2.090429299848289
MID16,SID16,67,2017-03-08 06:15:30,1.808,33,2.290477364760377
MID15,SID15,67,2017-03-08 06:15:30,1.292,32,2.126684011759698
MID14,SID14,67,2017-03-08 06:15:30,2.067,34,2.2420593484362987
MID13,SID13,67,2017-03-08 06:15:30,2.325,29,2.4536251117109966
MID12,SID12,67,2017-03-08 06:15:30,2.067,27,2.2587816867521044
MID11,SID11,67,2017-03-08 06:15:30,2.583,29,2.1003462718741157
MID99,SID99,67,2017-03-08 06:15:30,1.808,32,2.3199859026488907
MID10,SID10,67,2017-03-08 06:15:30,1.292,31,2.374532402355572
MID98,SID98,67,2017-03-08 06:15:30,2.325,27,2.089185263021798
MID97,SID97,67,2017-03-08 06:15:30,1.292,30,2.3169809404772437
MID96,SID96,67,2017-03-08 06:15:30,2.325,33,2.2730783070544804
MID95,SID95,67,2017-03-08 06:15:30,2.583,32,2.2952593535720673
MID94,SID94,67,2017-03-08 06:15:30,2.583,25,2.3301236681897013
MID93,SID93,67,2017-03-08 06:15:30,2.583,29,2.183732975374393
MID92,SID92,67,2017-03-08 06:15:30,1.808,27,2.4211597233000006
MID91,SID91,67,2017-03-08 06:15:30,2.583,34,2.164886398268582
MID4,SID4,67,2017-03-08 06:15:30,1.292,32,2.3947894928876567
MID5,SID5,67,2017-03-08 06:15:30,2.067,33,2.1151123910907152
MID6,SID6,67,2017-03-08 06:15:30,1.550,29,2.2067138591466033
MID7,SID7,67,2017-03-08 06:15:30,2.583,30,2.428978993948603
MID1,SID1,67,2017-03-08 06:15:30,1.808,30,2.383364038380362
MID2,SID2,67,2017-03-08 06:15:30,2.583,26,2.3218733506865954
MID3,SID3,67,2017-03-08 06:15:30,2.325,32,2.322251341154426
MID29,SID29,67,2017-03-08 06:15:30,2.325,31,2.356158263768383
MID28,SID28,67,2017-03-08 06:15:30,1.808,29,2.239284631516783
MID27,SID27,67,2017-03-08 06:15:30,1.550,30,2.123883963364297
MID26,SID26,67,2017-03-08 06:15:30,1.550,32,2.1484975933906716
MID8,SID8,67,2017-03-08 06:15:30,1.808,28,2.4819277202366044
MID25,SID25,67,2017-03-08 06:15:30,1.292,27,2.2740806250794963
MID9,SID9,67,2017-03-08 06:15:30,2.067,25,2.327909513932206
MID24,SID24,67,2017-03-08 06:15:30,1.292,26,2.0986463597252545
MID23,SID23,67,2017-03-08 06:15:30,2.067,30,2.239270846955257
MID22,SID22,67,2017-03-08 06:15:30,1.808,34,2.159727433523205
MID21,SID21,67,2017-03-08 06:15:30,1.550,26,2.428996289309201
MID20,SID20,67,2017-03-08 06:15:30,1.808,25,2.2408616277518982
MID100,SID100,67,2017-03-08 06:15:30,2.067,29,2.103925129235429
MID79,SID79,67,2017-03-08 06:15:30,1.292,28,2.3545602159076995
MID78,SID78,67,2017-03-08 06:15:30,2.067,32,2.4474448140905194
MID77,SID77,67,2017-03-08 06:15:30,1.292,31,2.1467759207974235
MID76,SID76,67,2017-03-08 06:15:30,1.550,31,2.0891464926582
MID75,SID75,67,2017-03-08 06:15:30,1.808,27,2.0381220351123597
MID74,SID74,67,2017-03-08 06:15:30,2.067,31,2.2239565415109994
MID73,SID73,67,2017-03-08 06:15:30,1.550,29,2.236886364662342
MID72,SID72,67,2017-03-08 06:15:30,2.583,32,2.288565365765363
MID71,SID71,67,2017-03-08 06:15:30,1.550,32,2.492797284103241
MID70,SID70,67,2017-03-08 06:15:30,1.550,25,2.208323199603123
MID90,SID90,67,2017-03-08 06:15:30,2.067,28,2.1317357854926895
MID89,SID89,67,2017-03-08 06:15:30,2.583,26,2.1122777752525956
MID88,SID88,67,2017-03-08 06:15:30,2.067,30,2.141000572271074
MID87,SID87,67,2017-03-08 06:15:30,2.325,25,2.3897125280163394
MID86,SID86,67,2017-03-08 06:15:30,1.550,30,2.170583524969449
MID85,SID85,67,2017-03-08 06:15:30,2.583,34,2.463139815242101
MID84,SID84,67,2017-03-08 06:15:30,1.550,26,2.3270071049550647
MID83,SID83,67,2017-03-08 06:15:30,1.550,27,2.35701491098808
MID82,SID82,67,2017-03-08 06:15:30,2.325,33,2.336367792281135
MID81,SID81,67,2017-03-08 06:15:30,2.325,33,2.3239603633895745
MID80,SID80,67,2017-03-08 06:15:30,2.325,33,2.3667141351990812
MID59,SID59,67,2017-03-08 06:15:30,1.550,33,2.0050875636709704
MID58,SID58,67,2017-03-08 06:15:30,1.550,31,2.0059414005739575
MID57,SID57,67,2017-03-08 06:15:30,2.583,34,2.4619260425155898
MID56,SID56,67,2017-03-08 06:15:30,1.292,29,2.167598876459248
MID55,SID55,67,2017-03-08 06:15:30,2.067,33,2.2110360011409522
MID54,SID54,67,2017-03-08 06:15:30,1.292,26,2.1441318635656623
MID53,SID53,67,2017-03-08 06:15:30,1.808,27,2.1758651646624543
MID52,SID52,67,2017-03-08 06:15:30,2.583,29,2.169844761415404
MID51,SID51,67,2017-03-08 06:15:30,2.325,26,2.3710428626527076
MID50,SID50,67,2017-03-08 06:15:30,1.292,27,2.2445711355182785
MID69,SID69,67,2017-03-08 06:15:30,2.583,27,2.3927437915946386
MID68,SID68,67,2017-03-08 06:15:30,1.808,32,2.0947170359913048
MID67,SID67,67,2017-03-08 06:15:30,2.325,31,2.411496825132028
MID66,SID66,67,2017-03-08 06:15:30,1.550,26,2.312806673383211
MID65,SID65,67,2017-03-08 06:15:30,2.325,34,2.237605514724394
MID64,SID64,67,2017-03-08 06:15:30,2.067,32,2.361805210867325
MID63,SID63,67,2017-03-08 06:15:30,1.550,28,2.414295802993031
MID62,SID62,67,2017-03-08 06:15:30,2.583,33,2.172523442446796
MID61,SID61,67,2017-03-08 06:15:30,2.325,31,2.3623731475473733
MID60,SID60,67,2017-03-08 06:15:30,2.325,27,2.3497006440545047
MID39,SID39,67,2017-03-08 06:15:30,2.067,26,2.342798960660228
MID38,SID38,67,2017-03-08 06:15:30,1.808,25,2.332031000774767
MID37,SID37,67,2017-03-08 06:15:30,2.067,33,2.1148584781452624
MID36,SID36,67,2017-03-08 06:15:30,2.325,34,2.240240609051608
MID35,SID35,67,2017-03-08 06:15:30,2.325,33,2.4128228557477547
MID34,SID34,67,2017-03-08 06:15:30,1.292,26,2.4562840561284123
MID33,SID33,67,2017-03-08 06:15:30,2.583,26,2.3713237150314725
MID32,SID32,67,2017-03-08 06:15:30,2.325,32,2.1968297190775576
MID31,SID31,67,2017-03-08 06:15:30,1.292,34,2.147155674539672
MID30,SID30,67,2017-03-08 06:15:30,1.808,32,2.0459468409914345
MID49,SID49,67,2017-03-08 06:15:30,1.808,29,2.4736143549478093
MID48,SID48,67,2017-03-08 06:15:30,2.325,30,2.082456059508944
MID47,SID47,67,2017-03-08 06:15:30,1.808,34,2.134957985882861
MID46,SID46,67,2017-03-08 06:15:30,2.067,32,2.1410597623786503
MID45,SID45,67,2017-03-08 06:15:30,1.808,25,2.416409726720727
MID44,SID44,67,2017-03-08 06:15:30,1.292,29,2.4684258720064425
MID43,SID43,67,2017-03-08 06:15:30,1.550,25,2.3826187054399215
MID42,SID42,67,2017-03-08 06:15:30,2.325,31,2.1390994774076018
MID41,SID41,67,2017-03-08 06:15:30,2.325,34,2.334449917252062
MID40,SID40,67,2017-03-08 06:15:30,2.583,29,2.1559381810441725
MID19,SID19,67,2017-03-08 06:15:40,2.089,28,2.0717934634096893
MID18,SID18,67,2017-03-08 06:15:40,1.828,30,2.3142723228491313
MID17,SID17,67,2017-03-08 06:15:40,2.089,32,2.3363888744753765
MID16,SID16,67,2017-03-08 06:15:40,1.828,26,2.1069569201027645
MID15,SID15,67,2017-03-08 06:15:40,1.306,32,2.0750441229156156
MID14,SID14,67,2017-03-08 06:15:40,2.089,32,2.077764506302057
MID13,SID13,67,2017-03-08 06:15:40,2.350,25,2.476274931761482
MID12,SID12,67,2017-03-08 06:15:40,2.089,31,2.3798426365450647
MID11,SID11,67,2017-03-08 06:15:40,2.611,27,2.0400024939170613
MID99,SID99,67,2017-03-08 06:15:40,1.828,29,2.4403494638567325
MID10,SID10,67,2017-03-08 06:15:40,1.306,30,2.016265523855906
MID98,SID98,67,2017-03-08 06:15:40,2.350,31,2.4342065481433766
MID97,SID97,67,2017-03-08 06:15:40,1.306,25,2.1570390999642908
MID96,SID96,67,2017-03-08 06:15:40,2.350,33,2.319069116455814
MID95,SID95,67,2017-03-08 06:15:40,2.611,33,2.1445787280254347
MID94,SID94,67,2017-03-08 06:15:40,2.611,27,2.446777309242763
MID93,SID93,67,2017-03-08 06:15:40,2.611,32,2.0020718410192138
MID92,SID92,67,2017-03-08 06:15:40,1.828,27,2.057502985349159
MID91,SID91,67,2017-03-08 06:15:40,2.611,27,2.399838092477867
MID4,SID4,67,2017-03-08 06:15:40,1.306,29,2.0466171097829955
MID5,SID5,67,2017-03-08 06:15:40,2.089,31,2.097840115421499
MID6,SID6,67,2017-03-08 06:15:40,1.567,31,2.332602307647891
MID7,SID7,67,2017-03-08 06:15:40,2.611,27,2.050655434669258
MID1,SID1,67,2017-03-08 06:15:40,1.828,30,2.01257402893411
MID2,SID2,67,2017-03-08 06:15:40,2.611,33,2.0739742682042674
MID3,SID3,67,2017-03-08 06:15:40,2.350,34,2.476325401398691
MID29,SID29,67,2017-03-08 06:15:40,2.350,32,2.2393850163163513
MID28,SID28,67,2017-03-08 06:15:40,1.828,30,2.261193863950063
MID27,SID27,67,2017-03-08 06:15:40,1.567,32,2.3129401757540258
MID26,SID26,67,2017-03-08 06:15:40,1.567,33,2.3841872853820063
MID8,SID8,67,2017-03-08 06:15:40,1.828,29,2.473330458257312
MID25,SID25,67,2017-03-08 06:15:40,1.306,30,2.1788373284561975
MID9,SID9,67,2017-03-08 06:15:40,2.089,25,2.2864807342442965
MID24,SID24,67,2017-03-08 06:15:40,1.306,28,2.056867881628419
MID23,SID23,67,2017-03-08 06:15:40,2.089,29,2.2238256439781336
MID22,SID22,67,2017-03-08 06:15:40,1.828,30,2.3766498444442585
MID21,SID21,67,2017-03-08 06:15:40,1.567,33,2.1711766432880837
MID20,SID20,67,2017-03-08 06:15:40,1.828,32,2.3573985723633286
MID100,SID100,67,2017-03-08 06:15:40,2.089,33,2.146749460479299
MID79,SID79,67,2017-03-08 06:15:40,1.306,28,2.3878035613424538
MID78,SID78,67,2017-03-08 06:15:40,2.089,31,2.4780611125318406
MID77,SID77,67,2017-03-08 06:15:40,1.306,25,2.0707012529466127
MID76,SID76,67,2017-03-08 06:15:40,1.567,34,2.19242958846631
MID75,SID75,67,2017-03-08 06:15:40,1.828,33,2.3418468970895874
MID74,SID74,67,2017-03-08 06:15:40,2.089,25,2.308154481368895
MID73,SID73,67,2017-03-08 06:15:40,1.567,29,2.4275482151944927
MID72,SID72,67,2017-03-08 06:15:40,2.611,33,2.12167540370807
MID71,SID71,67,2017-03-08 06:15:40,1.567,33,2.369902450944472
MID70,SID70,67,2017-03-08 06:15:40,1.567,32,2.362648839231102
MID90,SID90,67,2017-03-08 06:15:40,2.089,26,2.145071819661438
MID89,SID89,67,2017-03-08 06:15:40,2.611,34,2.0280372264683537
MID88,SID88,67,2017-03-08 06:15:40,2.089,31,2.0821721344380615
MID87,SID87,67,2017-03-08 06:15:40,2.350,34,2.0166055351879226
MID86,SID86,67,2017-03-08 06:15:40,1.567,30,2.343755913709
MID85,SID85,67,2017-03-08 06:15:40,2.611,26,2.3636553538778817
MID84,SID84,67,2017-03-08 06:15:40,1.567,33,2.4039431673856813
MID83,SID83,67,2017-03-08 06:15:40,1.567,33,2.0115760882843152
MID82,SID82,67,2017-03-08 06:15:40,2.350,28,2.2097492634593205
MID81,SID81,67,2017-03-08 06:15:40,2.350,34,2.475520715921953
MID80,SID80,67,2017-03-08 06:15:40,2.350,33,2.306652510407817
MID59,SID59,67,2017-03-08 06:15:40,1.567,32,2.261627654783548
MID58,SID58,67,2017-03-08 06:15:40,1.567,29,2.2054248907831107
MID57,SID57,67,2017-03-08 06:15:40,2.611,32,2.018168188082856
MID56,SID56,67,2017-03-08 06:15:40,1.306,33,2.0589847279127147
MID55,SID55,67,2017-03-08 06:15:40,2.089,25,2.4624675350944845
MID54,SID54,67,2017-03-08 06:15:40,1.306,33,2.003673667947735
MID53,SID53,67,2017-03-08 06:15:40,1.828,31,2.376041222352644
MID52,SID52,67,2017-03-08 06:15:40,2.611,34,2.1346579494702
MID51,SID51,67,2017-03-08 06:15:40,2.350,29,2.0771716633840636
MID50,SID50,67,2017-03-08 06:15:40,1.306,25,2.0296394827713002
MID69,SID69,67,2017-03-08 06:15:40,2.611,32,2.3656011639052106
MID68,SID68,67,2017-03-08 06:15:40,1.828,29,2.2539305207003957
MID67,SID67,67,2017-03-08 06:15:40,2.350,30,2.1296340372785014
MID66,SID66,67,2017-03-08 06:15:40,1.567,30,2.4375731286485958
MID65,SID65,67,2017-03-08 06:15:40,2.350,34,2.1156466664676694
MID64,SID64,67,2017-03-08 06:15:40,2.089,25,2.1530288139948874
MID63,SID63,67,2017-03-08 06:15:40,1.567,25,2.1037915477631373
MID62,SID62,67,2017-03-08 06:15:40,2.611,29,2.483634749357256
MID61,SID61,67,2017-03-08 06:15:40,2.350,29,2.204709040460474
MID60,SID60,67,2017-03-08 06:15:40,2.350,33,2.3821023343571
MID39,SID39,67,2017-03-08 06:15:40,2.089,32,2.096286395467692
MID38,SID38,67,2017-03-08 06:15:40,1.828,33,2.1750521383526777
MID37,SID37,67,2017-03-08 06:15:40,2.089,30,2.475216316602383
MID36,SID36,67,2017-03-08 06:15:40,2.350,25,2.21218226023361
MID35,SID35,67,2017-03-08 06:15:40,2.350,29,2.2350184026788162
MID34,SID34,67,2017-03-08 06:15:40,1.306,25,2.3408938024056924
MID33,SID33,67,2017-03-08 06:15:40,2.611,33,2.0695230437307788
MID32,SID32,67,2017-03-08 06:15:40,2.350,34,2.1781453257056667
MID31,SID31,67,2017-03-08 06:15:40,1.306,27,2.046713799020024
MID30,SID30,67,2017-03-08 06:15:40,1.828,33,2.0609310952849738
MID49,SID49,67,2017-03-08 06:15:40,1.828,30,2.149445619163548
MID48,SID48,67,2017-03-08 06:15:40,2.350,34,2.355249604644361
MID47,SID47,67,2017-03-08 06:15:40,1.828,26,2.0114734999623654
MID46,SID46,67,2017-03-08 06:15:40,2.089,25,2.177137531976336
MID45,SID45,67,2017-03-08 06:15:40,1.828,31,2.1967160840952764
MID44,SID44,67,2017-03-08 06:15:40,1.306,34,2.172841913245079
MID43,SID43,67,2017-03-08 06:15:40,1.567,26,2.1554530647113688
MID42,SID42,67,2017-03-08 06:15:40,2.350,26,2.3793225421257276
MID41,SID41,67,2017-03-08 06:15:40,2.350,31,2.1046541464618405
MID40,SID40,67,2017-03-08 06:15:40,2.611,28,2.314945202585754
MID19,SID19,67,2017-03-08 06:15:50,2.111,34,2.296694402998349
MID18,SID18,67,2017-03-08 06:15:50,1.847,25,2.1055410769187572
MID17,SID17,67,2017-03-08 06:15:50,2.111,29,2.1837652998462898
MID16,SID16,67,2017-03-08 06:15:50,1.847,25,2.300701968736115
MID15,SID15,67,2017-03-08 06:15:50,1.319,29,2.1455223312226526
MID14,SID14,67,2017-03-08 06:15:50,2.111,28,2.2540440617520447
MID13,SID13,67,2017-03-08 06:15:50,2.375,29,2.3216928825866248
MID12,SID12,67,2017-03-08 06:15:50,2.111,31,2.4453930652943745
MID11,SID11,67,2017-03-08 06:15:50,2.639,29,2.1819567074748907
MID99,SID99,67,2017-03-08 06:15:50,1.847,32,2.0716564186222493
MID10,SID10,67,2017-03-08 06:15:50,1.319,32,2.4075044694064114
MID98,SID98,67,2017-03-08 06:15:50,2.375,33,2.4463218324161176
MID97,SID97,67,2017-03-08 06:15:50,1.319,33,2.3571254989896486
MID96,SID96,67,2017-03-08 06:15:50,2.375,33,2.464754061242486
MID95,SID95,67,2017-03-08 06:15:50,2.639,33,2.203900875454064
MID94,SID94,67,2017-03-08 06:15:50,2.639,30,2.102817857247332
MID93,SID93,67,2017-03-08 06:15:50,2.639,26,2.326442851044135
MID92,SID92,67,2017-03-08 06:15:50,1.847,34,2.0905458786196425
MID91,SID91,67,2017-03-08 06:15:50,2.639,34,2.1402487806345993
MID4,SID4,67,2017-03-08 06:15:50,1.319,26,2.3251783861754496
MID5,SID5,67,2017-03-08 06:15:50,2.111,31,2.0190747611842585
MID6,SID6,67,2017-03-08 06:15:50,1.583,31,2.4819026367669688
MID7,SID7,67,2017-03-08 06:15:50,2.639,25,2.147039439238436
MID1,SID1,67,2017-03-08 06:15:50,1.847,33,2.045192806330355
MID2,SID2,67,2017-03-08 06:15:50,2.639,27,2.448340768203158
MID3,SID3,67,2017-03-08 06:15:50,2.375,30,2.429325188387399
MID29,SID29,67,2017-03-08 06:15:50,2.375,25,2.010505370981984
MID28,SID28,67,2017-03-08 06:15:50,1.847,26,2.3635441096837995
MID27,SID27,67,2017-03-08 06:15:50,1.583,33,2.3552387898732263
MID26,SID26,67,2017-03-08 06:15:50,1.583,30,2.1549420541771784
MID8,SID8,67,2017-03-08 06:15:50,1.847,34,2.17715649075217
MID25,SID25,67,2017-03-08 06:15:50,1.319,28,2.1344558153512376
MID9,SID9,67,2017-03-08 06:15:50,2.111,31,2.1247780909469496
MID24,SID24,67,2017-03-08 06:15:50,1.319,26,2.4559786942760238
MID23,SID23,67,2017-03-08 06:15:50,2.111,29,2.4408157767878826
MID22,SID22,67,2017-03-08 06:15:50,1.847,26,2.428181830216474
MID21,SID21,67,2017-03-08 06:15:50,1.583,33,2.066767280429566
MID20,SID20,67,2017-03-08 06:15:50,1.847,31,2.3228598845315083
MID100,SID100,67,2017-03-08 06:15:50,2.111,33,2.0326930637579728
MID79,SID79,67,2017-03-08 06:15:50,1.319,31,2.1156989936440005
MID78,SID78,67,2017-03-08 06:15:50,2.111,27,2.2201365933586863
MID77,SID77,67,2017-03-08 06:15:50,1.319,33,2.007751130093437
MID76,SID76,67,2017-03-08 06:15:50,1.583,27,2.005810040248384
MID75,SID75,67,2017-03-08 06:15:50,1.847,27,2.306432735514837
MID74,SID74,67,2017-03-08 06:15:50,2.111,33,2.212946323062794
MID73,SID73,67,2017-03-08 06:15:50,1.583,29,2.349861259326594
MID72,SID72,67,2017-03-08 06:15:50,2.639,31,2.111427324819368
MID71,SID71,67,2017-03-08 06:15:50,1.583,26,2.1411813612718937
MID70,SID70,67,2017-03-08 06:15:50,1.583,29,2.337082356347972
MID90,SID90,67,2017-03-08 06:15:50,2.111,34,2.025062776970028
MID89,SID89,67,2017-03-08 06:15:50,2.639,32,2.1444356170584675
MID88,SID88,67,2017-03-08 06:15:50,2.111,31,2.156723665466723
MID87,SID87,67,2017-03-08 06:15:50,2.375,29,2.137611810032221
MID86,SID86,67,2017-03-08 06:15:50,1.583,30,2.00774863069124
MID85,SID85,67,2017-03-08 06:15:50,2.639,32,2.2297862992212574
MID84,SID84,67,2017-03-08 06:15:50,1.583,25,2.275647259142917
MID83,SID83,67,2017-03-08 06:15:50,1.583,26,2.0810350175628756
MID82,SID82,67,2017-03-08 06:15:50,2.375,31,2.2532420399592197
MID81,SID81,67,2017-03-08 06:15:50,2.375,28,2.0985347574792446
MID80,SID80,67,2017-03-08 06:15:50,2.375,29,2.045665375522852
MID59,SID59,67,2017-03-08 06:15:50,1.583,28,2.1772878437266274
MID58,SID58,67,2017-03-08 06:15:50,1.583,28,2.4259153268930738
MID57,SID57,67,2017-03-08 06:15:50,2.639,33,2.352663732430061
MID56,SID56,67,2017-03-08 06:15:50,1.319,29,2.4814598674927817
MID55,SID55,67,2017-03-08 06:15:50,2.111,34,2.189619399042252
MID54,SID54,67,2017-03-08 06:15:50,1.319,30,2.0153503427449766
MID53,SID53,67,2017-03-08 06:15:50,1.847,25,2.143038325428
MID52,SID52,67,2017-03-08 06:15:50,2.639,31,2.4894904330417917
MID51,SID51,67,2017-03-08 06:15:50,2.375,33,2.43266468529418
MID50,SID50,67,2017-03-08 06:15:50,1.319,28,2.2154371091860945
MID69,SID69,67,2017-03-08 06:15:50,2.639,34,2.2591897649912585
MID68,SID68,67,2017-03-08 06:15:50,1.847,29,2.1928636216420823
MID67,SID67,67,2017-03-08 06:15:50,2.375,25,2.0607573911387376
MID66,SID66,67,2017-03-08 06:15:50,1.583,30,2.2320959063136665
MID65,SID65,67,2017-03-08 06:15:50,2.375,32,2.3881735462624105
MID64,SID64,67,2017-03-08 06:15:50,2.111,30,2.275812624722844
MID63,SID63,67,2017-03-08 06:15:50,1.583,26,2.165864504446681
MID62,SID62,67,2017-03-08 06:15:50,2.639,34,2.0269245046184925
MID61,SID61,67,2017-03-08 06:15:50,2.375,33,2.4819759494673606
MID60,SID60,67,2017-03-08 06:15:50,2.375,33,2.4080918604829056
MID39,SID39,67,2017-03-08 06:15:50,2.111,25,2.26425842552922
MID38,SID38,67,2017-03-08 06:15:50,1.847,32,2.3983661576991637
MID37,SID37,67,2017-03-08 06:15:50,2.111,31,2.067780350081832
MID36,SID36,67,2017-03-08 06:15:50,2.375,27,2.1682135845482144
MID35,SID35,67,2017-03-08 06:15:50,2.375,29,2.2575085271366624
MID34,SID34,67,2017-03-08 06:15:50,1.319,33,2.171042762586164
MID33,SID33,67,2017-03-08 06:15:50,2.639,26,2.2429941467835386
MID32,SID32,67,2017-03-08 06:15:50,2.375,27,2.298863843316964
MID31,SID31,67,2017-03-08 06:15:50,1.319,25,2.4213743852097576
MID30,SID30,67,2017-03-08 06:15:50,1.847,26,2.4600827485964203
MID49,SID49,67,2017-03-08 06:15:50,1.847,28,2.201738723699092
MID48,SID48,67,2017-03-08 06:15:50,2.375,25,2.2335443544470346
MID47,SID47,67,2017-03-08 06:15:50,1.847,34,2.243576803383731
MID46,SID46,67,2017-03-08 06:15:50,2.111,30,2.1964558170597734
MID45,SID45,67,2017-03-08 06:15:50,1.847,28,2.082858014623895
MID44,SID44,67,2017-03-08 06:15:50,1.319,29,2.0434882263539116
MID43,SID43,67,2017-03-08 06:15:50,1.583,33,2.4701653304871902
MID42,SID42,67,2017-03-08 06:15:50,2.375,26,2.2867678991075797
MID41,SID41,67,2017-03-08 06:15:50,2.375,28,2.392731022411968
MID40,SID40,67,2017-03-08 06:15:50,2.639,33,2.2099423753694127
MID19,SID19,67,2017-03-08 06:16:00,2.133,30,2.0587040073155447
MID18,SID18,67,2017-03-08 06:16:00,1.867,32,2.144257946639565
MID17,SID17,67,2017-03-08 06:16:00,2.133,32,2.279971846081042
MID16,SID16,67,2017-03-08 06:16:00,1.867,33,2.1562544927580958
MID15,SID15,67,2017-03-08 06:16:00,1.333,32,2.2681184884106296
MID14,SID14,67,2017-03-08 06:16:00,2.133,33,2.0812941129270257
MID13,SID13,67,2017-03-08 06:16:00,2.400,34,2.2834460296049306
MID12,SID12,67,2017-03-08 06:16:00,2.133,33,2.2689218825043715
MID11,SID11,67,2017-03-08 06:16:00,2.667,33,2.3430073751642015
MID99,SID99,67,2017-03-08 06:16:00,1.867,29,2.393380709874654
MID10,SID10,67,2017-03-08 06:16:00,1.333,31,2.270183877182859
MID98,SID98,67,2017-03-08 06:16:00,2.400,28,2.059314767191604
MID97,SID97,67,2017-03-08 06:16:00,1.333,27,2.2509702594761554
MID96,SID96,67,2017-03-08 06:16:00,2.400,29,2.3206503520791464
MID95,SID95,67,2017-03-08 06:16:00,2.667,26,2.3160309477101064
MID94,SID94,67,2017-03-08 06:16:00,2.667,32,2.152206974356285
MID93,SID93,67,2017-03-08 06:16:00,2.667,30,2.4160155397151746
MID92,SID92,67,2017-03-08 06:16:00,1.867,33,2.1893417180424892
MID91,SID91,67,2017-03-08 06:16:00,2.667,33,2.2169596755947363
MID4,SID4,67,2017-03-08 06:16:00,1.333,32,2.0767085863157075
MID5,SID5,67,2017-03-08 06:16:00,2.133,30,2.083788051280566
MID6,SID6,67,2017-03-08 06:16:00,1.600,29,2.148103437208468
MID7,SID7,67,2017-03-08 06:16:00,2.667,27,2.0623882096916883
MID1,SID1,67,2017-03-08 06:16:00,1.867,28,2.1709061492630766
MID2,SID2,67,2017-03-08 06:16:00,2.667,31,2.2794104860663778
MID3,SID3,67,2017-03-08 06:16:00,2.400,25,2.474061662229136
MID29,SID29,67,2017-03-08 06:16:00,2.400,31,2.203619638225715
MID28,SID28,67,2017-03-08 06:16:00,1.867,30,2.020574295343064
MID27,SID27,67,2017-03-08 06:16:00,1.600,29,2.1547015119033968
MID26,SID26,67,2017-03-08 06:16:00,1.600,31,2.0084039404965246
MID8,SID8,67,2017-03-08 06:16:00,1.867,26,2.1591024054787007
MID25,SID25,67,2017-03-08 06:16:00,1.333,25,2.487738391510071
MID9,SID9,67,2017-03-08 06:16:00,2.133,32,2.262984250351617
MID24,SID24,67,2017-03-08 06:16:00,1.333,28,2.3142243237451825
MID23,SID23,67,2017-03-08 06:16:00,2.133,27,2.2301967972018377
MID22,SID22,67,2017-03-08 06:16:00,1.867,31,2.2985067158421946
MID21,SID21,67,2017-03-08 06:16:00,1.600,26,2.3556963634858077
MID20,SID20,67,2017-03-08 06:16:00,1.867,32,2.2426367184284866
MID100,SID100,67,2017-03-08 06:16:00,2.133,31,2.0878064800594167
MID79,SID79,67,2017-03-08 06:16:00,1.333,29,2.0203889377021778
MID78,SID78,67,2017-03-08 06:16:00,2.133,25,2.294690763274298
MID77,SID77,67,2017-03-08 06:16:00,1.333,29,2.3720286066204386
MID76,SID76,67,2017-03-08 06:16:00,1.600,31,2.047388733594354
MID75,SID75,67,2017-03-08 06:16:00,1.867,33,2.040687927440138
MID74,SID74,67,2017-03-08 06:16:00,2.133,33,2.010764060748075
MID73,SID73,67,2017-03-08 06:16:00,1.600,27,2.308621808292802
MID72,SID72,67,2017-03-08 06:16:00,2.667,33,2.439451574661494
MID71,SID71,67,2017-03-08 06:16:00,1.600,26,2.342807308266081
MID70,SID70,67,2017-03-08 06:16:00,1.600,33,2.3364083751833147
MID90,SID90,67,2017-03-08 06:16:00,2.133,25,2.4539311684518754
MID89,SID89,67,2017-03-08 06:16:00,2.667,30,2.4278827157836633
MID88,SID88,67,2017-03-08 06:16:00,2.133,28,2.319313075321626
MID87,SID87,67,2017-03-08 06:16:00,2.400,26,2.487725007618684
MID86,SID86,67,2017-03-08 06:16:00,1.600,30,2.431737564220295
MID85,SID85,67,2017-03-08 06:16:00,2.667,31,2.134985210665314
MID84,SID84,67,2017-03-08 06:16:00,1.600,31,2.1283282904415777
MID83,SID83,67,2017-03-08 06:16:00,1.600,28,2.0424971759068136
MID82,SID82,67,2017-03-08 06:16:00,2.400,27,2.2826563125110004
MID81,SID81,67,2017-03-08 06:16:00,2.400,27,2.4613454382735616
MID80,SID80,67,2017-03-08 06:16:00,2.400,29,2.147563481650996
MID59,SID59,67,2017-03-08 06:16:00,1.600,28,2.165671811913517
MID58,SID58,67,2017-03-08 06:16:00,1.600,31,2.0198494329020464
MID57,SID57,67,2017-03-08 06:16:00,2.667,27,2.4596681560620755
MID56,SID56,67,2017-03-08 06:16:00,1.333,28,2.3553883815687646
MID55,SID55,67,2017-03-08 06:16:00,2.133,26,2.037536567470584
MID54,SID54,67,2017-03-08 06:16:00,1.333,28,2.468772999768125
MID53,SID53,67,2017-03-08 06:16:00,1.867,27,2.1413221998738887
MID52,SID52,67,2017-03-08 06:16:00,2.667,26,2.3240795117557345
MID51,SID51,67,2017-03-08 06:16:00,2.400,31,2.2698029465580065
MID50,SID50,67,2017-03-08 06:16:00,1.333,29,2.014052863696926
MID69,SID69,67,2017-03-08 06:16:00,2.667,25,2.115045443692304
MID68,SID68,67,2017-03-08 06:16:00,1.867,33,2.0698184115523346
MID67,SID67,67,2017-03-08 06:16:00,2.400,31,2.181439705129273
MID66,SID66,67,2017-03-08 06:16:00,1.600,30,2.4789657428234966
MID65,SID65,67,2017-03-08 06:16:00,2.400,25,2.1305327874706435
MID64,SID64,67,2017-03-08 06:16:00,2.133,25,2.066156112410083
MID63,SID63,67,2017-03-08 06:16:00,1.600,29,2.419604497402675
MID62,SID62,67,2017-03-08 06:16:00,2.667,30,2.415543624488253
MID61,SID61,67,2017-03-08 06:16:00,2.400,33,2.1752494414186767
MID60,SID60,67,2017-03-08 06:16:00,2.400,29,2.1264911270315303
MID39,SID39,67,2017-03-08 06:16:00,2.133,26,2.0707875198788224
MID38,SID38,67,2017-03-08 06:16:00,1.867,28,2.486432394501053
MID37,SID37,67,2017-03-08 06:16:00,2.133,33,2.0126571532876154
MID36,SID36,67,2017-03-08 06:16:00,2.400,27,2.0332959382137457
MID35,SID35,67,2017-03-08 06:16:00,2.400,28,2.369329220486068
MID34,SID34,67,2017-03-08 06:16:00,1.333,25,2.320392938612139
MID33,SID33,67,2017-03-08 06:16:00,2.667,26,2.118933213521975
MID32,SID32,67,2017-03-08 06:16:00,2.400,32,2.366715071374047
MID31,SID31,67,2017-03-08 06:16:00,1.333,28,2.056603473996918
MID30,SID30,67,2017-03-08 06:16:00,1.867,26,2.0605486777284105
MID49,SID49,67,2017-03-08 06:16:00,1.867,25,2.4309822324745975
MID48,SID48,67,2017-03-08 06:16:00,2.400,27,2.0825086932018166
MID47,SID47,67,2017-03-08 06:16:00,1.867,30,2.2539278949774144
MID46,SID46,67,2017-03-08 06:16:00,2.133,28,2.3471678775048628
MID45,SID45,67,2017-03-08 06:16:00,1.867,25,2.266135028718018
MID44,SID44,67,2017-03-08 06:16:00,1.333,27,2.191506937434844
MID43,SID43,67,2017-03-08 06:16:00,1.600,26,2.1093065987440536
MID42,SID42,67,2017-03-08 06:16:00,2.400,28,2.3523747753334403
MID41,SID41,67,2017-03-08 06:16:00,2.400,26,2.18410854080029
MID40,SID40,67,2017-03-08 06:16:00,2.667,29,2.363109301861759
MID19,SID19,67,2017-03-08 06:16:10,2.156,34,2.2437556212260477
MID18,SID18,67,2017-03-08 06:16:10,1.886,32,2.4897504405255257
MID17,SID17,67,2017-03-08 06:16:10,2.156,32,2.3140517618458714
MID16,SID16,67,2017-03-08 06:16:10,1.886,29,2.421919084809886
MID15,SID15,67,2017-03-08 06:16:10,1.347,31,2.4485911709484607
MID14,SID14,67,2017-03-08 06:16:10,2.156,33,2.2816770534260216
MID13,SID13,67,2017-03-08 06:16:10,2.425,30,2.237107849658045
MID12,SID12,67,2017-03-08 06:16:10,2.156,30,2.0046564723399674
MID11,SID11,67,2017-03-08 06:16:10,2.694,27,2.1515416479897764
MID99,SID99,67,2017-03-08 06:16:10,1.886,28,2.005229588207309
MID10,SID10,67,2017-03-08 06:16:10,1.347,26,2.36327559867538
MID98,SID98,67,2017-03-08 06:16:10,2.425,26,2.090228211930091
MID97,SID97,67,2017-03-08 06:16:10,1.347,29,2.1289504881476105
MID96,SID96,67,2017-03-08 06:16:10,2.425,30,2.398427117771893
MID95,SID95,67,2017-03-08 06:16:10,2.694,32,2.1107763565606454
MID94,SID94,67,2017-03-08 06:16:10,2.694,25,2.4238385589187015
MID93,SID93,67,2017-03-08 06:16:10,2.694,30,2.102168346897434
MID92,SID92,67,2017-03-08 06:16:10,1.886,30,2.1395829158205557
MID91,SID91,67,2017-03-08 06:16:10,2.694,27,2.013740024890704
MID4,SID4,67,2017-03-08 06:16:10,1.347,28,2.0196573132164706
MID5,SID5,67,2017-03-08 06:16:10,2.156,29,2.3503313912335186
MID6,SID6,67,2017-03-08 06:16:10,1.617,32,2.3810994332946573
MID7,SID7,67,2017-03-08 06:16:10,2.694,30,2.188879767375457
MID1,SID1,67,2017-03-08 06:16:10,1.886,27,2.245773090778575
MID2,SID2,67,2017-03-08 06:16:10,2.694,33,2.129850281926239
MID3,SID3,67,2017-03-08 06:16:10,2.425,25,2.0932271707213976
MID29,SID29,67,2017-03-08 06:16:10,2.425,34,2.3293720893392487
MID28,SID28,67,2017-03-08 06:16:10,1.886,30,2.4324141835677193
MID27,SID27,67,2017-03-08 06:16:10,1.617,32,2.293928739586519
MID26,SID26,67,2017-03-08 06:16:10,1.617,29,2.1485609292950008
MID8,SID8,67,2017-03-08 06:16:10,1.886,32,2.0638342680373247
MID25,SID25,67,2017-03-08 06:16:10,1.347,25,2.2593790607471407
MID9,SID9,67,2017-03-08 06:16:10,2.156,33,2.0929748149157335
MID24,SID24,67,2017-03-08 06:16:10,1.347,33,2.1720554352612442
MID23,SID23,67,2017-03-08 06:16:10,2.156,28,2.3959853607391173
MID22,SID22,67,2017-03-08 06:16:10,1.886,25,2.435839259023736
MID21,SID21,67,2017-03-08 06:16:10,1.617,31,2.3602587528932375
MID20,SID20,67,2017-03-08 06:16:10,1.886,31,2.0320617079745045
MID100,SID100,67,2017-03-08 06:16:10,2.156,28,2.364630291292876
MID79,SID79,67,2017-03-08 06:16:10,1.347,28,2.3479324127448513
MID78,SID78,67,2017-03-08 06:16:10,2.156,30,2.475132874441219
MID77,SID77,67,2017-03-08 06:16:10,1.347,30,2.1787359376248925
MID76,SID76,67,2017-03-08 06:16:10,1.617,29,2.424747979625552
MID75,SID75,67,2017-03-08 06:16:10,1.886,28,2.2659694844251375
MID74,SID74,67,2017-03-08 06:16:10,2.156,31,2.4395131330904922
MID73,SID73,67,2017-03-08 06:16:10,1.617,25,2.325811317164453
MID72,SID72,67,2017-03-08 06:16:10,2.694,30,2.4126811458093576
MID71,SID71,67,2017-03-08 06:16:10,1.617,33,2.3562748888202294
MID70,SID70,67,2017-03-08 06:16:10,1.617,34,2.0389594593641034
MID90,SID90,67,2017-03-08 06:16:10,2.156,31,2.0911565731975106
MID89,SID89,67,2017-03-08 06:16:10,2.694,32,2.2745400399125737
MID88,SID88,67,2017-03-08 06:16:10,2.156,26,2.0537046293434824
MID87,SID87,67,2017-03-08 06:16:10,2.425,25,2.2505835063928825
MID86,SID86,67,2017-03-08 06:16:10,1.617,29,2.2926105328875956
MID85,SID85,67,2017-03-08 06:16:10,2.694,31,2.333915633469421
MID84,SID84,67,2017-03-08 06:16:10,1.617,27,2.4086601428470624
MID83,SID83,67,2017-03-08 06:16:10,1.617,25,2.207900726839092
MID82,SID82,67,2017-03-08 06:16:10,2.425,33,2.011132717229223
MID81,SID81,67,2017-03-08 06:16:10,2.425,25,2.457046929621164
MID80,SID80,67,2017-03-08 06:16:10,2.425,25,2.3026746517275214
MID59,SID59,67,2017-03-08 06:16:10,1.617,25,2.0856705863570637
MID58,SID58,67,2017-03-08 06:16:10,1.617,28,2.3127788563967364
MID57,SID57,67,2017-03-08 06:16:10,2.694,33,2.4552037427299886
MID56,SID56,67,2017-03-08 06:16:10,1.347,28,2.3657777583533557
MID55,SID55,67,2017-03-08 06:16:10,2.156,34,2.013884632181397
MID54,SID54,67,2017-03-08 06:16:10,1.347,32,2.453179555191024
MID53,SID53,67,2017-03-08 06:16:10,1.886,28,2.020107118106928
MID52,SID52,67,2017-03-08 06:16:10,2.694,33,2.0588622705498687
MID51,SID51,67,2017-03-08 06:16:10,2.425,30,2.3074971528121018
MID50,SID50,67,2017-03-08 06:16:10,1.347,30,2.345068800988204
MID69,SID69,67,2017-03-08 06:16:10,2.694,31,2.3384697580175198
MID68,SID68,67,2017-03-08 06:16:10,1.886,25,2.186468303820995
MID67,SID67,67,2017-03-08 06:16:10,2.425,34,2.2692334821804367
MID66,SID66,67,2017-03-08 06:16:10,1.617,26,2.0404648436696986
MID65,SID65,67,2017-03-08 06:16:10,2.425,26,2.4037424050451106
MID64,SID64,67,2017-03-08 06:16:10,2.156,31,2.4121982385181937
MID63,SID63,67,2017-03-08 06:16:10,1.617,28,2.4363125671078167
MID62,SID62,67,2017-03-08 06:16:10,2.694,25,2.2729359847918285
MID61,SID61,67,2017-03-08 06:16:10,2.425,32,2.064204057936433
MID60,SID60,67,2017-03-08 06:16:10,2.425,34,2.1143162180879163
MID39,SID39,67,2017-03-08 06:16:10,2.156,33,2.438968437681868
MID38,SID38,67,2017-03-08 06:16:10,1.886,26,2.050039371169246
MID37,SID37,67,2017-03-08 06:16:10,2.156,31,2.022185922181695
MID36,SID36,67,2017-03-08 06:16:10,2.425,27,2.0393006997877983
MID35,SID35,67,2017-03-08 06:16:10,2.425,32,2.3641283139310354
MID34,SID34,67,2017-03-08 06:16:10,1.347,29,2.4076886755791436
MID33,SID33,67,2017-03-08 06:16:10,2.694,29,2.0881677782746193
MID32,SID32,67,2017-03-08 06:16:10,2.425,30,2.072415531568293
MID31,SID31,67,2017-03-08 06:16:10,1.347,32,2.3715200148592386
MID30,SID30,67,2017-03-08 06:16:10,1.886,27,2.3883794783934835
MID49,SID49,67,2017-03-08 06:16:10,1.886,28,2.0535300065353526
MID48,SID48,67,2017-03-08 06:16:10,2.425,34,2.108859135520764
MID47,SID47,67,2017-03-08 06:16:10,1.886,32,2.225878640994957
MID46,SID46,67,2017-03-08 06:16:10,2.156,28,2.418014566062419
MID45,SID45,67,2017-03-08 06:16:10,1.886,30,2.1867758716744405
MID44,SID44,67,2017-03-08 06:16:10,1.347,28,2.056950376477152
MID43,SID43,67,2017-03-08 06:16:10,1.617,34,2.265682362711217
MID42,SID42,67,2017-03-08 06:16:10,2.425,25,2.000664151014577
MID41,SID41,67,2017-03-08 06:16:10,2.425,25,2.050419742690186
MID40,SID40,67,2017-03-08 06:16:10,2.694,29,2.151463340652884
MID19,SID19,67,2017-03-08 06:16:20,2.178,32,2.137954605108999
MID18,SID18,67,2017-03-08 06:16:20,1.906,31,2.125633547575711
MID17,SID17,67,2017-03-08 06:16:20,2.178,29,2.3266124035901985
MID16,SID16,67,2017-03-08 06:16:20,1.906,30,2.4093064319916113
MID15,SID15,67,2017-03-08 06:16:20,1.361,32,2.1247999801480484
MID14,SID14,67,2017-03-08 06:16:20,2.178,32,2.14659097719037
MID13,SID13,67,2017-03-08 06:16:20,2.450,34,2.160500647431206
MID12,SID12,67,2017-03-08 06:16:20,2.178,31,2.3344471674400626
MID11,SID11,67,2017-03-08 06:16:20,2.722,33,2.2206286310762136
MID99,SID99,67,2017-03-08 06:16:20,1.906,28,2.0166697544979133
MID10,SID10,67,2017-03-08 06:16:20,1.361,26,2.38585018790448
MID98,SID98,67,2017-03-08 06:16:20,2.450,28,2.419693875935154
MID97,SID97,67,2017-03-08 06:16:20,1.361,27,2.3106211065814852
MID96,SID96,67,2017-03-08 06:16:20,2.450,25,2.280455041977101
MID95,SID95,67,2017-03-08 06:16:20,2.722,25,2.084456769313902
MID94,SID94,67,2017-03-08 06:16:20,2.722,26,2.1224755340816683
MID93,SID93,67,2017-03-08 06:16:20,2.722,29,2.2489225480084163
MID92,SID92,67,2017-03-08 06:16:20,1.906,34,2.3541143960863415
MID91,SID91,67,2017-03-08 06:16:20,2.722,30,2.1756559424323516
MID4,SID4,67,2017-03-08 06:16:20,1.361,26,2.389022757778153
MID5,SID5,67,2017-03-08 06:16:20,2.178,33,2.134173098718792
MID6,SID6,67,2017-03-08 06:16:20,1.633,27,2.4915539047321755
MID7,SID7,67,2017-03-08 06:16:20,2.722,33,2.4151439422274317
MID1,SID1,67,2017-03-08 06:16:20,1.906,32,2.449832110358707
MID2,SID2,67,2017-03-08 06:16:20,2.722,28,2.0840634167372274
MID3,SID3,67,2017-03-08 06:16:20,2.450,27,2.1065020587232777
MID29,SID29,67,2017-03-08 06:16:20,2.450,32,2.3812679859413555
MID28,SID28,67,2017-03-08 06:16:20,1.906,26,2.4586791748888044
MID27,SID27,67,2017-03-08 06:16:20,1.633,27,2.0162028428992875
MID26,SID26,67,2017-03-08 06:16:20,1.633,27,2.351631895760811
MID8,SID8,67,2017-03-08 06:16:20,1.906,28,2.442493114256745
MID25,SID25,67,2017-03-08 06:16:20,1.361,30,2.080060694412508
MID9,SID9,67,2017-03-08 06:16:20,2.178,31,2.383404143998256
MID24,SID24,67,2017-03-08 06:16:20,1.361,28,2.188938171353898
MID23,SID23,67,2017-03-08 06:16:20,2.178,28,2.4604493131223255
MID22,SID22,67,2017-03-08 06:16:20,1.906,29,2.0234412111837203
MID21,SID21,67,2017-03-08 06:16:20,1.633,30,2.4905459664204264
MID20,SID20,67,2017-03-08 06:16:20,1.906,32,2.217239692023998
MID100,SID100,67,2017-03-08 06:16:20,2.178,30,2.1755268727023642
MID79,SID79,67,2017-03-08 06:16:20,1.361,32,2.3689643366180078
MID78,SID78,67,2017-03-08 06:16:20,2.178,34,2.38609640478582
MID77,SID77,67,2017-03-08 06:16:20,1.361,28,2.449939933298447
MID76,SID76,67,2017-03-08 06:16:20,1.633,28,2.207059489335272
MID75,SID75,67,2017-03-08 06:16:20,1.906,28,2.3517171400872066
MID74,SID74,67,2017-03-08 06:16:20,2.178,31,2.1985681378846573
MID73,SID73,67,2017-03-08 06:16:20,1.633,32,2.0010802631648983
MID72,SID72,67,2017-03-08 06:16:20,2.722,27,2.2613796567165947
MID71,SID71,67,2017-03-08 06:16:20,1.633,25,2.1835519787999718
MID70,SID70,67,2017-03-08 06:16:20,1.633,30,2.1650262622826673
MID90,SID90,67,2017-03-08 06:16:20,2.178,33,2.4767000750081647
MID89,SID89,67,2017-03-08 06:16:20,2.722,27,2.091172334581369
MID88,SID88,67,2017-03-08 06:16:20,2.178,27,2.11011300188049
MID87,SID87,67,2017-03-08 06:16:20,2.450,32,2.114467184984327
MID86,SID86,67,2017-03-08 06:16:20,1.633,27,2.3915329011991115
MID85,SID85,67,2017-03-08 06:16:20,2.722,34,2.143803004143974
MID84,SID84,67,2017-03-08 06:16:20,1.633,32,2.4989888436982897
MID83,SID83,67,2017-03-08 06:16:20,1.633,33,2.3729507228805957
MID82,SID82,67,2017-03-08 06:16:20,2.450,28,2.436426233991136
MID81,SID81,67,2017-03-08 06:16:20,2.450,33,2.2217165171639444
MID80,SID80,67,2017-03-08 06:16:20,2.450,25,2.1826006447302837
MID59,SID59,67,2017-03-08 06:16:20,1.633,30,2.282968797888662
MID58,SID58,67,2017-03-08 06:16:20,1.633,30,2.359301319154911
MID57,SID57,67,2017-03-08 06:16:20,2.722,32,2.4610212527417836
MID56,SID56,67,2017-03-08 06:16:20,1.361,34,2.373773447416993
MID55,SID55,67,2017-03-08 06:16:20,2.178,28,2.0332953455099543
MID54,SID54,67,2017-03-08 06:16:20,1.361,30,2.370663548949845
MID53,SID53,67,2017-03-08 06:16:20,1.906,27,2.316114846764259
MID52,SID52,67,2017-03-08 06:16:20,2.722,33,2.066273190364062
MID51,SID51,67,2017-03-08 06:16:20,2.450,26,2.1007808737457045
MID50,SID50,67,2017-03-08 06:16:20,1.361,28,2.0374474455887444
MID69,SID69,67,2017-03-08 06:16:20,2.722,31,2.3049526921194197
MID68,SID68,67,2017-03-08 06:16:20,1.906,34,2.028683236845164
MID67,SID67,67,2017-03-08 06:16:20,2.450,32,2.3433302285186475
MID66,SID66,67,2017-03-08 06:16:20,1.633,28,2.0453779444751032
MID65,SID65,67,2017-03-08 06:16:20,2.450,31,2.3195590196345277
MID64,SID64,67,2017-03-08 06:16:20,2.178,31,2.311262724021989
MID63,SID63,67,2017-03-08 06:16:20,1.633,31,2.025836954592083
MID62,SID62,67,2017-03-08 06:16:20,2.722,27,2.2767519231600146
MID61,SID61,67,2017-03-08 06:16:20,2.450,30,2.202806939815551
MID60,SID60,67,2017-03-08 06:16:20,2.450,31,2.1974695429716076
MID39,SID39,67,2017-03-08 06:16:20,2.178,33,2.3377009167471514
MID38,SID38,67,2017-03-08 06:16:20,1.906,34,2.0046950749879233
MID37,SID37,67,2017-03-08 06:16:20,2.178,31,2.1833370018442326
MID36,SID36,67,2017-03-08 06:16:20,2.450,34,2.3528467091399876
MID35,SID35,67,2017-03-08 06:16:20,2.450,28,2.039791792743535
MID34,SID34,67,2017-03-08 06:16:20,1.361,26,2.4582093630407345
MID33,SID33,67,2017-03-08 06:16:20,2.722,29,2.3371478818667777
MID32,SID32,67,2017-03-08 06:16:20,2.450,34,2.129789661315528
MID31,SID31,67,2017-03-08 06:16:20,1.361,27,2.460230737865592
MID30,SID30,67,2017-03-08 06:16:20,1.906,26,2.263270381355089
MID49,SID49,67,2017-03-08 06:16:20,1.906,31,2.3840337130116662
MID48,SID48,67,2017-03-08 06:16:20,2.450,26,2.4194240891158785
MID47,SID47,67,2017-03-08 06:16:20,1.906,28,2.045728820536398
MID46,SID46,67,2017-03-08 06:16:20,2.178,26,2.4365348058920864
MID45,SID45,67,2017-03-08 06:16:20,1.906,30,2.449273451916701
MID44,SID44,67,2017-03-08 06:16:20,1.361,33,2.4682253907930525
MID43,SID43,67,2017-03-08 06:16:20,1.633,28,2.3747466853412975
MID42,SID42,67,2017-03-08 06:16:20,2.450,31,2.1251888144052558
MID41,SID41,67,2017-03-08 06:16:20,2.450,26,2.3840208732877195
MID40,SID40,67,2017-03-08 06:16:20,2.722,26,2.41427887340489
MID19,SID19,67,2017-03-08 06:16:30,2.200,33,2.1940837743738872
MID18,SID18,67,2017-03-08 06:16:30,1.925,27,2.4455330932750186
MID17,SID17,67,2017-03-08 06:16:30,2.200,29,2.4573434762910247
MID16,SID16,67,2017-03-08 06:16:30,1.925,25,2.33986907682676
MID15,SID15,67,2017-03-08 06:16:30,1.375,28,2.3599482857008147
MID14,SID14,67,2017-03-08 06:16:30,2.200,33,2.372474037922712
MID13,SID13,67,2017-03-08 06:16:30,2.475,32,2.348242022972276
MID12,SID12,67,2017-03-08 06:16:30,2.200,31,2.209625190139704
MID11,SID11,67,2017-03-08 06:16:30,2.750,29,2.3662282030805395
MID99,SID99,67,2017-03-08 06:16:30,1.925,32,2.4957175229034725
MID10,SID10,67,2017-03-08 06:16:30,1.375,30,2.284198718423946
MID98,SID98,67,2017-03-08 06:16:30,2.475,28,2.4391335412820627
MID97,SID97,67,2017-03-08 06:16:30,1.375,34,2.4653839220988516
MID96,SID96,67,2017-03-08 06:16:30,2.475,25,2.1788297167588713
MID95,SID95,67,2017-03-08 06:16:30,2.750,27,2.1008496331775115
MID94,SID94,67,2017-03-08 06:16:30,2.750,28,2.1433592459058106
MID93,SID93,67,2017-03-08 06:16:30,2.750,30,2.0215938703854204
MID92,SID92,67,2017-03-08 06:16:30,1.925,32,2.048040343785125
MID91,SID91,67,2017-03-08 06:16:30,2.750,32,2.275115445118849
MID4,SID4,67,2017-03-08 06:16:30,1.375,25,2.4692087103466496
MID5,SID5,67,2017-03-08 06:16:30,2.200,26,2.2296199087262165
MID6,SID6,67,2017-03-08 06:16:30,1.650,30,2.4287627358998543
MID7,SID7,67,2017-03-08 06:16:30,2.750,29,2.38100493435316
MID1,SID1,67,2017-03-08 06:16:30,1.925,26,2.475551564087107
MID2,SID2,67,2017-03-08 06:16:30,2.750,28,2.210050780999245
MID3,SID3,67,2017-03-08 06:16:30,2.475,31,2.2222753506814694
MID29,SID29,67,2017-03-08 06:16:30,2.475,32,2.0127143627108532
MID28,SID28,67,2017-03-08 06:16:30,1.925,34,2.429637551319676
MID27,SID27,67,2017-03-08 06:16:30,1.650,31,2.1941050757707714
MID26,SID26,67,2017-03-08 06:16:30,1.650,27,2.0215078476650685
MID8,SID8,67,2017-03-08 06:16:30,1.925,32,2.1793629329348487
MID25,SID25,67,2017-03-08 06:16:30,1.375,31,2.127257831251944
MID9,SID9,67,2017-03-08 06:16:30,2.200,30,2.1113538723714687
MID24,SID24,67,2017-03-08 06:16:30,1.375,32,2.4859033421779566
MID23,SID23,67,2017-03-08 06:16:30,2.200,25,2.324237480656519
MID22,SID22,67,2017-03-08 06:16:30,1.925,28,2.1874904276975577
MID21,SID21,67,2017-03-08 06:16:30,1.650,34,2.2195311899968524
MID20,SID20,67,2017-03-08 06:16:30,1.925,28,2.2715133991221146
MID100,SID100,67,2017-03-08 06:16:30,2.200,31,2.0411512550049475
MID79,SID79,67,2017-03-08 06:16:30,1.375,32,2.1940488237028584
MID78,SID78,67,2017-03-08 06:16:30,2.200,26,2.209974317377428
MID77,SID77,67,2017-03-08 06:16:30,1.375,28,2.2250820680006775
MID76,SID76,67,2017-03-08 06:16:30,1.650,27,2.472773358336548
MID75,SID75,67,2017-03-08 06:16:30,1.925,28,2.2625135090835857
MID74,SID74,67,2017-03-08 06:16:30,2.200,28,2.220461753094103
MID73,SID73,67,2017-03-08 06:16:30,1.650,31,2.0112783423028904
MID72,SID72,67,2017-03-08 06:16:30,2.750,31,2.282121409891394
MID71,SID71,67,2017-03-08 06:16:30,1.650,25,2.0717499566001387
MID70,SID70,67,2017-03-08 06:16:30,1.650,29,2.3125596905946426
MID90,SID90,67,2017-03-08 06:16:30,2.200,26,2.174591541021976
MID89,SID89,67,2017-03-08 06:16:30,2.750,30,2.3423365473751763
MID88,SID88,67,2017-03-08 06:16:30,2.200,27,2.4087024272687763
MID87,SID87,67,2017-03-08 06:16:30,2.475,29,2.20334257211863
MID86,SID86,67,2017-03-08 06:16:30,1.650,32,2.1449529915158303
MID85,SID85,67,2017-03-08 06:16:30,2.750,30,2.498836183897031
MID84,SID84,67,2017-03-08 06:16:30,1.650,34,2.2502583939785
MID83,SID83,67,2017-03-08 06:16:30,1.650,31,2.49779750520079
MID82,SID82,67,2017-03-08 06:16:30,2.475,29,2.245714265522668
MID81,SID81,67,2017-03-08 06:16:30,2.475,31,2.063549105077864
MID80,SID80,67,2017-03-08 06:16:30,2.475,30,2.2179108569390733
MID59,SID59,67,2017-03-08 06:16:30,1.650,29,2.1193579989371636
MID58,SID58,67,2017-03-08 06:16:30,1.650,26,2.3493159245753823
MID57,SID57,67,2017-03-08 06:16:30,2.750,26,2.2616320562139967
MID56,SID56,67,2017-03-08 06:16:30,1.375,28,2.4007056533269506
MID55,SID55,67,2017-03-08 06:16:30,2.200,26,2.2897367543085205
MID54,SID54,67,2017-03-08 06:16:30,1.375,28,2.2708295445519227
MID53,SID53,67,2017-03-08 06:16:30,1.925,30,2.317034929672552
MID52,SID52,67,2017-03-08 06:16:30,2.750,26,2.185981258222246
MID51,SID51,67,2017-03-08 06:16:30,2.475,25,2.0764532232456454
MID50,SID50,67,2017-03-08 06:16:30,1.375,33,2.243012746785373
MID69,SID69,67,2017-03-08 06:16:30,2.750,30,2.109118226598471
MID68,SID68,67,2017-03-08 06:16:30,1.925,26,2.4158855335566227
MID67,SID67,67,2017-03-08 06:16:30,2.475,32,2.125212223077595
MID66,SID66,67,2017-03-08 06:16:30,1.650,33,2.1476218524680153
MID65,SID65,67,2017-03-08 06:16:30,2.475,27,2.0601566493511005
MID64,SID64,67,2017-03-08 06:16:30,2.200,26,2.2934085989996773
MID63,SID63,67,2017-03-08 06:16:30,1.650,26,2.0708519295574246
MID62,SID62,67,2017-03-08 06:16:30,2.750,33,2.3084982341677245
MID61,SID61,67,2017-03-08 06:16:30,2.475,34,2.0278190029559706
MID60,SID60,67,2017-03-08 06:16:30,2.475,34,2.3196450129734565
MID39,SID39,67,2017-03-08 06:16:30,2.200,32,2.44771064771923
MID38,SID38,67,2017-03-08 06:16:30,1.925,31,2.2752455504480324
MID37,SID37,67,2017-03-08 06:16:30,2.200,28,2.2894723955865
MID36,SID36,67,2017-03-08 06:16:30,2.475,32,2.4764339683525782
MID35,SID35,67,2017-03-08 06:16:30,2.475,34,2.0380475838439747
MID34,SID34,67,2017-03-08 06:16:30,1.375,33,2.287388061962642
MID33,SID33,67,2017-03-08 06:16:30,2.750,32,2.4618930125163283
MID32,SID32,67,2017-03-08 06:16:30,2.475,34,2.401191110101183
MID31,SID31,67,2017-03-08 06:16:30,1.375,27,2.0014618230841705
MID30,SID30,67,2017-03-08 06:16:30,1.925,31,2.2672432480067006
MID49,SID49,67,2017-03-08 06:16:30,1.925,34,2.320732276375937
MID48,SID48,67,2017-03-08 06:16:30,2.475,28,2.2810842941395792
MID47,SID47,67,2017-03-08 06:16:30,1.925,34,2.308660523884811
MID46,SID46,67,2017-03-08 06:16:30,2.200,33,2.2127574701954345
MID45,SID45,67,2017-03-08 06:16:30,1.925,32,2.1275018407899946
MID44,SID44,67,2017-03-08 06:16:30,1.375,27,2.1788227479736597
MID43,SID43,67,2017-03-08 06:16:30,1.650,31,2.148864485503445
MID42,SID42,67,2017-03-08 06:16:30,2.475,33,2.2240636240312717
MID41,SID41,67,2017-03-08 06:16:30,2.475,26,2.376305989447492
MID40,SID40,67,2017-03-08 06:16:30,2.750,26,2.254377872606663
MID19,SID19,67,2017-03-08 06:16:40,2.222,30,2.4971069879684284
MID18,SID18,67,2017-03-08 06:16:40,1.944,30,2.23124815670154
MID17,SID17,67,2017-03-08 06:16:40,2.222,29,2.3127838703059944
MID16,SID16,67,2017-03-08 06:16:40,1.944,26,2.265274477391514
MID15,SID15,67,2017-03-08 06:16:40,1.389,32,2.2264460056442554
MID14,SID14,67,2017-03-08 06:16:40,2.222,29,2.242821887953749
MID13,SID13,67,2017-03-08 06:16:40,2.500,34,2.1334981994766404
MID12,SID12,67,2017-03-08 06:16:40,2.222,30,2.279882606226929
MID11,SID11,67,2017-03-08 06:16:40,2.778,27,2.2271020512508826
MID99,SID99,67,2017-03-08 06:16:40,1.944,29,2.3833057230122963
MID10,SID10,67,2017-03-08 06:16:40,1.389,33,2.458063887709181
MID98,SID98,67,2017-03-08 06:16:40,2.500,26,2.0954695101383303
MID97,SID97,67,2017-03-08 06:16:40,1.389,28,2.2671065541562774
MID96,SID96,67,2017-03-08 06:16:40,2.500,25,2.4590888269233444
MID95,SID95,67,2017-03-08 06:16:40,2.778,29,2.2280499979199453
MID94,SID94,67,2017-03-08 06:16:40,2.778,26,2.1914449568647543
MID93,SID93,67,2017-03-08 06:16:40,2.778,27,2.294859547183494
MID92,SID92,67,2017-03-08 06:16:40,1.944,29,2.1422000878473426
MID91,SID91,67,2017-03-08 06:16:40,2.778,34,2.467124476531402
MID4,SID4,67,2017-03-08 06:16:40,1.389,34,2.1354079306316462
MID5,SID5,67,2017-03-08 06:16:40,2.222,27,2.0789807090112067
MID6,SID6,67,2017-03-08 06:16:40,1.667,30,2.447617648932609
MID7,SID7,67,2017-03-08 06:16:40,2.778,32,2.2301874636432477
MID1,SID1,67,2017-03-08 06:16:40,1.944,31,2.3622618830552193
MID2,SID2,67,2017-03-08 06:16:40,2.778,34,2.035346019782563
MID3,SID3,67,2017-03-08 06:16:40,2.500,25,2.2105030119767575
MID29,SID29,67,2017-03-08 06:16:40,2.500,34,2.336213247708441
MID28,SID28,67,2017-03-08 06:16:40,1.944,26,2.3139436808969673
MID27,SID27,67,2017-03-08 06:16:40,1.667,26,2.0745981281070205
MID26,SID26,67,2017-03-08 06:16:40,1.667,31,2.3917458133187584
MID8,SID8,67,2017-03-08 06:16:40,1.944,31,2.0750298527334095
MID25,SID25,67,2017-03-08 06:16:40,1.389,30,2.106179478983649
MID9,SID9,67,2017-03-08 06:16:40,2.222,26,2.4284690741683996
MID24,SID24,67,2017-03-08 06:16:40,1.389,31,2.024347106403046
MID23,SID23,67,2017-03-08 06:16:40,2.222,29,2.1684483591089414
MID22,SID22,67,2017-03-08 06:16:40,1.944,29,2.461517484816716
MID21,SID21,67,2017-03-08 06:16:40,1.667,30,2.2128720944799145
MID20,SID20,67,2017-03-08 06:16:40,1.944,27,2.3150884205450417
MID100,SID100,67,2017-03-08 06:16:40,2.222,28,2.057619219374431
MID79,SID79,67,2017-03-08 06:16:40,1.389,25,2.1984144907775125
MID78,SID78,67,2017-03-08 06:16:40,2.222,27,2.027652818245943
MID77,SID77,67,2017-03-08 06:16:40,1.389,32,2.3738696191973068
MID76,SID76,67,2017-03-08 06:16:40,1.667,30,2.1665643393278864
MID75,SID75,67,2017-03-08 06:16:40,1.944,30,2.4922019118710943
MID74,SID74,67,2017-03-08 06:16:40,2.222,33,2.314238470557698
MID73,SID73,67,2017-03-08 06:16:40,1.667,29,2.4925994432176046
MID72,SID72,67,2017-03-08 06:16:40,2.778,28,2.0238275021695826
MID71,SID71,67,2017-03-08 06:16:40,1.667,34,2.167767691391244
MID70,SID70,67,2017-03-08 06:16:40,1.667,33,2.4267815033372573
MID90,SID90,67,2017-03-08 06:16:40,2.222,32,2.1876898730998047
MID89,SID89,67,2017-03-08 06:16:40,2.778,25,2.205953653835384
MID88,SID88,67,2017-03-08 06:16:40,2.222,30,2.407084954161109
MID87,SID87,67,2017-03-08 06:16:40,2.500,28,2.08722739326113
MID86,SID86,67,2017-03-08 06:16:40,1.667,31,2.0277503726063326
MID85,SID85,67,2017-03-08 06:16:40,2.778,28,2.415716507511526
MID84,SID84,67,2017-03-08 06:16:40,1.667,25,2.3027141752471967
MID83,SID83,67,2017-03-08 06:16:40,1.667,34,2.111154835497809
MID82,SID82,67,2017-03-08 06:16:40,2.500,29,2.131318918321534
MID81,SID81,67,2017-03-08 06:16:40,2.500,31,2.1061472124630067
MID80,SID80,67,2017-03-08 06:16:40,2.500,30,2.417396229904601
MID59,SID59,67,2017-03-08 06:16:40,1.667,32,2.051918321914914
MID58,SID58,67,2017-03-08 06:16:40,1.667,25,2.205195970187678
MID57,SID57,67,2017-03-08 06:16:40,2.778,29,2.4850700003053205
MID56,SID56,67,2017-03-08 06:16:40,1.389,32,2.166949264136666
MID55,SID55,67,2017-03-08 06:16:40,2.222,33,2.2500066904943954
MID54,SID54,67,2017-03-08 06:16:40,1.389,29,2.4298497586489978
MID53,SID53,67,2017-03-08 06:16:40,1.944,25,2.2445154856637415
MID52,SID52,67,2017-03-08 06:16:40,2.778,26,2.2935625271938997
MID51,SID51,67,2017-03-08 06:16:40,2.500,31,2.0342704109532668
MID50,SID50,67,2017-03-08 06:16:40,1.389,29,2.3369469775525684
MID69,SID69,67,2017-03-08 06:16:40,2.778,32,2.0235849580305314
MID68,SID68,67,2017-03-08 06:16:40,1.944,26,2.3690617310338147
MID67,SID67,67,2017-03-08 06:16:40,2.500,27,2.2335218909979626
MID66,SID66,67,2017-03-08 06:16:40,1.667,27,2.481560935601626
MID65,SID65,67,2017-03-08 06:16:40,2.500,34,2.459416957847461
MID64,SID64,67,2017-03-08 06:16:40,2.222,32,2.3632692908326036
MID63,SID63,67,2017-03-08 06:16:40,1.667,26,2.287582413881816
MID62,SID62,67,2017-03-08 06:16:40,2.778,31,2.4108675282533394
MID61,SID61,67,2017-03-08 06:16:40,2.500,32,2.0700755804322166
MID60,SID60,67,2017-03-08 06:16:40,2.500,32,2.4455844827214053
MID39,SID39,67,2017-03-08 06:16:40,2.222,31,2.4873284233424506
MID38,SID38,67,2017-03-08 06:16:40,1.944,28,2.113417962349864
MID37,SID37,67,2017-03-08 06:16:40,2.222,33,2.016682531757363
MID36,SID36,67,2017-03-08 06:16:40,2.500,31,2.019394583438608
MID35,SID35,67,2017-03-08 06:16:40,2.500,34,2.367802713172905
MID34,SID34,67,2017-03-08 06:16:40,1.389,33,2.124798096012932
MID33,SID33,67,2017-03-08 06:16:40,2.778,27,2.0015421506990156
MID32,SID32,67,2017-03-08 06:16:40,2.500,30,2.29975388993372
MID31,SID31,67,2017-03-08 06:16:40,1.389,34,2.2032360297469653
MID30,SID30,67,2017-03-08 06:16:40,1.944,34,2.378105638240085
MID49,SID49,67,2017-03-08 06:16:40,1.944,27,2.4589732762558194
MID48,SID48,67,2017-03-08 06:16:40,2.500,34,2.3651016683637067
MID47,SID47,67,2017-03-08 06:16:40,1.944,33,2.2083579124066226
MID46,SID46,67,2017-03-08 06:16:40,2.222,32,2.2085976031288346
MID45,SID45,67,2017-03-08 06:16:40,1.944,34,2.4631982327566173
MID44,SID44,67,2017-03-08 06:16:40,1.389,32,2.452429730624718
MID43,SID43,67,2017-03-08 06:16:40,1.667,29,2.030481549153878
MID42,SID42,67,2017-03-08 06:16:40,2.500,28,2.1099956314942743
MID41,SID41,67,2017-03-08 06:16:40,2.500,26,2.295265120769909
MID40,SID40,67,2017-03-08 06:16:40,2.778,30,2.261087653026101
MID19,SID19,67,2017-03-08 06:16:50,2.244,31,2.110220615327696
MID18,SID18,67,2017-03-08 06:16:50,1.964,30,2.414514329035137
MID17,SID17,67,2017-03-08 06:16:50,2.244,34,2.2236622771003267
MID16,SID16,67,2017-03-08 06:16:50,1.964,25,2.097327374969137
MID15,SID15,67,2017-03-08 06:16:50,1.403,31,2.412570726108551
MID14,SID14,67,2017-03-08 06:16:50,2.244,33,2.344917333912349
MID13,SID13,67,2017-03-08 06:16:50,2.525,30,2.0418460701030714
MID12,SID12,67,2017-03-08 06:16:50,2.244,31,2.345435004115825
MID11,SID11,67,2017-03-08 06:16:50,2.806,33,2.2601898454312566
MID99,SID99,67,2017-03-08 06:16:50,1.964,32,2.475370608288059
MID10,SID10,67,2017-03-08 06:16:50,1.403,34,2.003838370880179
MID98,SID98,67,2017-03-08 06:16:50,2.525,26,2.2163748945839266
MID97,SID97,67,2017-03-08 06:16:50,1.403,30,2.29199333582334
MID96,SID96,67,2017-03-08 06:16:50,2.525,28,2.0569241830002847
MID95,SID95,67,2017-03-08 06:16:50,2.806,31,2.4828260891651794
MID94,SID94,67,2017-03-08 06:16:50,2.806,32,2.0924764535453804
MID93,SID93,67,2017-03-08 06:16:50,2.806,26,2.4658924266318083
MID92,SID92,67,2017-03-08 06:16:50,1.964,26,2.4367588942073626
MID91,SID91,67,2017-03-08 06:16:50,2.806,32,2.088576514065843
MID4,SID4,67,2017-03-08 06:16:50,1.403,25,2.2538153912393994
MID5,SID5,67,2017-03-08 06:16:50,2.244,25,2.3465146420659306
MID6,SID6,67,2017-03-08 06:16:50,1.683,34,2.266444968874451
MID7,SID7,67,2017-03-08 06:16:50,2.806,34,2.399286933190627
MID1,SID1,67,2017-03-08 06:16:50,1.964,31,2.102640669505047
MID2,SID2,67,2017-03-08 06:16:50,2.806,29,2.3087191905477984
MID3,SID3,67,2017-03-08 06:16:50,2.525,31,2.418271345513003
MID29,SID29,67,2017-03-08 06:16:50,2.525,28,2.202665380735797
MID28,SID28,67,2017-03-08 06:16:50,1.964,25,2.2879643606264723
MID27,SID27,67,2017-03-08 06:16:50,1.683,33,2.2999321318213135
MID26,SID26,67,2017-03-08 06:16:50,1.683,33,2.3684657666198827
MID8,SID8,67,2017-03-08 06:16:50,1.964,32,2.191930304764668
MID25,SID25,67,2017-03-08 06:16:50,1.403,28,2.3667650236549123
MID9,SID9,67,2017-03-08 06:16:50,2.244,34,2.219391948465177
MID24,SID24,67,2017-03-08 06:16:50,1.403,30,2.269753572041209
MID23,SID23,67,2017-03-08 06:16:50,2.244,30,2.0036881791927117
MID22,SID22,67,2017-03-08 06:16:50,1.964,26,2.1822502315887222
MID21,SID21,67,2017-03-08 06:16:50,1.683,28,2.338010398115288
MID20,SID20,67,2017-03-08 06:16:50,1.964,31,2.3518769921716327
MID100,SID100,67,2017-03-08 06:16:50,2.244,29,2.4039371467262085
MID79,SID79,67,2017-03-08 06:16:50,1.403,32,2.0243954110072737
MID78,SID78,67,2017-03-08 06:16:50,2.244,34,2.1964028542847864
MID77,SID77,67,2017-03-08 06:16:50,1.403,26,2.462877067722533
MID76,SID76,67,2017-03-08 06:16:50,1.683,31,2.2114844492279824
MID75,SID75,67,2017-03-08 06:16:50,1.964,34,2.2062977096342355
MID74,SID74,67,2017-03-08 06:16:50,2.244,30,2.2721182567381675
MID73,SID73,67,2017-03-08 06:16:50,1.683,31,2.2319625959893052
MID72,SID72,67,2017-03-08 06:16:50,2.806,32,2.276743565482469
MID71,SID71,67,2017-03-08 06:16:50,1.683,32,2.311561790408367
MID70,SID70,67,2017-03-08 06:16:50,1.683,26,2.135172923293977
MID90,SID90,67,2017-03-08 06:16:50,2.244,31,2.34693931624111
MID89,SID89,67,2017-03-08 06:16:50,2.806,28,2.290642762089122
MID88,SID88,67,2017-03-08 06:16:50,2.244,27,2.1642470711951947
MID87,SID87,67,2017-03-08 06:16:50,2.525,33,2.154293264058091
MID86,SID86,67,2017-03-08 06:16:50,1.683,27,2.4620638075205172
MID85,SID85,67,2017-03-08 06:16:50,2.806,34,2.011392243050806
MID84,SID84,67,2017-03-08 06:16:50,1.683,32,2.4372730236964806
MID83,SID83,67,2017-03-08 06:16:50,1.683,34,2.1466329763921683
MID82,SID82,67,2017-03-08 06:16:50,2.525,33,2.486254550067848
MID81,SID81,67,2017-03-08 06:16:50,2.525,25,2.227930439971161
MID80,SID80,67,2017-03-08 06:16:50,2.525,31,2.0984397872794442
MID59,SID59,67,2017-03-08 06:16:50,1.683,27,2.085023553597283
MID58,SID58,67,2017-03-08 06:16:50,1.683,31,2.460645010726542
MID57,SID57,67,2017-03-08 06:16:50,2.806,27,2.088473233313681
MID56,SID56,67,2017-03-08 06:16:50,1.403,33,2.4079266983523486
MID55,SID55,67,2017-03-08 06:16:50,2.244,32,2.1194470651337687
MID54,SID54,67,2017-03-08 06:16:50,1.403,27,2.0703197422168143
MID53,SID53,67,2017-03-08 06:16:50,1.964,26,2.379598892236197
MID52,SID52,67,2017-03-08 06:16:50,2.806,34,2.487109944342249
MID51,SID51,67,2017-03-08 06:16:50,2.525,27,2.3827470001464435
MID50,SID50,67,2017-03-08 06:16:50,1.403,28,2.4970045638183733
MID69,SID69,67,2017-03-08 06:16:50,2.806,33,2.2961921460260157
MID68,SID68,67,2017-03-08 06:16:50,1.964,30,2.1100406061886137
MID67,SID67,67,2017-03-08 06:16:50,2.525,33,2.384617317594592
MID66,SID66,67,2017-03-08 06:16:50,1.683,28,2.070572334049829
MID65,SID65,67,2017-03-08 06:16:50,2.525,34,2.1804458905137256
MID64,SID64,67,2017-03-08 06:16:50,2.244,26,2.270602164177621
MID63,SID63,67,2017-03-08 06:16:50,1.683,27,2.165816090334676
MID62,SID62,67,2017-03-08 06:16:50,2.806,31,2.0313257602167556
MID61,SID61,67,2017-03-08 06:16:50,2.525,26,2.293675005931124
MID60,SID60,67,2017-03-08 06:16:50,2.525,30,2.16962091568543
MID39,SID39,67,2017-03-08 06:16:50,2.244,34,2.1801403327250792
MID38,SID38,67,2017-03-08 06:16:50,1.964,28,2.4173775886005386
MID37,SID37,67,2017-03-08 06:16:50,2.244,32,2.267860310481463
MID36,SID36,67,2017-03-08 06:16:50,2.525,25,2.0207427680476235
MID35,SID35,67,2017-03-08 06:16:50,2.525,25,2.287649666750943
MID34,SID34,67,2017-03-08 06:16:50,1.403,32,2.4717010547985763
MID33,SID33,67,2017-03-08 06:16:50,2.806,33,2.41150573869354
MID32,SID32,67,2017-03-08 06:16:50,2.525,31,2.4323773236954342
MID31,SID31,67,2017-03-08 06:16:50,1.403,33,2.0788808355436394
MID30,SID30,67,2017-03-08 06:16:50,1.964,25,2.036508881332206
MID49,SID49,67,2017-03-08 06:16:50,1.964,32,2.2616830575024167
MID48,SID48,67,2017-03-08 06:16:50,2.525,30,2.319507057054474
MID47,SID47,67,2017-03-08 06:16:50,1.964,33,2.209654990155853
MID46,SID46,67,2017-03-08 06:16:50,2.244,26,2.2421636951677475
MID45,SID45,67,2017-03-08 06:16:50,1.964,34,2.0589855108578505
MID44,SID44,67,2017-03-08 06:16:50,1.403,27,2.1665684900873434
MID43,SID43,67,2017-03-08 06:16:50,1.683,33,2.228007898139083
MID42,SID42,67,2017-03-08 06:16:50,2.525,33,2.432861771030325
MID41,SID41,67,2017-03-08 06:16:50,2.525,28,2.3515175683223406
MID40,SID40,67,2017-03-08 06:16:50,2.806,32,2.330689144723872
MID19,SID19,67,2017-03-08 06:17:00,2.267,30,2.271397587258499
MID18,SID18,67,2017-03-08 06:17:00,1.983,32,2.336749194037572
MID17,SID17,67,2017-03-08 06:17:00,2.267,32,2.3291498364278516
MID16,SID16,67,2017-03-08 06:17:00,1.983,34,2.1770852555573486
MID15,SID15,67,2017-03-08 06:17:00,1.417,26,2.384042085911578
MID14,SID14,67,2017-03-08 06:17:00,2.267,33,2.162802670047182
MID13,SID13,67,2017-03-08 06:17:00,2.550,32,2.2526183206790082
MID12,SID12,67,2017-03-08 06:17:00,2.267,31,2.3065083734368725
MID11,SID11,67,2017-03-08 06:17:00,2.833,25,2.035566555628847
MID99,SID99,67,2017-03-08 06:17:00,1.983,26,2.14032230133434
MID10,SID10,67,2017-03-08 06:17:00,1.417,32,2.0313267043197394
MID98,SID98,67,2017-03-08 06:17:00,2.550,28,2.3484585433980856
MID97,SID97,67,2017-03-08 06:17:00,1.417,27,2.45541478952362
MID96,SID96,67,2017-03-08 06:17:00,2.550,28,2.305549226724698
MID95,SID95,67,2017-03-08 06:17:00,2.833,34,2.0886612876133195
MID94,SID94,67,2017-03-08 06:17:00,2.833,32,2.31663713584321
MID93,SID93,67,2017-03-08 06:17:00,2.833,32,2.193105651065859
MID92,SID92,67,2017-03-08 06:17:00,1.983,31,2.122801391395257
MID91,SID91,67,2017-03-08 06:17:00,2.833,25,2.1779720716859035
MID4,SID4,67,2017-03-08 06:17:00,1.417,25,2.067447795271479
MID5,SID5,67,2017-03-08 06:17:00,2.267,25,2.4196529909533964
MID6,SID6,67,2017-03-08 06:17:00,1.700,30,2.0876090348826946
MID7,SID7,67,2017-03-08 06:17:00,2.833,33,2.4247150922922547
MID1,SID1,67,2017-03-08 06:17:00,1.983,28,2.025807980129726
MID2,SID2,67,2017-03-08 06:17:00,2.833,34,2.4619642031031974
MID3,SID3,67,2017-03-08 06:17:00,2.550,28,2.073378401186585
MID29,SID29,67,2017-03-08 06:17:00,2.550,25,2.2061265312083935
MID28,SID28,67,2017-03-08 06:17:00,1.983,28,2.4368189579176445
MID27,SID27,67,2017-03-08 06:17:00,1.700,26,2.060633340896718
MID26,SID26,67,2017-03-08 06:17:00,1.700,26,2.3303648137878232
MID8,SID8,67,2017-03-08 06:17:00,1.983,31,2.4781050170303085
MID25,SID25,67,2017-03-08 06:17:00,1.417,33,2.3519200056710527
MID9,SID9,67,2017-03-08 06:17:00,2.267,34,2.1518311133481514
MID24,SID24,67,2017-03-08 06:17:00,1.417,33,2.2091977205626976
MID23,SID23,67,2017-03-08 06:17:00,2.267,25,2.0436046488797617
MID22,SID22,67,2017-03-08 06:17:00,1.983,29,2.0798406942738827
MID21,SID21,67,2017-03-08 06:17:00,1.700,29,2.45159646719879
MID20,SID20,67,2017-03-08 06:17:00,1.983,33,2.4665210035612524
MID100,SID100,67,2017-03-08 06:17:00,2.267,31,2.315177814556705
MID79,SID79,67,2017-03-08 06:17:00,1.417,34,2.0051730022561296
MID78,SID78,67,2017-03-08 06:17:00,2.267,33,2.2236019324309697
MID77,SID77,67,2017-03-08 06:17:00,1.417,25,2.4955838473259715
MID76,SID76,67,2017-03-08 06:17:00,1.700,32,2.407640846780064
MID75,SID75,67,2017-03-08 06:17:00,1.983,33,2.074091678217568
MID74,SID74,67,2017-03-08 06:17:00,2.267,32,2.0484890828776
MID73,SID73,67,2017-03-08 06:17:00,1.700,28,2.155240142350635
MID72,SID72,67,2017-03-08 06:17:00,2.833,32,2.003540737749918
MID71,SID71,67,2017-03-08 06:17:00,1.700,27,2.4644468497753445
MID70,SID70,67,2017-03-08 06:17:00,1.700,26,2.4492197911849694
MID90,SID90,67,2017-03-08 06:17:00,2.267,27,2.161207301505602
MID89,SID89,67,2017-03-08 06:17:00,2.833,25,2.00921472829099
MID88,SID88,67,2017-03-08 06:17:00,2.267,31,2.2987514105665485
MID87,SID87,67,2017-03-08 06:17:00,2.550,29,2.034610383846387
MID86,SID86,67,2017-03-08 06:17:00,1.700,30,2.4724354994759223
MID85,SID85,67,2017-03-08 06:17:00,2.833,28,2.3800715177093625
MID84,SID84,67,2017-03-08 06:17:00,1.700,26,2.472303341735221
MID83,SID83,67,2017-03-08 06:17:00,1.700,31,2.1895527521299765
MID82,SID82,67,2017-03-08 06:17:00,2.550,34,2.182674157582137
MID81,SID81,67,2017-03-08 06:17:00,2.550,25,2.3614710263407384
MID80,SID80,67,2017-03-08 06:17:00,2.550,30,2.2893038532317256
MID59,SID59,67,2017-03-08 06:17:00,1.700,33,2.1596469145420625
MID58,SID58,67,2017-03-08 06:17:00,1.700,27,2.086807615170332
MID57,SID57,67,2017-03-08 06:17:00,2.833,31,2.342410566461176
MID56,SID56,67,2017-03-08 06:17:00,1.417,32,2.357270645735092
MID55,SID55,67,2017-03-08 06:17:00,2.267,31,2.1711543472513473
MID54,SID54,67,2017-03-08 06:17:00,1.417,34,2.4264239872054016
MID53,SID53,67,2017-03-08 06:17:00,1.983,30,2.3649047220085757
MID52,SID52,67,2017-03-08 06:17:00,2.833,33,2.328188245455104
MID51,SID51,67,2017-03-08 06:17:00,2.550,25,2.3283552646682812
MID50,SID50,67,2017-03-08 06:17:00,1.417,34,2.3236612844346354
MID69,SID69,67,2017-03-08 06:17:00,2.833,29,2.1963187774666126
MID68,SID68,67,2017-03-08 06:17:00,1.983,26,2.2890473333567076
MID67,SID67,67,2017-03-08 06:17:00,2.550,27,2.1601591773349904
MID66,SID66,67,2017-03-08 06:17:00,1.700,26,2.1171629321443284
MID65,SID65,67,2017-03-08 06:17:00,2.550,27,2.278324262633984
MID64,SID64,67,2017-03-08 06:17:00,2.267,33,2.073540889052079
MID63,SID63,67,2017-03-08 06:17:00,1.700,32,2.020113167527479
MID62,SID62,67,2017-03-08 06:17:00,2.833,26,2.4064459125896125
MID61,SID61,67,2017-03-08 06:17:00,2.550,32,2.0215477524885777
MID60,SID60,67,2017-03-08 06:17:00,2.550,27,2.2087900551156228
MID39,SID39,67,2017-03-08 06:17:00,2.267,27,2.1271635169526157
MID38,SID38,67,2017-03-08 06:17:00,1.983,25,2.34745256144301
MID37,SID37,67,2017-03-08 06:17:00,2.267,33,2.2446969993390935
MID36,SID36,67,2017-03-08 06:17:00,2.550,27,2.006546081706553
MID35,SID35,67,2017-03-08 06:17:00,2.550,33,2.212001948948816
MID34,SID34,67,2017-03-08 06:17:00,1.417,27,2.1858274818862804
MID33,SID33,67,2017-03-08 06:17:00,2.833,27,2.0565908102817305
MID32,SID32,67,2017-03-08 06:17:00,2.550,34,2.1617021122152846
MID31,SID31,67,2017-03-08 06:17:00,1.417,33,2.403565172122934
MID30,SID30,67,2017-03-08 06:17:00,1.983,34,2.325230978459822
MID49,SID49,67,2017-03-08 06:17:00,1.983,30,2.135254726213553
MID48,SID48,67,2017-03-08 06:17:00,2.550,28,2.3228454402803473
MID47,SID47,67,2017-03-08 06:17:00,1.983,29,2.1303433523884188
MID46,SID46,67,2017-03-08 06:17:00,2.267,28,2.493860919164767
MID45,SID45,67,2017-03-08 06:17:00,1.983,27,2.236980426829377
MID44,SID44,67,2017-03-08 06:17:00,1.417,27,2.2548700917166222
MID43,SID43,67,2017-03-08 06:17:00,1.700,30,2.247911525126803
MID42,SID42,67,2017-03-08 06:17:00,2.550,28,2.48921711242995
MID41,SID41,67,2017-03-08 06:17:00,2.550,27,2.475200543290685
MID40,SID40,67,2017-03-08 06:17:00,2.833,30,2.265528965983759
MID19,SID19,67,2017-03-08 06:17:10,2.289,33,2.217022662367282
MID18,SID18,67,2017-03-08 06:17:10,2.003,29,2.061087723897309
MID17,SID17,67,2017-03-08 06:17:10,2.289,34,2.0769671559526106
MID16,SID16,67,2017-03-08 06:17:10,2.003,28,2.0992021440825708
MID15,SID15,67,2017-03-08 06:17:10,1.431,33,2.1954626141645983
MID14,SID14,67,2017-03-08 06:17:10,2.289,31,2.471574908497118
MID13,SID13,67,2017-03-08 06:17:10,2.575,28,2.4358051098363407
MID12,SID12,67,2017-03-08 06:17:10,2.289,28,2.1675757818397234
MID11,SID11,67,2017-03-08 06:17:10,2.861,26,2.472652987045299
MID99,SID99,67,2017-03-08 06:17:10,2.003,33,2.156771463626361
MID10,SID10,67,2017-03-08 06:17:10,1.431,30,2.0219199505233916
MID98,SID98,67,2017-03-08 06:17:10,2.575,28,2.0436336654356793
MID97,SID97,67,2017-03-08 06:17:10,1.431,25,2.273095621983032
MID96,SID96,67,2017-03-08 06:17:10,2.575,25,2.1580930642874683
MID95,SID95,67,2017-03-08 06:17:10,2.861,27,2.0592838192774106
MID94,SID94,67,2017-03-08 06:17:10,2.861,32,2.428452784075319
MID93,SID93,67,2017-03-08 06:17:10,2.861,32,2.1833240151592266
MID92,SID92,67,2017-03-08 06:17:10,2.003,29,2.3171693202278814
MID91,SID91,67,2017-03-08 06:17:10,2.861,29,2.0454738010736926
MID4,SID4,67,2017-03-08 06:17:10,1.431,33,2.243036963883332
MID5,SID5,67,2017-03-08 06:17:10,2.289,30,2.190850056168465
MID6,SID6,67,2017-03-08 06:17:10,1.717,26,2.4665293621794437
MID7,SID7,67,2017-03-08 06:17:10,2.861,27,2.2562566023854083
MID1,SID1,67,2017-03-08 06:17:10,2.003,34,2.0980703539050567
MID2,SID2,67,2017-03-08 06:17:10,2.861,30,2.3055395995013503
MID3,SID3,67,2017-03-08 06:17:10,2.575,28,2.4438749821262893
MID29,SID29,67,2017-03-08 06:17:10,2.575,30,2.276889701820856
MID28,SID28,67,2017-03-08 06:17:10,2.003,30,2.3107029744233385
MID27,SID27,67,2017-03-08 06:17:10,1.717,33,2.1553740355436886
MID26,SID26,67,2017-03-08 06:17:10,1.717,29,2.3518534655514722
MID8,SID8,67,2017-03-08 06:17:10,2.003,31,2.342143482167439
MID25,SID25,67,2017-03-08 06:17:10,1.431,28,2.1986735607385763
MID9,SID9,67,2017-03-08 06:17:10,2.289,27,2.160186743565425
MID24,SID24,67,2017-03-08 06:17:10,1.431,34,2.4987186079612393
MID23,SID23,67,2017-03-08 06:17:10,2.289,26,2.039146474574164
MID22,SID22,67,2017-03-08 06:17:10,2.003,34,2.1848227408315637
MID21,SID21,67,2017-03-08 06:17:10,1.717,26,2.033810758707057
MID20,SID20,67,2017-03-08 06:17:10,2.003,33,2.167100161979602
MID100,SID100,67,2017-03-08 06:17:10,2.289,31,2.426639865370131
MID79,SID79,67,2017-03-08 06:17:10,1.431,30,2.0134983943118256
MID78,SID78,67,2017-03-08 06:17:10,2.289,30,2.495979644757467
MID77,SID77,67,2017-03-08 06:17:10,1.431,32,2.41503608234103
MID76,SID76,67,2017-03-08 06:17:10,1.717,26,2.4391650424090248
MID75,SID75,67,2017-03-08 06:17:10,2.003,31,2.461684918133705
MID74,SID74,67,2017-03-08 06:17:10,2.289,30,2.291468859211497
MID73,SID73,67,2017-03-08 06:17:10,1.717,29,2.4478189788352274
MID72,SID72,67,2017-03-08 06:17:10,2.861,31,2.490899531685542
MID71,SID71,67,2017-03-08 06:17:10,1.717,25,2.2931425185523175
MID70,SID70,67,2017-03-08 06:17:10,1.717,30,2.3738375479933143
MID90,SID90,67,2017-03-08 06:17:10,2.289,27,2.1256749047165524
MID89,SID89,67,2017-03-08 06:17:10,2.861,34,2.3461983169606295
MID88,SID88,67,2017-03-08 06:17:10,2.289,32,2.068622738689639
MID87,SID87,67,2017-03-08 06:17:10,2.575,32,2.4140718010294595
MID86,SID86,67,2017-03-08 06:17:10,1.717,34,2.2952810030475583
MID85,SID85,67,2017-03-08 06:17:10,2.861,31,2.1794157758977812
MID84,SID84,67,2017-03-08 06:17:10,1.717,25,2.203709135219413
MID83,SID83,67,2017-03-08 06:17:10,1.717,28,2.234916658780085
MID82,SID82,67,2017-03-08 06:17:10,2.575,25,2.2005265319098704
MID81,SID81,67,2017-03-08 06:17:10,2.575,32,2.002375116854149
MID80,SID80,67,2017-03-08 06:17:10,2.575,30,2.2095863022808357
MID59,SID59,67,2017-03-08 06:17:10,1.717,26,2.0737546031483003
MID58,SID58,67,2017-03-08 06:17:10,1.717,28,2.22944621597301
MID57,SID57,67,2017-03-08 06:17:10,2.861,32,2.478443935914849
MID56,SID56,67,2017-03-08 06:17:10,1.431,29,2.4105678893525635
MID55,SID55,67,2017-03-08 06:17:10,2.289,29,2.1932557113914473
MID54,SID54,67,2017-03-08 06:17:10,1.431,33,2.2822350574913637
MID53,SID53,67,2017-03-08 06:17:10,2.003,27,2.4166260992795583
MID52,SID52,67,2017-03-08 06:17:10,2.861,32,2.155567035876174
MID51,SID51,67,2017-03-08 06:17:10,2.575,28,2.4821257683323283
MID50,SID50,67,2017-03-08 06:17:10,1.431,34,2.4065669320961294
MID69,SID69,67,2017-03-08 06:17:10,2.861,31,2.3728826803832908
MID68,SID68,67,2017-03-08 06:17:10,2.003,34,2.1784661738233875
MID67,SID67,67,2017-03-08 06:17:10,2.575,28,2.28026555313685
MID66,SID66,67,2017-03-08 06:17:10,1.717,31,2.3554756065582487
MID65,SID65,67,2017-03-08 06:17:10,2.575,25,2.0983345694154965
MID64,SID64,67,2017-03-08 06:17:10,2.289,28,2.106850756722942
MID63,SID63,67,2017-03-08 06:17:10,1.717,30,2.375967954253712
MID62,SID62,67,2017-03-08 06:17:10,2.861,29,2.0583244095078643
MID61,SID61,67,2017-03-08 06:17:10,2.575,34,2.011325887444417
MID60,SID60,67,2017-03-08 06:17:10,2.575,28,2.016483777699028
MID39,SID39,67,2017-03-08 06:17:10,2.289,28,2.216127484286704
MID38,SID38,67,2017-03-08 06:17:10,2.003,30,2.1921163815355307
MID37,SID37,67,2017-03-08 06:17:10,2.289,25,2.0719166023697677
MID36,SID36,67,2017-03-08 06:17:10,2.575,27,2.3833901864757765
MID35,SID35,67,2017-03-08 06:17:10,2.575,26,2.1844869934735773
MID34,SID34,67,2017-03-08 06:17:10,1.431,26,2.1551920770981545
MID33,SID33,67,2017-03-08 06:17:10,2.861,32,2.097060604136079
MID32,SID32,67,2017-03-08 06:17:10,2.575,29,2.141232655513139
MID31,SID31,67,2017-03-08 06:17:10,1.431,32,2.312082029226664
MID30,SID30,67,2017-03-08 06:17:10,2.003,25,2.075965653835793
MID49,SID49,67,2017-03-08 06:17:10,2.003,30,2.2609271731100447
MID48,SID48,67,2017-03-08 06:17:10,2.575,25,2.4070255542225105
MID47,SID47,67,2017-03-08 06:17:10,2.003,30,2.4897005251516324
MID46,SID46,67,2017-03-08 06:17:10,2.289,25,2.1386897288685924
MID45,SID45,67,2017-03-08 06:17:10,2.003,34,2.445412657935144
MID44,SID44,67,2017-03-08 06:17:10,1.431,33,2.062289741800247
MID43,SID43,67,2017-03-08 06:17:10,1.717,30,2.3102817708166077
MID42,SID42,67,2017-03-08 06:17:10,2.575,31,2.3060991855028563
MID41,SID41,67,2017-03-08 06:17:10,2.575,30,2.404855467612941
MID40,SID40,67,2017-03-08 06:17:10,2.861,25,2.19803379874374
MID19,SID19,67,2017-03-08 06:17:20,2.311,26,2.3827054013698827
MID18,SID18,67,2017-03-08 06:17:20,2.022,27,2.380709538894065
MID17,SID17,67,2017-03-08 06:17:20,2.311,26,2.2075751502514063
MID16,SID16,67,2017-03-08 06:17:20,2.022,25,2.2682190953777703
MID15,SID15,67,2017-03-08 06:17:20,1.444,33,2.020009002542876
MID14,SID14,67,2017-03-08 06:17:20,2.311,31,2.1435320979239556
MID13,SID13,67,2017-03-08 06:17:20,2.600,32,2.0098044054848754
MID12,SID12,67,2017-03-08 06:17:20,2.311,25,2.0784491363026167
MID11,SID11,67,2017-03-08 06:17:20,2.889,28,2.215226155857222
MID99,SID99,67,2017-03-08 06:17:20,2.022,31,2.350519332212382
MID10,SID10,67,2017-03-08 06:17:20,1.444,25,2.111242659735822
MID98,SID98,67,2017-03-08 06:17:20,2.600,25,2.3999335602566876
MID97,SID97,67,2017-03-08 06:17:20,1.444,26,2.2146485501968898
MID96,SID96,67,2017-03-08 06:17:20,2.600,34,2.1748981250936845
MID95,SID95,67,2017-03-08 06:17:20,2.889,30,2.000823874082351
MID94,SID94,67,2017-03-08 06:17:20,2.889,28,2.3813483178677104
MID93,SID93,67,2017-03-08 06:17:20,2.889,31,2.486206612263511
MID92,SID92,67,2017-03-08 06:17:20,2.022,25,2.3385245417636895
MID91,SID91,67,2017-03-08 06:17:20,2.889,28,2.0376019006827333
MID4,SID4,67,2017-03-08 06:17:20,1.444,25,2.182147913585291
MID5,SID5,67,2017-03-08 06:17:20,2.311,26,2.2503480971243714
MID6,SID6,67,2017-03-08 06:17:20,1.733,25,2.4867324356154636
MID7,SID7,67,2017-03-08 06:17:20,2.889,28,2.423882899970984
MID1,SID1,67,2017-03-08 06:17:20,2.022,30,2.478724123026536
MID2,SID2,67,2017-03-08 06:17:20,2.889,29,2.001145300857209
MID3,SID3,67,2017-03-08 06:17:20,2.600,28,2.0956276011846557
MID29,SID29,67,2017-03-08 06:17:20,2.600,28,2.2867254553748646
MID28,SID28,67,2017-03-08 06:17:20,2.022,31,2.436729571907687
MID27,SID27,67,2017-03-08 06:17:20,1.733,31,2.23148663579193
MID26,SID26,67,2017-03-08 06:17:20,1.733,29,2.10322642911993
MID8,SID8,67,2017-03-08 06:17:20,2.022,28,2.0624148017955504
MID25,SID25,67,2017-03-08 06:17:20,1.444,27,2.1214603908635623
MID9,SID9,67,2017-03-08 06:17:20,2.311,28,2.0593393016258723
MID24,SID24,67,2017-03-08 06:17:20,1.444,25,2.3544744168394947
MID23,SID23,67,2017-03-08 06:17:20,2.311,28,2.025543655772888
MID22,SID22,67,2017-03-08 06:17:20,2.022,32,2.3927308779552465
MID21,SID21,67,2017-03-08 06:17:20,1.733,29,2.4857208410892326
MID20,SID20,67,2017-03-08 06:17:20,2.022,32,2.488791633200992
MID100,SID100,67,2017-03-08 06:17:20,2.311,31,2.3713060205360894
MID79,SID79,67,2017-03-08 06:17:20,1.444,28,2.395654021416302
MID78,SID78,67,2017-03-08 06:17:20,2.311,29,2.39497604607674
MID77,SID77,67,2017-03-08 06:17:20,1.444,26,2.1270217390818553
MID76,SID76,67,2017-03-08 06:17:20,1.733,31,2.187001045548425
MID75,SID75,67,2017-03-08 06:17:20,2.022,32,2.1033442313915254
MID74,SID74,67,2017-03-08 06:17:20,2.311,30,2.052587136500718
MID73,SID73,67,2017-03-08 06:17:20,1.733,27,2.163852396779419
MID72,SID72,67,2017-03-08 06:17:20,2.889,29,2.0277704287021496
MID71,SID71,67,2017-03-08 06:17:20,1.733,26,2.3420078550919627
MID70,SID70,67,2017-03-08 06:17:20,1.733,25,2.1894812309359235
MID90,SID90,67,2017-03-08 06:17:20,2.311,27,2.062238707294749
MID89,SID89,67,2017-03-08 06:17:20,2.889,27,2.4652307190309157
MID88,SID88,67,2017-03-08 06:17:20,2.311,26,2.4661899554734426
MID87,SID87,67,2017-03-08 06:17:20,2.600,32,2.236989737077218
MID86,SID86,67,2017-03-08 06:17:20,1.733,26,2.209724835639331
MID85,SID85,67,2017-03-08 06:17:20,2.889,29,2.03824036205673
MID84,SID84,67,2017-03-08 06:17:20,1.733,32,2.171127069932103
MID83,SID83,67,2017-03-08 06:17:20,1.733,30,2.200149354490601
MID82,SID82,67,2017-03-08 06:17:20,2.600,26,2.0649685211759565
MID81,SID81,67,2017-03-08 06:17:20,2.600,27,2.4758110282926715
MID80,SID80,67,2017-03-08 06:17:20,2.600,25,2.0371693991067494
MID59,SID59,67,2017-03-08 06:17:20,1.733,33,2.490096497469533
MID58,SID58,67,2017-03-08 06:17:20,1.733,27,2.1652420810348323
MID57,SID57,67,2017-03-08 06:17:20,2.889,25,2.398626688277023
MID56,SID56,67,2017-03-08 06:17:20,1.444,31,2.3462108579645413
MID55,SID55,67,2017-03-08 06:17:20,2.311,33,2.0890659371403073
MID54,SID54,67,2017-03-08 06:17:20,1.444,31,2.3423372989748854
MID53,SID53,67,2017-03-08 06:17:20,2.022,27,2.4539059992288443
MID52,SID52,67,2017-03-08 06:17:20,2.889,30,2.43824920334499
MID51,SID51,67,2017-03-08 06:17:20,2.600,34,2.304585808654684
MID50,SID50,67,2017-03-08 06:17:20,1.444,30,2.498510608407324
MID69,SID69,67,2017-03-08 06:17:20,2.889,31,2.0374869775531255
MID68,SID68,67,2017-03-08 06:17:20,2.022,32,2.002934672189626
MID67,SID67,67,2017-03-08 06:17:20,2.600,25,2.0681334766955444
MID66,SID66,67,2017-03-08 06:17:20,1.733,28,2.01506421209304
MID65,SID65,67,2017-03-08 06:17:20,2.600,25,2.209949888008736
MID64,SID64,67,2017-03-08 06:17:20,2.311,25,2.0031768576681306
MID63,SID63,67,2017-03-08 06:17:20,1.733,28,2.296050425357208
MID62,SID62,67,2017-03-08 06:17:20,2.889,28,2.129419932852874
MID61,SID61,67,2017-03-08 06:17:20,2.600,34,2.2144567020567525
MID60,SID60,67,2017-03-08 06:17:20,2.600,34,2.3176314384604786
MID39,SID39,67,2017-03-08 06:17:20,2.311,29,2.2843471482113307
MID38,SID38,67,2017-03-08 06:17:20,2.022,30,2.37605995394026
MID37,SID37,67,2017-03-08 06:17:20,2.311,28,2.3613905255724896
MID36,SID36,67,2017-03-08 06:17:20,2.600,33,2.2259737120116663
MID35,SID35,67,2017-03-08 06:17:20,2.600,34,2.0994617782540526
MID34,SID34,67,2017-03-08 06:17:20,1.444,29,2.254254863135967
MID33,SID33,67,2017-03-08 06:17:20,2.889,30,2.4266048200864585
MID32,SID32,67,2017-03-08 06:17:20,2.600,34,2.295049921723588
MID31,SID31,67,2017-03-08 06:17:20,1.444,28,2.3555105087118666
MID30,SID30,67,2017-03-08 06:17:20,2.022,28,2.2136128485752327
MID49,SID49,67,2017-03-08 06:17:20,2.022,32,2.0992025617934438
MID48,SID48,67,2017-03-08 06:17:20,2.600,29,2.009501617985589
MID47,SID47,67,2017-03-08 06:17:20,2.022,28,2.397430765663666
MID46,SID46,67,2017-03-08 06:17:20,2.311,25,2.2870709472179604
MID45,SID45,67,2017-03-08 06:17:20,2.022,33,2.489530532448867
MID44,SID44,67,2017-03-08 06:17:20,1.444,34,2.0507562720641843
MID43,SID43,67,2017-03-08 06:17:20,1.733,34,2.445360590868972
MID42,SID42,67,2017-03-08 06:17:20,2.600,25,2.134370506366251
MID41,SID41,67,2017-03-08 06:17:20,2.600,26,2.278478849429206
MID40,SID40,67,2017-03-08 06:17:20,2.889,34,2.272803807708083
MID19,SID19,67,2017-03-08 06:17:30,2.333,30,2.000815766926863
MID18,SID18,67,2017-03-08 06:17:30,2.042,28,2.3748797864993607
MID17,SID17,67,2017-03-08 06:17:30,2.333,27,2.241919696125754
MID16,SID16,67,2017-03-08 06:17:30,2.042,33,2.251771453520299
MID15,SID15,67,2017-03-08 06:17:30,1.458,34,2.4348875760442854
MID14,SID14,67,2017-03-08 06:17:30,2.333,25,2.2031540776353444
MID13,SID13,67,2017-03-08 06:17:30,2.625,30,2.1200965661960733
MID12,SID12,67,2017-03-08 06:17:30,2.333,31,2.4514886532041906
MID11,SID11,67,2017-03-08 06:17:30,2.917,32,2.068261513149369
MID99,SID99,67,2017-03-08 06:17:30,2.042,27,2.1274884927648814
MID10,SID10,67,2017-03-08 06:17:30,1.458,34,2.0603017509163357
MID98,SID98,67,2017-03-08 06:17:30,2.625,27,2.483718325820659
MID97,SID97,67,2017-03-08 06:17:30,1.458,28,2.1149244824187114
MID96,SID96,67,2017-03-08 06:17:30,2.625,34,2.432373959228777
MID95,SID95,67,2017-03-08 06:17:30,2.917,27,2.439378308467005
MID94,SID94,67,2017-03-08 06:17:30,2.917,27,2.128235511403923
MID93,SID93,67,2017-03-08 06:17:30,2.917,32,2.266623984907273
MID92,SID92,67,2017-03-08 06:17:30,2.042,33,2.165436009042722
MID91,SID91,67,2017-03-08 06:17:30,2.917,26,2.067641453550256
MID4,SID4,67,2017-03-08 06:17:30,1.458,26,2.313509493854584
MID5,SID5,67,2017-03-08 06:17:30,2.333,25,2.430551531441727
MID6,SID6,67,2017-03-08 06:17:30,1.750,31,2.131450435691896
MID7,SID7,67,2017-03-08 06:17:30,2.917,29,2.392139683397499
MID1,SID1,67,2017-03-08 06:17:30,2.042,34,2.034147773731226
MID2,SID2,67,2017-03-08 06:17:30,2.917,33,2.3690027832578653
MID3,SID3,67,2017-03-08 06:17:30,2.625,33,2.1409326941516413
MID29,SID29,67,2017-03-08 06:17:30,2.625,30,2.223915769798699
MID28,SID28,67,2017-03-08 06:17:30,2.042,30,2.0586990729797856
MID27,SID27,67,2017-03-08 06:17:30,1.750,29,2.3193799808676956
MID26,SID26,67,2017-03-08 06:17:30,1.750,29,2.1762662491967326
MID8,SID8,67,2017-03-08 06:17:30,2.042,26,2.234922758080019
MID25,SID25,67,2017-03-08 06:17:30,1.458,33,2.2234759867207985
MID9,SID9,67,2017-03-08 06:17:30,2.333,26,2.4226276692685733
MID24,SID24,67,2017-03-08 06:17:30,1.458,34,2.3995306347191203
MID23,SID23,67,2017-03-08 06:17:30,2.333,27,2.0462174011160936
MID22,SID22,67,2017-03-08 06:17:30,2.042,33,2.1004374367364584
MID21,SID21,67,2017-03-08 06:17:30,1.750,26,2.0880573619918814
MID20,SID20,67,2017-03-08 06:17:30,2.042,26,2.3550974715813706
MID100,SID100,67,2017-03-08 06:17:30,2.333,28,2.08194677677171
MID79,SID79,67,2017-03-08 06:17:30,1.458,30,2.4952012653523865
MID78,SID78,67,2017-03-08 06:17:30,2.333,33,2.4381173859587464
MID77,SID77,67,2017-03-08 06:17:30,1.458,28,2.4877671704294118
MID76,SID76,67,2017-03-08 06:17:30,1.750,34,2.3933194871649213
MID75,SID75,67,2017-03-08 06:17:30,2.042,30,2.1453401319712526
MID74,SID74,67,2017-03-08 06:17:30,2.333,26,2.4890975006052853
MID73,SID73,67,2017-03-08 06:17:30,1.750,28,2.297533074825513
MID72,SID72,67,2017-03-08 06:17:30,2.917,28,2.098941948805365
MID71,SID71,67,2017-03-08 06:17:30,1.750,25,2.3009702169886213
MID70,SID70,67,2017-03-08 06:17:30,1.750,28,2.175945283969721
MID90,SID90,67,2017-03-08 06:17:30,2.333,28,2.2349102705087005
MID89,SID89,67,2017-03-08 06:17:30,2.917,27,2.4432158654444502
MID88,SID88,67,2017-03-08 06:17:30,2.333,31,2.4103559706211697
MID87,SID87,67,2017-03-08 06:17:30,2.625,34,2.4744031240358515
MID86,SID86,67,2017-03-08 06:17:30,1.750,29,2.449533387659962
MID85,SID85,67,2017-03-08 06:17:30,2.917,32,2.1558311128633383
MID84,SID84,67,2017-03-08 06:17:30,1.750,31,2.466906771063593
MID83,SID83,67,2017-03-08 06:17:30,1.750,32,2.2752766543300726
MID82,SID82,67,2017-03-08 06:17:30,2.625,27,2.2923592754512563
MID81,SID81,67,2017-03-08 06:17:30,2.625,34,2.140254114698798
MID80,SID80,67,2017-03-08 06:17:30,2.625,29,2.195724953126064
MID59,SID59,67,2017-03-08 06:17:30,1.750,28,2.4703333341935734
MID58,SID58,67,2017-03-08 06:17:30,1.750,30,2.015749777456257
MID57,SID57,67,2017-03-08 06:17:30,2.917,34,2.236711476719228
MID56,SID56,67,2017-03-08 06:17:30,1.458,26,2.166450090654835
MID55,SID55,67,2017-03-08 06:17:30,2.333,28,2.431447621733649
MID54,SID54,67,2017-03-08 06:17:30,1.458,27,2.292033792935624
MID53,SID53,67,2017-03-08 06:17:30,2.042,27,2.0059740389292173
MID52,SID52,67,2017-03-08 06:17:30,2.917,28,2.1724949035944534
MID51,SID51,67,2017-03-08 06:17:30,2.625,26,2.263493886214436
MID50,SID50,67,2017-03-08 06:17:30,1.458,32,2.146270595434028
MID69,SID69,67,2017-03-08 06:17:30,2.917,25,2.4745424134418554
MID68,SID68,67,2017-03-08 06:17:30,2.042,25,2.20477100070709
MID67,SID67,67,2017-03-08 06:17:30,2.625,34,2.033595925864159
MID66,SID66,67,2017-03-08 06:17:30,1.750,33,2.488650598863008
MID65,SID65,67,2017-03-08 06:17:30,2.625,29,2.199800125323767
MID64,SID64,67,2017-03-08 06:17:30,2.333,26,2.273919062351836
MID63,SID63,67,2017-03-08 06:17:30,1.750,27,2.4768266842901157
MID62,SID62,67,2017-03-08 06:17:30,2.917,27,2.309457500277754
MID61,SID61,67,2017-03-08 06:17:30,2.625,28,2.23532010993833
MID60,SID60,67,2017-03-08 06:17:30,2.625,34,2.2826833013100334
MID39,SID39,67,2017-03-08 06:17:30,2.333,34,2.2827914724443716
MID38,SID38,67,2017-03-08 06:17:30,2.042,26,2.4768742040032015
MID37,SID37,67,2017-03-08 06:17:30,2.333,33,2.1994328809785904
MID36,SID36,67,2017-03-08 06:17:30,2.625,34,2.25451901679996
MID35,SID35,67,2017-03-08 06:17:30,2.625,29,2.4100298915177176
MID34,SID34,67,2017-03-08 06:17:30,1.458,29,2.4350062120839633
MID33,SID33,67,2017-03-08 06:17:30,2.917,31,2.3872374952231348
MID32,SID32,67,2017-03-08 06:17:30,2.625,32,2.1262643625858146
MID31,SID31,67,2017-03-08 06:17:30,1.458,27,2.150398606177516
MID30,SID30,67,2017-03-08 06:17:30,2.042,32,2.323380204364307
MID49,SID49,67,2017-03-08 06:17:30,2.042,28,2.313315527981407
MID48,SID48,67,2017-03-08 06:17:30,2.625,34,2.451041437467213
MID47,SID47,67,2017-03-08 06:17:30,2.042,32,2.359126658179703
MID46,SID46,67,2017-03-08 06:17:30,2.333,29,2.224574715529514
MID45,SID45,67,2017-03-08 06:17:30,2.042,34,2.486372617811821
MID44,SID44,67,2017-03-08 06:17:30,1.458,30,2.1567515988619426
MID43,SID43,67,2017-03-08 06:17:30,1.750,31,2.1875113198471157
MID42,SID42,67,2017-03-08 06:17:30,2.625,28,2.0915229488192546
MID41,SID41,67,2017-03-08 06:17:30,2.625,34,2.166234971109475
MID40,SID40,67,2017-03-08 06:17:30,2.917,27,2.2579775211837805
MID19,SID19,67,2017-03-08 06:17:40,2.356,25,2.2507867765670064
MID18,SID18,67,2017-03-08 06:17:40,2.061,25,2.070617730217228
MID17,SID17,67,2017-03-08 06:17:40,2.356,28,2.3101329983351353
MID16,SID16,67,2017-03-08 06:17:40,2.061,31,2.2972582048735535
MID15,SID15,67,2017-03-08 06:17:40,1.472,33,2.1158760628661986
MID14,SID14,67,2017-03-08 06:17:40,2.356,30,2.356681797638072
MID13,SID13,67,2017-03-08 06:17:40,2.650,32,2.3099497376523157
MID12,SID12,67,2017-03-08 06:17:40,2.356,27,2.0054818289686747
MID11,SID11,67,2017-03-08 06:17:40,2.944,32,2.3592544667091606
MID99,SID99,67,2017-03-08 06:17:40,2.061,27,2.3411430149497985
MID10,SID10,67,2017-03-08 06:17:40,1.472,26,2.011974420135108
MID98,SID98,67,2017-03-08 06:17:40,2.650,34,2.386818810478508
MID97,SID97,67,2017-03-08 06:17:40,1.472,30,2.243871931302106
MID96,SID96,67,2017-03-08 06:17:40,2.650,32,2.0253497528853535
MID95,SID95,67,2017-03-08 06:17:40,2.944,27,2.2761078323991204
MID94,SID94,67,2017-03-08 06:17:40,2.944,25,2.0558164747015755
MID93,SID93,67,2017-03-08 06:17:40,2.944,31,2.2580125983780013
MID92,SID92,67,2017-03-08 06:17:40,2.061,26,2.229243559583263
MID91,SID91,67,2017-03-08 06:17:40,2.944,27,2.09989123818376
MID4,SID4,67,2017-03-08 06:17:40,1.472,28,2.2258482317401183
MID5,SID5,67,2017-03-08 06:17:40,2.356,25,2.2072837719166367
MID6,SID6,67,2017-03-08 06:17:40,1.767,34,2.0117218670252766
MID7,SID7,67,2017-03-08 06:17:40,2.944,34,2.391397166478485
MID1,SID1,67,2017-03-08 06:17:40,2.061,28,2.3016760700046888
MID2,SID2,67,2017-03-08 06:17:40,2.944,34,2.3986109477177133
MID3,SID3,67,2017-03-08 06:17:40,2.650,27,2.2928394328403456
MID29,SID29,67,2017-03-08 06:17:40,2.650,31,2.2918908390194797
MID28,SID28,67,2017-03-08 06:17:40,2.061,34,2.2767767796468514
MID27,SID27,67,2017-03-08 06:17:40,1.767,34,2.470143975990956
MID26,SID26,67,2017-03-08 06:17:40,1.767,29,2.1672985458653335
MID8,SID8,67,2017-03-08 06:17:40,2.061,33,2.4986801030203796
MID25,SID25,67,2017-03-08 06:17:40,1.472,30,2.1981724440068238
MID9,SID9,67,2017-03-08 06:17:40,2.356,31,2.1498027074507724
MID24,SID24,67,2017-03-08 06:17:40,1.472,29,2.4196526412581782
MID23,SID23,67,2017-03-08 06:17:40,2.356,30,2.4381109901806037
MID22,SID22,67,2017-03-08 06:17:40,2.061,33,2.010153141440677
MID21,SID21,67,2017-03-08 06:17:40,1.767,31,2.1613975536216445
MID20,SID20,67,2017-03-08 06:17:40,2.061,30,2.025574224404984
MID100,SID100,67,2017-03-08 06:17:40,2.356,30,2.394194906356836
MID79,SID79,67,2017-03-08 06:17:40,1.472,29,2.1700940442041023
MID78,SID78,67,2017-03-08 06:17:40,2.356,30,2.304705050982021
MID77,SID77,67,2017-03-08 06:17:40,1.472,28,2.321152736163682
MID76,SID76,67,2017-03-08 06:17:40,1.767,30,2.0657343282598264
MID75,SID75,67,2017-03-08 06:17:40,2.061,26,2.13990179979001
MID74,SID74,67,2017-03-08 06:17:40,2.356,33,2.2460821676575398
MID73,SID73,67,2017-03-08 06:17:40,1.767,34,2.4593978116874147
MID72,SID72,67,2017-03-08 06:17:40,2.944,34,2.4201509473931115
MID71,SID71,67,2017-03-08 06:17:40,1.767,26,2.2624158941470265
MID70,SID70,67,2017-03-08 06:17:40,1.767,30,2.001660170004033
MID90,SID90,67,2017-03-08 06:17:40,2.356,34,2.2270897805512786
MID89,SID89,67,2017-03-08 06:17:40,2.944,31,2.3641957295965095
MID88,SID88,67,2017-03-08 06:17:40,2.356,25,2.374206450265378
MID87,SID87,67,2017-03-08 06:17:40,2.650,33,2.306098502919963
MID86,SID86,67,2017-03-08 06:17:40,1.767,26,2.2159444274025257
MID85,SID85,67,2017-03-08 06:17:40,2.944,34,2.0146008204263786
MID84,SID84,67,2017-03-08 06:17:40,1.767,28,2.337674087581679
MID83,SID83,67,2017-03-08 06:17:40,1.767,34,2.1829634414924004
MID82,SID82,67,2017-03-08 06:17:40,2.650,25,2.3320821747093334
MID81,SID81,67,2017-03-08 06:17:40,2.650,26,2.112677475903207
MID80,SID80,67,2017-03-08 06:17:40,2.650,34,2.330246139603615
MID59,SID59,67,2017-03-08 06:17:40,1.767,27,2.220787717790245
MID58,SID58,67,2017-03-08 06:17:40,1.767,29,2.0379002460154165
MID57,SID57,67,2017-03-08 06:17:40,2.944,31,2.0731520736358595
MID56,SID56,67,2017-03-08 06:17:40,1.472,30,2.3434042760521185
MID55,SID55,67,2017-03-08 06:17:40,2.356,26,2.2582659153155666
MID54,SID54,67,2017-03-08 06:17:40,1.472,33,2.1031453978818178
MID53,SID53,67,2017-03-08 06:17:40,2.061,33,2.2223367500500952
MID52,SID52,67,2017-03-08 06:17:40,2.944,29,2.1956424473347136
MID51,SID51,67,2017-03-08 06:17:40,2.650,27,2.2936928992407486
MID50,SID50,67,2017-03-08 06:17:40,1.472,30,2.2821411389106245
MID69,SID69,67,2017-03-08 06:17:40,2.944,28,2.132078735557078
MID68,SID68,67,2017-03-08 06:17:40,2.061,26,2.4006594007097926
MID67,SID67,67,2017-03-08 06:17:40,2.650,30,2.077541445201773
MID66,SID66,67,2017-03-08 06:17:40,1.767,30,2.1446881390877803
MID65,SID65,67,2017-03-08 06:17:40,2.650,27,2.0127184683090675
MID64,SID64,67,2017-03-08 06:17:40,2.356,26,2.1551155912108717
MID63,SID63,67,2017-03-08 06:17:40,1.767,33,2.2779087194367347
MID62,SID62,67,2017-03-08 06:17:40,2.944,31,2.3962040068646187
MID61,SID61,67,2017-03-08 06:17:40,2.650,30,2.0807734588713322
MID60,SID60,67,2017-03-08 06:17:40,2.650,31,2.0285212395005026
MID39,SID39,67,2017-03-08 06:17:40,2.356,32,2.3779481495323935
MID38,SID38,67,2017-03-08 06:17:40,2.061,26,2.4962769619111977
MID37,SID37,67,2017-03-08 06:17:40,2.356,31,2.0912882843163
MID36,SID36,67,2017-03-08 06:17:40,2.650,26,2.345870112574117
MID35,SID35,67,2017-03-08 06:17:40,2.650,28,2.258357424744363
MID34,SID34,67,2017-03-08 06:17:40,1.472,29,2.1025085759474025
MID33,SID33,67,2017-03-08 06:17:40,2.944,32,2.320646873571792
MID32,SID32,67,2017-03-08 06:17:40,2.650,25,2.429915392886555
MID31,SID31,67,2017-03-08 06:17:40,1.472,26,2.461684545722721
MID30,SID30,67,2017-03-08 06:17:40,2.061,26,2.4597145198438386
MID49,SID49,67,2017-03-08 06:17:40,2.061,34,2.394985893535085
MID48,SID48,67,2017-03-08 06:17:40,2.650,32,2.4020041150782294
MID47,SID47,67,2017-03-08 06:17:40,2.061,29,2.2330269707596715
MID46,SID46,67,2017-03-08 06:17:40,2.356,28,2.3325130895195105
MID45,SID45,67,2017-03-08 06:17:40,2.061,30,2.4920267719601013
MID44,SID44,67,2017-03-08 06:17:40,1.472,29,2.4407160144163753
MID43,SID43,67,2017-03-08 06:17:40,1.767,33,2.4076209137399944
MID42,SID42,67,2017-03-08 06:17:40,2.650,31,2.43230659003368
MID41,SID41,67,2017-03-08 06:17:40,2.650,29,2.496975004047449
MID40,SID40,67,2017-03-08 06:17:40,2.944,25,2.447740857396448
MID19,SID19,67,2017-03-08 06:17:50,2.378,26,2.1834978814115775
MID18,SID18,67,2017-03-08 06:17:50,2.081,33,2.4703944926532038
MID17,SID17,67,2017-03-08 06:17:50,2.378,30,2.2059168617032534
MID16,SID16,67,2017-03-08 06:17:50,2.081,26,2.324138992756325
MID15,SID15,67,2017-03-08 06:17:50,1.486,28,2.0950058356185446
MID14,SID14,67,2017-03-08 06:17:50,2.378,28,2.366698430025858
MID13,SID13,67,2017-03-08 06:17:50,2.675,34,2.391061619078213
MID12,SID12,67,2017-03-08 06:17:50,2.378,29,2.4345462952670274
MID11,SID11,67,2017-03-08 06:17:50,2.972,26,2.374274022568257
MID99,SID99,67,2017-03-08 06:17:50,2.081,34,2.389610482632803
MID10,SID10,67,2017-03-08 06:17:50,1.486,33,2.3566404482387657
MID98,SID98,67,2017-03-08 06:17:50,2.675,32,2.4772579259151852
MID97,SID97,67,2017-03-08 06:17:50,1.486,27,2.0432664271793337
MID96,SID96,67,2017-03-08 06:17:50,2.675,32,2.407817708261179
MID95,SID95,67,2017-03-08 06:17:50,2.972,34,2.291970183866565
MID94,SID94,67,2017-03-08 06:17:50,2.972,30,2.3912080769161137
MID93,SID93,67,2017-03-08 06:17:50,2.972,29,2.4201158863402874
MID92,SID92,67,2017-03-08 06:17:50,2.081,28,2.2675191381099715
MID91,SID91,67,2017-03-08 06:17:50,2.972,34,2.4829854883544598
MID4,SID4,67,2017-03-08 06:17:50,1.486,30,2.018970988815833
MID5,SID5,67,2017-03-08 06:17:50,2.378,34,2.37082067863439
MID6,SID6,67,2017-03-08 06:17:50,1.783,26,2.1620216962848273
MID7,SID7,67,2017-03-08 06:17:50,2.972,26,2.162792674859255
MID1,SID1,67,2017-03-08 06:17:50,2.081,33,2.0138496701142965
MID2,SID2,67,2017-03-08 06:17:50,2.972,26,2.450065583249974
MID3,SID3,67,2017-03-08 06:17:50,2.675,32,2.4089101237256996
MID29,SID29,67,2017-03-08 06:17:50,2.675,26,2.027542395661944
MID28,SID28,67,2017-03-08 06:17:50,2.081,26,2.2528817550205975
MID27,SID27,67,2017-03-08 06:17:50,1.783,31,2.343727588985561
MID26,SID26,67,2017-03-08 06:17:50,1.783,31,2.30613631712887
MID8,SID8,67,2017-03-08 06:17:50,2.081,31,2.093881683273982
MID25,SID25,67,2017-03-08 06:17:50,1.486,27,2.4393835919514277
MID9,SID9,67,2017-03-08 06:17:50,2.378,30,2.3287553460075943
MID24,SID24,67,2017-03-08 06:17:50,1.486,34,2.4411365045991906
MID23,SID23,67,2017-03-08 06:17:50,2.378,27,2.0590859137903026
MID22,SID22,67,2017-03-08 06:17:50,2.081,27,2.2769619747131684
MID21,SID21,67,2017-03-08 06:17:50,1.783,33,2.1769649693986253
MID20,SID20,67,2017-03-08 06:17:50,2.081,27,2.171842991943991
MID100,SID100,67,2017-03-08 06:17:50,2.378,30,2.2851228832607355
MID79,SID79,67,2017-03-08 06:17:50,1.486,31,2.3879318206012163
MID78,SID78,67,2017-03-08 06:17:50,2.378,33,2.057836113815107
MID77,SID77,67,2017-03-08 06:17:50,1.486,29,2.078157587548169
MID76,SID76,67,2017-03-08 06:17:50,1.783,34,2.1811725411455183
MID75,SID75,67,2017-03-08 06:17:50,2.081,29,2.079953487180826
MID74,SID74,67,2017-03-08 06:17:50,2.378,33,2.1973774320455908
MID73,SID73,67,2017-03-08 06:17:50,1.783,31,2.354732083903526
MID72,SID72,67,2017-03-08 06:17:50,2.972,32,2.382074651316049
MID71,SID71,67,2017-03-08 06:17:50,1.783,30,2.401311488164339
MID70,SID70,67,2017-03-08 06:17:50,1.783,33,2.1617594574798766
MID90,SID90,67,2017-03-08 06:17:50,2.378,33,2.4989803303411064
MID89,SID89,67,2017-03-08 06:17:50,2.972,26,2.118859295948151
MID88,SID88,67,2017-03-08 06:17:50,2.378,32,2.3229495891606744
MID87,SID87,67,2017-03-08 06:17:50,2.675,33,2.012724007448508
MID86,SID86,67,2017-03-08 06:17:50,1.783,29,2.0546605017515702
MID85,SID85,67,2017-03-08 06:17:50,2.972,25,2.1620544330816274
MID84,SID84,67,2017-03-08 06:17:50,1.783,29,2.2235669926895096
MID83,SID83,67,2017-03-08 06:17:50,1.783,33,2.15344145261363
MID82,SID82,67,2017-03-08 06:17:50,2.675,33,2.219688637413822
MID81,SID81,67,2017-03-08 06:17:50,2.675,33,2.030913868488563
MID80,SID80,67,2017-03-08 06:17:50,2.675,34,2.352690082418648
MID59,SID59,67,2017-03-08 06:17:50,1.783,25,2.3083314097656897
MID58,SID58,67,2017-03-08 06:17:50,1.783,26,2.361573415314045
MID57,SID57,67,2017-03-08 06:17:50,2.972,34,2.302697410090487
MID56,SID56,67,2017-03-08 06:17:50,1.486,25,2.3236538769919086
MID55,SID55,67,2017-03-08 06:17:50,2.378,28,2.4417219636424226
MID54,SID54,67,2017-03-08 06:17:50,1.486,29,2.0178915922529677
MID53,SID53,67,2017-03-08 06:17:50,2.081,27,2.4909296301795654
MID52,SID52,67,2017-03-08 06:17:50,2.972,29,2.489027719658053
MID51,SID51,67,2017-03-08 06:17:50,2.675,31,2.2950317543446763
MID50,SID50,67,2017-03-08 06:17:50,1.486,27,2.1815795138756813
MID69,SID69,67,2017-03-08 06:17:50,2.972,27,2.008333307701262
MID68,SID68,67,2017-03-08 06:17:50,2.081,28,2.187540220399546
MID67,SID67,67,2017-03-08 06:17:50,2.675,33,2.397338599408975
MID66,SID66,67,2017-03-08 06:17:50,1.783,31,2.057850175359623
MID65,SID65,67,2017-03-08 06:17:50,2.675,32,2.26553617316648
MID64,SID64,67,2017-03-08 06:17:50,2.378,25,2.057858137025686
MID63,SID63,67,2017-03-08 06:17:50,1.783,29,2.2197305466151045
MID62,SID62,67,2017-03-08 06:17:50,2.972,26,2.3740872097571026
MID61,SID61,67,2017-03-08 06:17:50,2.675,34,2.4696978364153273
MID60,SID60,67,2017-03-08 06:17:50,2.675,26,2.3659992569458903
MID39,SID39,67,2017-03-08 06:17:50,2.378,31,2.3233011687706426
MID38,SID38,67,2017-03-08 06:17:50,2.081,34,2.22264491243467
MID37,SID37,67,2017-03-08 06:17:50,2.378,34,2.0112718116816204
MID36,SID36,67,2017-03-08 06:17:50,2.675,25,2.1233979926470217
MID35,SID35,67,2017-03-08 06:17:50,2.675,25,2.0260669185774614
MID34,SID34,67,2017-03-08 06:17:50,1.486,25,2.024712308402002
MID33,SID33,67,2017-03-08 06:17:50,2.972,26,2.1907706122848247
MID32,SID32,67,2017-03-08 06:17:50,2.675,25,2.4837251058049334
MID31,SID31,67,2017-03-08 06:17:50,1.486,26,2.123045061977674
MID30,SID30,67,2017-03-08 06:17:50,2.081,29,2.2903568534343997
MID49,SID49,67,2017-03-08 06:17:50,2.081,32,2.035066039296472
MID48,SID48,67,2017-03-08 06:17:50,2.675,33,2.379325702357977
MID47,SID47,67,2017-03-08 06:17:50,2.081,33,2.3170764343456165
MID46,SID46,67,2017-03-08 06:17:50,2.378,27,2.4819776877569
MID45,SID45,67,2017-03-08 06:17:50,2.081,33,2.440948256988256
MID44,SID44,67,2017-03-08 06:17:50,1.486,25,2.2553787650688735
MID43,SID43,67,2017-03-08 06:17:50,1.783,25,2.0804379364480923
MID42,SID42,67,2017-03-08 06:17:50,2.675,27,2.307838791997403
MID41,SID41,67,2017-03-08 06:17:50,2.675,28,2.3094092841738876
MID40,SID40,67,2017-03-08 06:17:50,2.972,25,2.082669350054095
MID19,SID19,67,2017-03-08 06:18:00,2.400,27,2.2993200253328245
MID18,SID18,67,2017-03-08 06:18:00,2.100,32,2.4709993690706975
MID17,SID17,67,2017-03-08 06:18:00,2.400,31,2.1145411850376603
MID16,SID16,67,2017-03-08 06:18:00,2.100,32,2.1904325650763217
MID15,SID15,67,2017-03-08 06:18:00,1.500,34,2.4241720256188612
MID14,SID14,67,2017-03-08 06:18:00,2.400,34,2.1554970621994096
MID13,SID13,67,2017-03-08 06:18:00,2.700,31,2.3121138404486508
MID12,SID12,67,2017-03-08 06:18:00,2.400,26,2.026174972054698
MID11,SID11,67,2017-03-08 06:18:00,3.000,26,2.4232775807134717
MID99,SID99,67,2017-03-08 06:18:00,2.100,33,2.4704593123863114
MID10,SID10,67,2017-03-08 06:18:00,1.500,33,2.466133157770024
MID98,SID98,67,2017-03-08 06:18:00,2.700,28,2.4052773146342146
MID97,SID97,67,2017-03-08 06:18:00,1.500,28,2.0893730976649985
MID96,SID96,67,2017-03-08 06:18:00,2.700,27,2.1163482585055418
MID95,SID95,67,2017-03-08 06:18:00,3.000,26,2.0989947458000744
MID94,SID94,67,2017-03-08 06:18:00,3.000,28,2.3526169657907454
MID93,SID93,67,2017-03-08 06:18:00,3.000,34,2.090445747348908
MID92,SID92,67,2017-03-08 06:18:00,2.100,32,2.044621732946035
MID91,SID91,67,2017-03-08 06:18:00,3.000,30,2.02286174724553
MID4,SID4,67,2017-03-08 06:18:00,1.500,31,2.182228963439705
MID5,SID5,67,2017-03-08 06:18:00,2.400,30,2.411582035219123
MID6,SID6,67,2017-03-08 06:18:00,1.800,25,2.3452808756143635
MID7,SID7,67,2017-03-08 06:18:00,3.000,29,2.4898120062660842
MID1,SID1,67,2017-03-08 06:18:00,2.100,27,2.2737456424257387
MID2,SID2,67,2017-03-08 06:18:00,3.000,25,2.145086703753075
MID3,SID3,67,2017-03-08 06:18:00,2.700,34,2.480293339561241
MID29,SID29,67,2017-03-08 06:18:00,2.700,25,2.1764621621464864
MID28,SID28,67,2017-03-08 06:18:00,2.100,30,2.3122544995879517
MID27,SID27,67,2017-03-08 06:18:00,1.800,34,2.120455394148439
MID26,SID26,67,2017-03-08 06:18:00,1.800,26,2.411102667647755
MID8,SID8,67,2017-03-08 06:18:00,2.100,25,2.139066544088312
MID25,SID25,67,2017-03-08 06:18:00,1.500,30,2.041801349958281
MID9,SID9,67,2017-03-08 06:18:00,2.400,25,2.333777673413756
MID24,SID24,67,2017-03-08 06:18:00,1.500,25,2.2188483324348574
MID23,SID23,67,2017-03-08 06:18:00,2.400,30,2.28943212531424
MID22,SID22,67,2017-03-08 06:18:00,2.100,27,2.289983128662772
MID21,SID21,67,2017-03-08 06:18:00,1.800,25,2.2107948063844227
MID20,SID20,67,2017-03-08 06:18:00,2.100,32,2.4436108358293196
MID100,SID100,67,2017-03-08 06:18:00,2.400,33,2.282017338936789
MID79,SID79,67,2017-03-08 06:18:00,1.500,32,2.450971846752804
MID78,SID78,67,2017-03-08 06:18:00,2.400,31,2.0074463607741007
MID77,SID77,67,2017-03-08 06:18:00,1.500,32,2.1223973640344598
MID76,SID76,67,2017-03-08 06:18:00,1.800,30,2.365882049132659
MID75,SID75,67,2017-03-08 06:18:00,2.100,26,2.1681166616024834
MID74,SID74,67,2017-03-08 06:18:00,2.400,29,2.211661375652513
MID73,SID73,67,2017-03-08 06:18:00,1.800,32,2.082595319552078
MID72,SID72,67,2017-03-08 06:18:00,3.000,27,2.164733438371545
MID71,SID71,67,2017-03-08 06:18:00,1.800,30,2.2542977507359696
MID70,SID70,67,2017-03-08 06:18:00,1.800,27,2.1505141444112397
MID90,SID90,67,2017-03-08 06:18:00,2.400,28,2.373906094706981
MID89,SID89,67,2017-03-08 06:18:00,3.000,25,2.474939743698652
MID88,SID88,67,2017-03-08 06:18:00,2.400,29,2.0263597421103348
MID87,SID87,67,2017-03-08 06:18:00,2.700,31,2.3197512337786317
MID86,SID86,67,2017-03-08 06:18:00,1.800,33,2.4223973257491003
MID85,SID85,67,2017-03-08 06:18:00,3.000,26,2.490197120797077
MID84,SID84,67,2017-03-08 06:18:00,1.800,31,2.010363457507813
MID83,SID83,67,2017-03-08 06:18:00,1.800,26,2.249861261665144
MID82,SID82,67,2017-03-08 06:18:00,2.700,27,2.3082915776617727
MID81,SID81,67,2017-03-08 06:18:00,2.700,27,2.261379890085717
MID80,SID80,67,2017-03-08 06:18:00,2.700,28,2.2462734041929595
MID59,SID59,67,2017-03-08 06:18:00,1.800,30,2.4805539190661405
MID58,SID58,67,2017-03-08 06:18:00,1.800,25,2.0168488127348674
MID57,SID57,67,2017-03-08 06:18:00,3.000,31,2.2944256186578453
MID56,SID56,67,2017-03-08 06:18:00,1.500,31,2.4700254244544464
MID55,SID55,67,2017-03-08 06:18:00,2.400,29,2.4591953482766304
MID54,SID54,67,2017-03-08 06:18:00,1.500,34,2.001095341590265
MID53,SID53,67,2017-03-08 06:18:00,2.100,26,2.447711524562581
MID52,SID52,67,2017-03-08 06:18:00,3.000,25,2.48241097046796
MID51,SID51,67,2017-03-08 06:18:00,2.700,34,2.156242136342078
MID50,SID50,67,2017-03-08 06:18:00,1.500,27,2.222514254989563
MID69,SID69,67,2017-03-08 06:18:00,3.000,34,2.4688020114910985
MID68,SID68,67,2017-03-08 06:18:00,2.100,29,2.2050408048984305
MID67,SID67,67,2017-03-08 06:18:00,2.700,34,2.1580479711676985
MID66,SID66,67,2017-03-08 06:18:00,1.800,26,2.499142296058135
MID65,SID65,67,2017-03-08 06:18:00,2.700,26,2.1974971433143566
MID64,SID64,67,2017-03-08 06:18:00,2.400,33,2.4877401554767955
MID63,SID63,67,2017-03-08 06:18:00,1.800,32,2.4680092369037117
MID62,SID62,67,2017-03-08 06:18:00,3.000,26,2.368490348128151
MID61,SID61,67,2017-03-08 06:18:00,2.700,25,2.250996905148785
MID60,SID60,67,2017-03-08 06:18:00,2.700,32,2.0190632948740297
MID39,SID39,67,2017-03-08 06:18:00,2.400,29,2.292727182552503
MID38,SID38,67,2017-03-08 06:18:00,2.100,28,2.308520214751383
MID37,SID37,67,2017-03-08 06:18:00,2.400,33,2.4764290812211356
MID36,SID36,67,2017-03-08 06:18:00,2.700,26,2.319754321550367
MID35,SID35,67,2017-03-08 06:18:00,2.700,28,2.458027581354052
MID34,SID34,67,2017-03-08 06:18:00,1.500,30,2.4619590877840154
MID33,SID33,67,2017-03-08 06:18:00,3.000,26,2.330636741751166
MID32,SID32,67,2017-03-08 06:18:00,2.700,31,2.479483993854027
MID31,SID31,67,2017-03-08 06:18:00,1.500,27,2.4651274233283815
MID30,SID30,67,2017-03-08 06:18:00,2.100,29,2.4461959720818363
MID49,SID49,67,2017-03-08 06:18:00,2.100,33,2.146764591171029
MID48,SID48,67,2017-03-08 06:18:00,2.700,25,2.0742501406101166
MID47,SID47,67,2017-03-08 06:18:00,2.100,31,2.1136219954680135
MID46,SID46,67,2017-03-08 06:18:00,2.400,26,2.0942696177850864
MID45,SID45,67,2017-03-08 06:18:00,2.100,27,2.036324328618301
MID44,SID44,67,2017-03-08 06:18:00,1.500,34,2.41976853893257
MID43,SID43,67,2017-03-08 06:18:00,1.800,29,2.0401248002269554
MID42,SID42,67,2017-03-08 06:18:00,2.700,34,2.3979096522559913
MID41,SID41,67,2017-03-08 06:18:00,2.700,27,2.0060525638840425
MID40,SID40,67,2017-03-08 06:18:00,3.000,28,2.160528306409624
MID19,SID19,67,2017-03-08 06:18:10,2.422,25,2.019102458559514
MID18,SID18,67,2017-03-08 06:18:10,2.119,34,2.237925258389906
MID17,SID17,67,2017-03-08 06:18:10,2.422,26,2.06731002456071
MID16,SID16,67,2017-03-08 06:18:10,2.119,30,2.1331839178412477
MID15,SID15,67,2017-03-08 06:18:10,1.514,32,2.2446133967737363
MID14,SID14,67,2017-03-08 06:18:10,2.422,34,2.134722153798836
MID13,SID13,67,2017-03-08 06:18:10,2.725,25,2.147552979417264
MID12,SID12,67,2017-03-08 06:18:10,2.422,33,2.4706099868104343
MID11,SID11,67,2017-03-08 06:18:10,3.028,29,2.3396934788441226
MID99,SID99,67,2017-03-08 06:18:10,2.119,26,2.341038644850641
MID10,SID10,67,2017-03-08 06:18:10,1.514,25,2.4831350162547956
MID98,SID98,67,2017-03-08 06:18:10,2.725,30,2.4554759512113193
MID97,SID97,67,2017-03-08 06:18:10,1.514,31,2.1314598913926783
MID96,SID96,67,2017-03-08 06:18:10,2.725,26,2.3696680285215916
MID95,SID95,67,2017-03-08 06:18:10,3.028,28,2.1499697812718264
MID94,SID94,67,2017-03-08 06:18:10,3.028,29,2.2364898653154186
MID93,SID93,67,2017-03-08 06:18:10,3.028,32,2.463157571957852
MID92,SID92,67,2017-03-08 06:18:10,2.119,27,2.2606726302593554
MID91,SID91,67,2017-03-08 06:18:10,3.028,33,2.433861871778272
MID4,SID4,67,2017-03-08 06:18:10,1.514,33,2.03143151684619
MID5,SID5,67,2017-03-08 06:18:10,2.422,34,2.4829946681477777
MID6,SID6,67,2017-03-08 06:18:10,1.817,31,2.168354248343988
MID7,SID7,67,2017-03-08 06:18:10,3.028,33,2.326015560375142
MID1,SID1,67,2017-03-08 06:18:10,2.119,33,2.0006396332321805
MID2,SID2,67,2017-03-08 06:18:10,3.028,27,2.258057054720703
MID3,SID3,67,2017-03-08 06:18:10,2.725,34,2.453170924276374
MID29,SID29,67,2017-03-08 06:18:10,2.725,31,2.41599454688607
MID28,SID28,67,2017-03-08 06:18:10,2.119,29,2.3118089861996665
MID27,SID27,67,2017-03-08 06:18:10,1.817,29,2.3083194093230586
MID26,SID26,67,2017-03-08 06:18:10,1.817,33,2.1806003739049062
MID8,SID8,67,2017-03-08 06:18:10,2.119,33,2.1162432364019286
MID25,SID25,67,2017-03-08 06:18:10,1.514,34,2.2275859101139694
MID9,SID9,67,2017-03-08 06:18:10,2.422,28,2.0129924953549523
MID24,SID24,67,2017-03-08 06:18:10,1.514,31,2.405242786009149
MID23,SID23,67,2017-03-08 06:18:10,2.422,29,2.058681197202583
MID22,SID22,67,2017-03-08 06:18:10,2.119,25,2.2024395739150195
MID21,SID21,67,2017-03-08 06:18:10,1.817,34,2.0087970931732793
MID20,SID20,67,2017-03-08 06:18:10,2.119,30,2.2734744705035066
MID100,SID100,67,2017-03-08 06:18:10,2.422,29,2.1401328892251357
MID79,SID79,67,2017-03-08 06:18:10,1.514,30,2.4517641739704694
MID78,SID78,67,2017-03-08 06:18:10,2.422,28,2.0920928491975554
MID77,SID77,67,2017-03-08 06:18:10,1.514,25,2.3108580826552463
MID76,SID76,67,2017-03-08 06:18:10,1.817,26,2.2309912051302008
MID75,SID75,67,2017-03-08 06:18:10,2.119,32,2.4298118922079746
MID74,SID74,67,2017-03-08 06:18:10,2.422,25,2.019719488487803
MID73,SID73,67,2017-03-08 06:18:10,1.817,31,2.1414399859238684
MID72,SID72,67,2017-03-08 06:18:10,3.028,31,2.0980259332780204
MID71,SID71,67,2017-03-08 06:18:10,1.817,33,2.1123892243657423
MID70,SID70,67,2017-03-08 06:18:10,1.817,29,2.08404467726111
MID90,SID90,67,2017-03-08 06:18:10,2.422,34,2.1318570543281874
MID89,SID89,67,2017-03-08 06:18:10,3.028,26,2.209935974296977
MID88,SID88,67,2017-03-08 06:18:10,2.422,34,2.1049970078382376
MID87,SID87,67,2017-03-08 06:18:10,2.725,25,2.190410232809527
MID86,SID86,67,2017-03-08 06:18:10,1.817,33,2.0264897674333255
MID85,SID85,67,2017-03-08 06:18:10,3.028,26,2.2639638029092075
MID84,SID84,67,2017-03-08 06:18:10,1.817,25,2.419223764563904
MID83,SID83,67,2017-03-08 06:18:10,1.817,29,2.322244149950416
MID82,SID82,67,2017-03-08 06:18:10,2.725,34,2.1058457050877593
MID81,SID81,67,2017-03-08 06:18:10,2.725,34,2.3298915022674356
MID80,SID80,67,2017-03-08 06:18:10,2.725,27,2.3166326184939043
MID59,SID59,67,2017-03-08 06:18:10,1.817,25,2.2591866638344698
MID58,SID58,67,2017-03-08 06:18:10,1.817,28,2.423914686835014
MID57,SID57,67,2017-03-08 06:18:10,3.028,28,2.4744705616887432
MID56,SID56,67,2017-03-08 06:18:10,1.514,32,2.238978952579658
MID55,SID55,67,2017-03-08 06:18:10,2.422,26,2.3653039148974386
MID54,SID54,67,2017-03-08 06:18:10,1.514,25,2.4262179254015406
MID53,SID53,67,2017-03-08 06:18:10,2.119,34,2.1965221969507036
MID52,SID52,67,2017-03-08 06:18:10,3.028,29,2.2009705606306804
MID51,SID51,67,2017-03-08 06:18:10,2.725,32,2.2297283060723605
MID50,SID50,67,2017-03-08 06:18:10,1.514,25,2.3443217634608957
MID69,SID69,67,2017-03-08 06:18:10,3.028,32,2.160643577297227
MID68,SID68,67,2017-03-08 06:18:10,2.119,34,2.410984607759053
MID67,SID67,67,2017-03-08 06:18:10,2.725,34,2.221429118094009
MID66,SID66,67,2017-03-08 06:18:10,1.817,26,2.1089264427297576
MID65,SID65,67,2017-03-08 06:18:10,2.725,31,2.3023613577230884
MID64,SID64,67,2017-03-08 06:18:10,2.422,31,2.3716322418994085
MID63,SID63,67,2017-03-08 06:18:10,1.817,25,2.3868396704656467
MID62,SID62,67,2017-03-08 06:18:10,3.028,29,2.3785792239342904
MID61,SID61,67,2017-03-08 06:18:10,2.725,27,2.358638098151398
MID60,SID60,67,2017-03-08 06:18:10,2.725,32,2.4076214824785107
MID39,SID39,67,2017-03-08 06:18:10,2.422,30,2.378784435186476
MID38,SID38,67,2017-03-08 06:18:10,2.119,25,2.054916023038278
MID37,SID37,67,2017-03-08 06:18:10,2.422,34,2.333811753867973
MID36,SID36,67,2017-03-08 06:18:10,2.725,32,2.4754676398138593
MID35,SID35,67,2017-03-08 06:18:10,2.725,27,2.1707784512374615
MID34,SID34,67,2017-03-08 06:18:10,1.514,32,2.4580494098569194
MID33,SID33,67,2017-03-08 06:18:10,3.028,25,2.303174112384704
MID32,SID32,67,2017-03-08 06:18:10,2.725,31,2.450640114021278
MID31,SID31,67,2017-03-08 06:18:10,1.514,30,2.0106429191676036
MID30,SID30,67,2017-03-08 06:18:10,2.119,31,2.423640469313509
MID49,SID49,67,2017-03-08 06:18:10,2.119,31,2.233745169639958
MID48,SID48,67,2017-03-08 06:18:10,2.725,31,2.390807494072634
MID47,SID47,67,2017-03-08 06:18:10,2.119,28,2.1954394186939417
MID46,SID46,67,2017-03-08 06:18:10,2.422,33,2.421115251635579
MID45,SID45,67,2017-03-08 06:18:10,2.119,29,2.246637134093154
MID44,SID44,67,2017-03-08 06:18:10,1.514,32,2.175177067900244
MID43,SID43,67,2017-03-08 06:18:10,1.817,30,2.1580161197286523
MID42,SID42,67,2017-03-08 06:18:10,2.725,31,2.0533796410048923
MID41,SID41,67,2017-03-08 06:18:10,2.725,29,2.3421157916739226
MID40,SID40,67,2017-03-08 06:18:10,3.028,33,2.2103669396462293
MID19,SID19,67,2017-03-08 06:18:20,2.444,28,2.236811787545901
MID18,SID18,67,2017-03-08 06:18:20,2.139,32,2.4048079592934553
MID17,SID17,67,2017-03-08 06:18:20,2.444,28,2.2089707539967756
MID16,SID16,67,2017-03-08 06:18:20,2.139,25,2.141323362770081
MID15,SID15,67,2017-03-08 06:18:20,1.528,32,2.496473678644229
MID14,SID14,67,2017-03-08 06:18:20,2.444,25,2.3111208915389714
MID13,SID13,67,2017-03-08 06:18:20,2.750,28,2.2739679446509298
MID12,SID12,67,2017-03-08 06:18:20,2.444,26,2.4899536399397677
MID11,SID11,67,2017-03-08 06:18:20,3.056,25,2.4489154297487303
MID99,SID99,67,2017-03-08 06:18:20,2.139,33,2.242309404067817
MID10,SID10,67,2017-03-08 06:18:20,1.528,29,2.293397034496456
MID98,SID98,67,2017-03-08 06:18:20,2.750,29,2.05136686351724
MID97,SID97,67,2017-03-08 06:18:20,1.528,34,2.494784385063311
MID96,SID96,67,2017-03-08 06:18:20,2.750,30,2.1939717649723005
MID95,SID95,67,2017-03-08 06:18:20,3.056,31,2.0587918133583987
MID94,SID94,67,2017-03-08 06:18:20,3.056,34,2.2491841563840014
MID93,SID93,67,2017-03-08 06:18:20,3.056,25,2.1079765678427087
MID92,SID92,67,2017-03-08 06:18:20,2.139,27,2.347079371010752
MID91,SID91,67,2017-03-08 06:18:20,3.056,27,2.004704804726262
MID4,SID4,67,2017-03-08 06:18:20,1.528,34,2.4916687612894246
MID5,SID5,67,2017-03-08 06:18:20,2.444,33,2.398871187359218
MID6,SID6,67,2017-03-08 06:18:20,1.833,28,2.491290076904145
MID7,SID7,67,2017-03-08 06:18:20,3.056,30,2.0062324985153674
MID1,SID1,67,2017-03-08 06:18:20,2.139,27,2.401453525680687
MID2,SID2,67,2017-03-08 06:18:20,3.056,29,2.4781009401115406
MID3,SID3,67,2017-03-08 06:18:20,2.750,30,2.34460192668812
MID29,SID29,67,2017-03-08 06:18:20,2.750,34,2.441201358745446
MID28,SID28,67,2017-03-08 06:18:20,2.139,29,2.304199970355846
MID27,SID27,67,2017-03-08 06:18:20,1.833,32,2.444611722697464
MID26,SID26,67,2017-03-08 06:18:20,1.833,29,2.2752496254466785
MID8,SID8,67,2017-03-08 06:18:20,2.139,26,2.4526656824123427
MID25,SID25,67,2017-03-08 06:18:20,1.528,33,2.4793407568756507
MID9,SID9,67,2017-03-08 06:18:20,2.444,25,2.2194147718921933
MID24,SID24,67,2017-03-08 06:18:20,1.528,28,2.3624016846430287
MID23,SID23,67,2017-03-08 06:18:20,2.444,27,2.4378498915301123
MID22,SID22,67,2017-03-08 06:18:20,2.139,33,2.394993891771208
MID21,SID21,67,2017-03-08 06:18:20,1.833,32,2.3158925342884413
MID20,SID20,67,2017-03-08 06:18:20,2.139,29,2.323914694844596
MID100,SID100,67,2017-03-08 06:18:20,2.444,25,2.403351012378882
MID79,SID79,67,2017-03-08 06:18:20,1.528,34,2.1915909701854814
MID78,SID78,67,2017-03-08 06:18:20,2.444,30,2.238766927068388
MID77,SID77,67,2017-03-08 06:18:20,1.528,25,2.036577557311866
MID76,SID76,67,2017-03-08 06:18:20,1.833,33,2.0862451921481284
MID75,SID75,67,2017-03-08 06:18:20,2.139,31,2.1780198873457066
MID74,SID74,67,2017-03-08 06:18:20,2.444,26,2.432467965635177
MID73,SID73,67,2017-03-08 06:18:20,1.833,30,2.379888121640427
MID72,SID72,67,2017-03-08 06:18:20,3.056,25,2.120626491027515
MID71,SID71,67,2017-03-08 06:18:20,1.833,29,2.03666191138312
MID70,SID70,67,2017-03-08 06:18:20,1.833,26,2.2972705517191176
MID90,SID90,67,2017-03-08 06:18:20,2.444,28,2.131064309822321
MID89,SID89,67,2017-03-08 06:18:20,3.056,33,2.406783140131147
MID88,SID88,67,2017-03-08 06:18:20,2.444,31,2.372205611422742
MID87,SID87,67,2017-03-08 06:18:20,2.750,31,2.004328553702988
MID86,SID86,67,2017-03-08 06:18:20,1.833,31,2.07152200598676
MID85,SID85,67,2017-03-08 06:18:20,3.056,32,2.0206154498770985
MID84,SID84,67,2017-03-08 06:18:20,1.833,28,2.350059379872685
MID83,SID83,67,2017-03-08 06:18:20,1.833,25,2.1979409136347665
MID82,SID82,67,2017-03-08 06:18:20,2.750,32,2.209083746800868
MID81,SID81,67,2017-03-08 06:18:20,2.750,27,2.1373265198686027
MID80,SID80,67,2017-03-08 06:18:20,2.750,34,2.060315222987686
MID59,SID59,67,2017-03-08 06:18:20,1.833,31,2.1827299793558
MID58,SID58,67,2017-03-08 06:18:20,1.833,31,2.12616271687347
MID57,SID57,67,2017-03-08 06:18:20,3.056,29,2.3985725441935988
MID56,SID56,67,2017-03-08 06:18:20,1.528,32,2.4022830887247806
MID55,SID55,67,2017-03-08 06:18:20,2.444,26,2.2933968634553175
MID54,SID54,67,2017-03-08 06:18:20,1.528,29,2.2873880080885844
MID53,SID53,67,2017-03-08 06:18:20,2.139,33,2.489529293908982
MID52,SID52,67,2017-03-08 06:18:20,3.056,31,2.0042280032404483
MID51,SID51,67,2017-03-08 06:18:20,2.750,33,2.2860775664779145
MID50,SID50,67,2017-03-08 06:18:20,1.528,29,2.148722505995839
MID69,SID69,67,2017-03-08 06:18:20,3.056,26,2.4394224154351187
MID68,SID68,67,2017-03-08 06:18:20,2.139,33,2.0523475809071905
MID67,SID67,67,2017-03-08 06:18:20,2.750,26,2.1892174755830203
MID66,SID66,67,2017-03-08 06:18:20,1.833,27,2.0509335661032937
MID65,SID65,67,2017-03-08 06:18:20,2.750,31,2.041161700427066
MID64,SID64,67,2017-03-08 06:18:20,2.444,27,2.152426377465991
MID63,SID63,67,2017-03-08 06:18:20,1.833,26,2.3063695109959843
MID62,SID62,67,2017-03-08 06:18:20,3.056,34,2.1908315097175444
MID61,SID61,67,2017-03-08 06:18:20,2.750,26,2.4626741107169994
MID60,SID60,67,2017-03-08 06:18:20,2.750,32,2.388508051088586
MID39,SID39,67,2017-03-08 06:18:20,2.444,32,2.0963937882223367
MID38,SID38,67,2017-03-08 06:18:20,2.139,31,2.0942553182679897
MID37,SID37,67,2017-03-08 06:18:20,2.444,33,2.354076394507511
MID36,SID36,67,2017-03-08 06:18:20,2.750,25,2.395432672817632
MID35,SID35,67,2017-03-08 06:18:20,2.750,26,2.3232904273692756
MID34,SID34,67,2017-03-08 06:18:20,1.528,30,2.0472763568913073
MID33,SID33,67,2017-03-08 06:18:20,3.056,26,2.2868728531815674
MID32,SID32,67,2017-03-08 06:18:20,2.750,30,2.1073647922222802
MID31,SID31,67,2017-03-08 06:18:20,1.528,25,2.30592418842465
MID30,SID30,67,2017-03-08 06:18:20,2.139,32,2.135015775710716
MID49,SID49,67,2017-03-08 06:18:20,2.139,34,2.2683127983426337
MID48,SID48,67,2017-03-08 06:18:20,2.750,31,2.1701117611728455
MID47,SID47,67,2017-03-08 06:18:20,2.139,31,2.1162380211121072
MID46,SID46,67,2017-03-08 06:18:20,2.444,32,2.0235975520701093
MID45,SID45,67,2017-03-08 06:18:20,2.139,29,2.448368107171348
MID44,SID44,67,2017-03-08 06:18:20,1.528,31,2.3513893642375017
MID43,SID43,67,2017-03-08 06:18:20,1.833,33,2.0945801766777605
MID42,SID42,67,2017-03-08 06:18:20,2.750,33,2.4773816229353693
MID41,SID41,67,2017-03-08 06:18:20,2.750,27,2.1954922234488916
MID40,SID40,67,2017-03-08 06:18:20,3.056,27,2.222774543263536
MID19,SID19,67,2017-03-08 06:18:30,2.467,28,2.339938757834264
MID18,SID18,67,2017-03-08 06:18:30,2.158,26,2.112912359048438
MID17,SID17,67,2017-03-08 06:18:30,2.467,29,2.1189313110457277
MID16,SID16,67,2017-03-08 06:18:30,2.158,34,2.384995377617621
MID15,SID15,67,2017-03-08 06:18:30,1.542,33,2.3088453467098824
MID14,SID14,67,2017-03-08 06:18:30,2.467,28,2.3521848067103845
MID13,SID13,67,2017-03-08 06:18:30,2.775,33,2.3684945626812643
MID12,SID12,67,2017-03-08 06:18:30,2.467,33,2.4421726636676673
MID11,SID11,67,2017-03-08 06:18:30,3.083,27,2.1381982873523073
MID99,SID99,67,2017-03-08 06:18:30,2.158,26,2.4309145029354635
MID10,SID10,67,2017-03-08 06:18:30,1.542,29,2.2169903236636417
MID98,SID98,67,2017-03-08 06:18:30,2.775,28,2.4215681414548142
MID97,SID97,67,2017-03-08 06:18:30,1.542,34,2.352502056941521
MID96,SID96,67,2017-03-08 06:18:30,2.775,28,2.241468663768252
MID95,SID95,67,2017-03-08 06:18:30,3.083,26,2.051636877228533
MID94,SID94,67,2017-03-08 06:18:30,3.083,31,2.0949395633115038
MID93,SID93,67,2017-03-08 06:18:30,3.083,29,2.27980691467012
MID92,SID92,67,2017-03-08 06:18:30,2.158,34,2.356695074490326
MID91,SID91,67,2017-03-08 06:18:30,3.083,31,2.1066320374437866
MID4,SID4,67,2017-03-08 06:18:30,1.542,27,2.384253881670813
MID5,SID5,67,2017-03-08 06:18:30,2.467,33,2.4152230032481152
MID6,SID6,67,2017-03-08 06:18:30,1.850,31,2.0192270085757813
MID7,SID7,67,2017-03-08 06:18:30,3.083,26,2.455929046670717
MID1,SID1,67,2017-03-08 06:18:30,2.158,31,2.4836911831117447
MID2,SID2,67,2017-03-08 06:18:30,3.083,30,2.0571405490154424
MID3,SID3,67,2017-03-08 06:18:30,2.775,29,2.3070053666120725
MID29,SID29,67,2017-03-08 06:18:30,2.775,29,2.4817645521591367
MID28,SID28,67,2017-03-08 06:18:30,2.158,27,2.397757661461747
MID27,SID27,67,2017-03-08 06:18:30,1.850,28,2.4378955415275234
MID26,SID26,67,2017-03-08 06:18:30,1.850,25,2.01812378696826
MID8,SID8,67,2017-03-08 06:18:30,2.158,30,2.4216203508480767
MID25,SID25,67,2017-03-08 06:18:30,1.542,31,2.0412950859558583
MID9,SID9,67,2017-03-08 06:18:30,2.467,27,2.009893295568058
MID24,SID24,67,2017-03-08 06:18:30,1.542,33,2.176027386563501
MID23,SID23,67,2017-03-08 06:18:30,2.467,30,2.0162510395542976
MID22,SID22,67,2017-03-08 06:18:30,2.158,30,2.2991564720103335
MID21,SID21,67,2017-03-08 06:18:30,1.850,32,2.336811189938447
MID20,SID20,67,2017-03-08 06:18:30,2.158,34,2.1653545386992548
MID100,SID100,67,2017-03-08 06:18:30,2.467,27,2.0240146148373483
MID79,SID79,67,2017-03-08 06:18:30,1.542,28,2.1167127693308223
MID78,SID78,67,2017-03-08 06:18:30,2.467,30,2.2563186792206364
MID77,SID77,67,2017-03-08 06:18:30,1.542,25,2.2402489840479194
MID76,SID76,67,2017-03-08 06:18:30,1.850,25,2.3270018787682694
MID75,SID75,67,2017-03-08 06:18:30,2.158,33,2.2177958250996417
MID74,SID74,67,2017-03-08 06:18:30,2.467,28,2.0282119178784166
MID73,SID73,67,2017-03-08 06:18:30,1.850,33,2.2846208472573184
MID72,SID72,67,2017-03-08 06:18:30,3.083,33,2.291441981623203
MID71,SID71,67,2017-03-08 06:18:30,1.850,26,2.4646122399785013
MID70,SID70,67,2017-03-08 06:18:30,1.850,27,2.364709089194809
MID90,SID90,67,2017-03-08 06:18:30,2.467,33,2.2452205365785116
MID89,SID89,67,2017-03-08 06:18:30,3.083,28,2.1213613004880565
MID88,SID88,67,2017-03-08 06:18:30,2.467,26,2.15337118867856
MID87,SID87,67,2017-03-08 06:18:30,2.775,32,2.2278163132818296
MID86,SID86,67,2017-03-08 06:18:30,1.850,27,2.1200529518515943
MID85,SID85,67,2017-03-08 06:18:30,3.083,27,2.0292179475563596
MID84,SID84,67,2017-03-08 06:18:30,1.850,34,2.040428187655152
MID83,SID83,67,2017-03-08 06:18:30,1.850,29,2.384300256737448
MID82,SID82,67,2017-03-08 06:18:30,2.775,33,2.1158837795191583
MID81,SID81,67,2017-03-08 06:18:30,2.775,31,2.249457523081572
MID80,SID80,67,2017-03-08 06:18:30,2.775,31,2.390188467627005
MID59,SID59,67,2017-03-08 06:18:30,1.850,34,2.3384918375425325
MID58,SID58,67,2017-03-08 06:18:30,1.850,31,2.4228223136188656
MID57,SID57,67,2017-03-08 06:18:30,3.083,25,2.48962013229735
MID56,SID56,67,2017-03-08 06:18:30,1.542,25,2.437563053576772
MID55,SID55,67,2017-03-08 06:18:30,2.467,27,2.3115369282732234
MID54,SID54,67,2017-03-08 06:18:30,1.542,26,2.470474387147157
MID53,SID53,67,2017-03-08 06:18:30,2.158,28,2.297043631245896
MID52,SID52,67,2017-03-08 06:18:30,3.083,30,2.4944874207202066
MID51,SID51,67,2017-03-08 06:18:30,2.775,26,2.011782328931251
MID50,SID50,67,2017-03-08 06:18:30,1.542,33,2.285168792585936
MID69,SID69,67,2017-03-08 06:18:30,3.083,33,2.024902064783346
MID68,SID68,67,2017-03-08 06:18:30,2.158,34,2.148565061927868
MID67,SID67,67,2017-03-08 06:18:30,2.775,26,2.2637565085795046
MID66,SID66,67,2017-03-08 06:18:30,1.850,29,2.3841620693927816
MID65,SID65,67,2017-03-08 06:18:30,2.775,29,2.1212861006241597
MID64,SID64,67,2017-03-08 06:18:30,2.467,25,2.035247930327226
MID63,SID63,67,2017-03-08 06:18:30,1.850,30,2.351725318398351
MID62,SID62,67,2017-03-08 06:18:30,3.083,33,2.4876620376445477
MID61,SID61,67,2017-03-08 06:18:30,2.775,33,2.0300694996251596
MID60,SID60,67,2017-03-08 06:18:30,2.775,31,2.3691520795836167
MID39,SID39,67,2017-03-08 06:18:30,2.467,32,2.203944529231313
MID38,SID38,67,2017-03-08 06:18:30,2.158,32,2.24693140334098
MID37,SID37,67,2017-03-08 06:18:30,2.467,34,2.275646491212724
MID36,SID36,67,2017-03-08 06:18:30,2.775,26,2.332104285250574
MID35,SID35,67,2017-03-08 06:18:30,2.775,25,2.2506562054470245
MID34,SID34,67,2017-03-08 06:18:30,1.542,32,2.290278187518663
MID33,SID33,67,2017-03-08 06:18:30,3.083,32,2.3112160347051485
MID32,SID32,67,2017-03-08 06:18:30,2.775,27,2.0434627619138044
MID31,SID31,67,2017-03-08 06:18:30,1.542,34,2.0000061780394156
MID30,SID30,67,2017-03-08 06:18:30,2.158,27,2.4327884632838277
MID49,SID49,67,2017-03-08 06:18:30,2.158,34,2.0754949378017433
MID48,SID48,67,2017-03-08 06:18:30,2.775,27,2.0140850856671193
MID47,SID47,67,2017-03-08 06:18:30,2.158,32,2.1072207952315325
MID46,SID46,67,2017-03-08 06:18:30,2.467,34,2.2531714892532126
MID45,SID45,67,2017-03-08 06:18:30,2.158,26,2.0320740272151236
MID44,SID44,67,2017-03-08 06:18:30,1.542,28,2.1119647764726692
MID43,SID43,67,2017-03-08 06:18:30,1.850,27,2.4950265334926787
MID42,SID42,67,2017-03-08 06:18:30,2.775,25,2.2338346897468164
MID41,SID41,67,2017-03-08 06:18:30,2.775,27,2.045958548325343
MID40,SID40,67,2017-03-08 06:18:30,3.083,34,2.200845698865981
MID19,SID19,67,2017-03-08 06:18:40,2.489,29,2.1979197001784114
MID18,SID18,67,2017-03-08 06:18:40,2.178,26,2.276360183620773
MID17,SID17,67,2017-03-08 06:18:40,2.489,33,2.4372402601300647
MID16,SID16,67,2017-03-08 06:18:40,2.178,32,2.4180843199580155
MID15,SID15,67,2017-03-08 06:18:40,1.556,28,2.055914105616976
MID14,SID14,67,2017-03-08 06:18:40,2.489,34,2.2808654478813675
MID13,SID13,67,2017-03-08 06:18:40,2.800,33,2.315394644648151
MID12,SID12,67,2017-03-08 06:18:40,2.489,31,2.099666365394506
MID11,SID11,67,2017-03-08 06:18:40,3.111,28,2.322136979691681
MID99,SID99,67,2017-03-08 06:18:40,2.178,34,2.165287032284333
MID10,SID10,67,2017-03-08 06:18:40,1.556,32,2.4281573853468457
MID98,SID98,67,2017-03-08 06:18:40,2.800,25,2.1455805752130064
MID97,SID97,67,2017-03-08 06:18:40,1.556,29,2.074297294652202
MID96,SID96,67,2017-03-08 06:18:40,2.800,26,2.2999328616936294
MID95,SID95,67,2017-03-08 06:18:40,3.111,27,2.0929722833632733
MID94,SID94,67,2017-03-08 06:18:40,3.111,30,2.00595413812618
MID93,SID93,67,2017-03-08 06:18:40,3.111,32,2.3613335551280423
MID92,SID92,67,2017-03-08 06:18:40,2.178,28,2.4409148216044043
MID91,SID91,67,2017-03-08 06:18:40,3.111,30,2.0657333779836
MID4,SID4,67,2017-03-08 06:18:40,1.556,28,2.3952155155516106
MID5,SID5,67,2017-03-08 06:18:40,2.489,33,2.146943270666581
MID6,SID6,67,2017-03-08 06:18:40,1.867,30,2.38075150017683
MID7,SID7,67,2017-03-08 06:18:40,3.111,29,2.2375741200540555
MID1,SID1,67,2017-03-08 06:18:40,2.178,34,2.184595226131653
MID2,SID2,67,2017-03-08 06:18:40,3.111,32,2.0830241090839836
MID3,SID3,67,2017-03-08 06:18:40,2.800,34,2.2479170016174974
MID29,SID29,67,2017-03-08 06:18:40,2.800,27,2.392069962114086
MID28,SID28,67,2017-03-08 06:18:40,2.178,29,2.1125135927098153
MID27,SID27,67,2017-03-08 06:18:40,1.867,25,2.438449661724791
MID26,SID26,67,2017-03-08 06:18:40,1.867,33,2.232152149847258
MID8,SID8,67,2017-03-08 06:18:40,2.178,25,2.4544722770560354
MID25,SID25,67,2017-03-08 06:18:40,1.556,33,2.302664017471993
MID9,SID9,67,2017-03-08 06:18:40,2.489,30,2.2064156548183798
MID24,SID24,67,2017-03-08 06:18:40,1.556,32,2.3973313961618428
MID23,SID23,67,2017-03-08 06:18:40,2.489,27,2.1553132323662165
MID22,SID22,67,2017-03-08 06:18:40,2.178,31,2.292819686911646
MID21,SID21,67,2017-03-08 06:18:40,1.867,32,2.2441583014514377
MID20,SID20,67,2017-03-08 06:18:40,2.178,32,2.1373534320985828
MID100,SID100,67,2017-03-08 06:18:40,2.489,34,2.2424373318460016
MID79,SID79,67,2017-03-08 06:18:40,1.556,32,2.258686768109321
MID78,SID78,67,2017-03-08 06:18:40,2.489,30,2.491616014094814
MID77,SID77,67,2017-03-08 06:18:40,1.556,32,2.288294171893866
MID76,SID76,67,2017-03-08 06:18:40,1.867,31,2.3748444998800315
MID75,SID75,67,2017-03-08 06:18:40,2.178,30,2.0436381848614853
MID74,SID74,67,2017-03-08 06:18:40,2.489,29,2.0545517486275395
MID73,SID73,67,2017-03-08 06:18:40,1.867,34,2.023895597872838
MID72,SID72,67,2017-03-08 06:18:40,3.111,30,2.0605021863240274
MID71,SID71,67,2017-03-08 06:18:40,1.867,30,2.3648394709340983
MID70,SID70,67,2017-03-08 06:18:40,1.867,29,2.357021454330167
MID90,SID90,67,2017-03-08 06:18:40,2.489,27,2.4254252824437827
MID89,SID89,67,2017-03-08 06:18:40,3.111,26,2.453686447733302
MID88,SID88,67,2017-03-08 06:18:40,2.489,32,2.4019172130976374
MID87,SID87,67,2017-03-08 06:18:40,2.800,33,2.1679535291894343
MID86,SID86,67,2017-03-08 06:18:40,1.867,32,2.30373447560309
MID85,SID85,67,2017-03-08 06:18:40,3.111,28,2.4836544730544885
MID84,SID84,67,2017-03-08 06:18:40,1.867,29,2.1006100118975874
MID83,SID83,67,2017-03-08 06:18:40,1.867,25,2.1502283634032078
MID82,SID82,67,2017-03-08 06:18:40,2.800,27,2.47524230871321
MID81,SID81,67,2017-03-08 06:18:40,2.800,33,2.083374848940004
MID80,SID80,67,2017-03-08 06:18:40,2.800,25,2.148655543906783
MID59,SID59,67,2017-03-08 06:18:40,1.867,34,2.3027459678142326
MID58,SID58,67,2017-03-08 06:18:40,1.867,30,2.4126826990845736
MID57,SID57,67,2017-03-08 06:18:40,3.111,31,2.0860557186641877
MID56,SID56,67,2017-03-08 06:18:40,1.556,34,2.206234681327012
MID55,SID55,67,2017-03-08 06:18:40,2.489,28,2.3855056378013564
MID54,SID54,67,2017-03-08 06:18:40,1.556,29,2.165993981488295
MID53,SID53,67,2017-03-08 06:18:40,2.178,28,2.384234824109677
MID52,SID52,67,2017-03-08 06:18:40,3.111,32,2.3194815981877452
MID51,SID51,67,2017-03-08 06:18:40,2.800,33,2.058315154156827
MID50,SID50,67,2017-03-08 06:18:40,1.556,34,2.4239441156917225
MID69,SID69,67,2017-03-08 06:18:40,3.111,33,2.1816848018196877
MID68,SID68,67,2017-03-08 06:18:40,2.178,32,2.2757725221927876
MID67,SID67,67,2017-03-08 06:18:40,2.800,27,2.018493093408389
MID66,SID66,67,2017-03-08 06:18:40,1.867,33,2.1159859907911063
MID65,SID65,67,2017-03-08 06:18:40,2.800,32,2.253149453790578
MID64,SID64,67,2017-03-08 06:18:40,2.489,32,2.0125819092686736
MID63,SID63,67,2017-03-08 06:18:40,1.867,33,2.121575831527561
MID62,SID62,67,2017-03-08 06:18:40,3.111,32,2.4965134218540515
MID61,SID61,67,2017-03-08 06:18:40,2.800,34,2.176807350772472
MID60,SID60,67,2017-03-08 06:18:40,2.800,33,2.3483126223607487
MID39,SID39,67,2017-03-08 06:18:40,2.489,32,2.1899640856011815
MID38,SID38,67,2017-03-08 06:18:40,2.178,25,2.2204429425020837
MID37,SID37,67,2017-03-08 06:18:40,2.489,34,2.163663669372112
MID36,SID36,67,2017-03-08 06:18:40,2.800,33,2.43757849396163
MID35,SID35,67,2017-03-08 06:18:40,2.800,25,2.062480434220734
MID34,SID34,67,2017-03-08 06:18:40,1.556,26,2.232413971387511
MID33,SID33,67,2017-03-08 06:18:40,3.111,25,2.279524106150263
MID32,SID32,67,2017-03-08 06:18:40,2.800,28,2.4009077788795263
MID31,SID31,67,2017-03-08 06:18:40,1.556,28,2.416493167187785
MID30,SID30,67,2017-03-08 06:18:40,2.178,33,2.4908770954256085
MID49,SID49,67,2017-03-08 06:18:40,2.178,30,2.451936820577753
MID48,SID48,67,2017-03-08 06:18:40,2.800,25,2.0907725054089874
MID47,SID47,67,2017-03-08 06:18:40,2.178,33,2.1783747249159706
MID46,SID46,67,2017-03-08 06:18:40,2.489,25,2.065624164836754
MID45,SID45,67,2017-03-08 06:18:40,2.178,27,2.1585874927056823
MID44,SID44,67,2017-03-08 06:18:40,1.556,33,2.3949443838404525
MID43,SID43,67,2017-03-08 06:18:40,1.867,31,2.193297626990937
MID42,SID42,67,2017-03-08 06:18:40,2.800,26,2.4681691117522497
MID41,SID41,67,2017-03-08 06:18:40,2.800,32,2.371766169257098
MID40,SID40,67,2017-03-08 06:18:40,3.111,27,2.1862290125823725
MID19,SID19,67,2017-03-08 06:18:50,2.511,29,2.4756738559255407
MID18,SID18,67,2017-03-08 06:18:50,2.197,33,2.3850772639158255
MID17,SID17,67,2017-03-08 06:18:50,2.511,29,2.3828995351640474
MID16,SID16,67,2017-03-08 06:18:50,2.197,25,2.268309016735305
MID15,SID15,67,2017-03-08 06:18:50,1.569,32,2.3229415102272006
MID14,SID14,67,2017-03-08 06:18:50,2.511,26,2.172911253537068
MID13,SID13,67,2017-03-08 06:18:50,2.825,27,2.41744759132642
MID12,SID12,67,2017-03-08 06:18:50,2.511,33,2.4890459138801644
MID11,SID11,67,2017-03-08 06:18:50,3.139,33,2.271451303908293
MID99,SID99,67,2017-03-08 06:18:50,2.197,26,2.052551060847083
MID10,SID10,67,2017-03-08 06:18:50,1.569,33,2.3867720100133103
MID98,SID98,67,2017-03-08 06:18:50,2.825,27,2.3146685481571017
MID97,SID97,67,2017-03-08 06:18:50,1.569,27,2.111807591330224
MID96,SID96,67,2017-03-08 06:18:50,2.825,28,2.345039248769917
MID95,SID95,67,2017-03-08 06:18:50,3.139,28,2.2166530011854517
MID94,SID94,67,2017-03-08 06:18:50,3.139,29,2.430029177672771
MID93,SID93,67,2017-03-08 06:18:50,3.139,26,2.47126736714687
MID92,SID92,67,2017-03-08 06:18:50,2.197,30,2.0644601904119946
MID91,SID91,67,2017-03-08 06:18:50,3.139,25,2.2784777186300067
MID4,SID4,67,2017-03-08 06:18:50,1.569,34,2.442548576311629
MID5,SID5,67,2017-03-08 06:18:50,2.511,25,2.01431798202898
MID6,SID6,67,2017-03-08 06:18:50,1.883,32,2.199269988236916
MID7,SID7,67,2017-03-08 06:18:50,3.139,27,2.3321722245762424
MID1,SID1,67,2017-03-08 06:18:50,2.197,26,2.420539339657322
MID2,SID2,67,2017-03-08 06:18:50,3.139,33,2.0230468319094475
MID3,SID3,67,2017-03-08 06:18:50,2.825,27,2.27845742794639
MID29,SID29,67,2017-03-08 06:18:50,2.825,34,2.1239339306865785
MID28,SID28,67,2017-03-08 06:18:50,2.197,31,2.1313650862045304
MID27,SID27,67,2017-03-08 06:18:50,1.883,34,2.495040713362482
MID26,SID26,67,2017-03-08 06:18:50,1.883,34,2.1471152315072146
MID8,SID8,67,2017-03-08 06:18:50,2.197,33,2.110596652916572
MID25,SID25,67,2017-03-08 06:18:50,1.569,33,2.4689966155232677
MID9,SID9,67,2017-03-08 06:18:50,2.511,34,2.4837504911227875
MID24,SID24,67,2017-03-08 06:18:50,1.569,27,2.06441948006671
MID23,SID23,67,2017-03-08 06:18:50,2.511,29,2.135495123632464
MID22,SID22,67,2017-03-08 06:18:50,2.197,28,2.142361151618798
MID21,SID21,67,2017-03-08 06:18:50,1.883,30,2.0971173148612325
MID20,SID20,67,2017-03-08 06:18:50,2.197,29,2.480976282134067
MID100,SID100,67,2017-03-08 06:18:50,2.511,27,2.055350961572902
MID79,SID79,67,2017-03-08 06:18:50,1.569,32,2.431107348360287
MID78,SID78,67,2017-03-08 06:18:50,2.511,34,2.335480782308337
MID77,SID77,67,2017-03-08 06:18:50,1.569,31,2.061245106708884
MID76,SID76,67,2017-03-08 06:18:50,1.883,27,2.2216630655885643
MID75,SID75,67,2017-03-08 06:18:50,2.197,34,2.473186434374049
MID74,SID74,67,2017-03-08 06:18:50,2.511,34,2.2073189835712754
MID73,SID73,67,2017-03-08 06:18:50,1.883,31,2.3050486856916708
MID72,SID72,67,2017-03-08 06:18:50,3.139,33,2.0338365510584233
MID71,SID71,67,2017-03-08 06:18:50,1.883,33,2.0289593676676945
MID70,SID70,67,2017-03-08 06:18:50,1.883,32,2.1706364319304474
MID90,SID90,67,2017-03-08 06:18:50,2.511,29,2.2091610352291684
MID89,SID89,67,2017-03-08 06:18:50,3.139,33,2.302566731392993
MID88,SID88,67,2017-03-08 06:18:50,2.511,29,2.315502652190452
MID87,SID87,67,2017-03-08 06:18:50,2.825,25,2.214453467790274
MID86,SID86,67,2017-03-08 06:18:50,1.883,30,2.3294890257375824
MID85,SID85,67,2017-03-08 06:18:50,3.139,27,2.113911018178994
MID84,SID84,67,2017-03-08 06:18:50,1.883,27,2.0081582048585345
MID83,SID83,67,2017-03-08 06:18:50,1.883,27,2.386813004253559
MID82,SID82,67,2017-03-08 06:18:50,2.825,25,2.1082877008808154
MID81,SID81,67,2017-03-08 06:18:50,2.825,33,2.3135664182075626
MID80,SID80,67,2017-03-08 06:18:50,2.825,30,2.1224590209115535
MID59,SID59,67,2017-03-08 06:18:50,1.883,27,2.0016512465375436
MID58,SID58,67,2017-03-08 06:18:50,1.883,31,2.4232294726742496
MID57,SID57,67,2017-03-08 06:18:50,3.139,33,2.153448051734487
MID56,SID56,67,2017-03-08 06:18:50,1.569,30,2.055725756263549
MID55,SID55,67,2017-03-08 06:18:50,2.511,33,2.026904583680644
MID54,SID54,67,2017-03-08 06:18:50,1.569,31,2.3057613520904154
MID53,SID53,67,2017-03-08 06:18:50,2.197,26,2.2935173816396413
MID52,SID52,67,2017-03-08 06:18:50,3.139,26,2.1847662648557833
MID51,SID51,67,2017-03-08 06:18:50,2.825,31,2.0555808415631596
MID50,SID50,67,2017-03-08 06:18:50,1.569,34,2.3153962519185782
MID69,SID69,67,2017-03-08 06:18:50,3.139,28,2.31222495871228
MID68,SID68,67,2017-03-08 06:18:50,2.197,26,2.387873296409533
MID67,SID67,67,2017-03-08 06:18:50,2.825,31,2.467060748271265
MID66,SID66,67,2017-03-08 06:18:50,1.883,28,2.3721918081631865
MID65,SID65,67,2017-03-08 06:18:50,2.825,25,2.4542731924039694
MID64,SID64,67,2017-03-08 06:18:50,2.511,34,2.386435761851011
MID63,SID63,67,2017-03-08 06:18:50,1.883,31,2.3035720972759677
MID62,SID62,67,2017-03-08 06:18:50,3.139,26,2.3017493216586633
MID61,SID61,67,2017-03-08 06:18:50,2.825,33,2.077983431312378
MID60,SID60,67,2017-03-08 06:18:50,2.825,34,2.021489750404158
MID39,SID39,67,2017-03-08 06:18:50,2.511,30,2.2487732506217135
MID38,SID38,67,2017-03-08 06:18:50,2.197,25,2.2786110346899657
MID37,SID37,67,2017-03-08 06:18:50,2.511,29,2.4279700713699324
MID36,SID36,67,2017-03-08 06:18:50,2.825,28,2.0336939353210646
MID35,SID35,67,2017-03-08 06:18:50,2.825,31,2.33576398566375
MID34,SID34,67,2017-03-08 06:18:50,1.569,27,2.0642120081567157
MID33,SID33,67,2017-03-08 06:18:50,3.139,34,2.4600968210211667
MID32,SID32,67,2017-03-08 06:18:50,2.825,30,2.289421892299447
MID31,SID31,67,2017-03-08 06:18:50,1.569,27,2.179888055633407
MID30,SID30,67,2017-03-08 06:18:50,2.197,32,2.212643571466585
MID49,SID49,67,2017-03-08 06:18:50,2.197,25,2.037512698908828
MID48,SID48,67,2017-03-08 06:18:50,2.825,30,2.3055653798363958
MID47,SID47,67,2017-03-08 06:18:50,2.197,34,2.1685228858459524
MID46,SID46,67,2017-03-08 06:18:50,2.511,27,2.3722432500982484
MID45,SID45,67,2017-03-08 06:18:50,2.197,32,2.179329036768445
MID44,SID44,67,2017-03-08 06:18:50,1.569,27,2.2439424020650054
MID43,SID43,67,2017-03-08 06:18:50,1.883,25,2.1849440655424126
MID42,SID42,67,2017-03-08 06:18:50,2.825,30,2.071778542741116
MID41,SID41,67,2017-03-08 06:18:50,2.825,27,2.4329749937272194
MID40,SID40,67,2017-03-08 06:18:50,3.139,30,2.007517180038976
MID19,SID19,67,2017-03-08 06:19:00,2.533,31,2.4916169638379784
MID18,SID18,67,2017-03-08 06:19:00,2.217,28,2.099186698790957
MID17,SID17,67,2017-03-08 06:19:00,2.533,33,2.3017192454539788
MID16,SID16,67,2017-03-08 06:19:00,2.217,32,2.1358620022838943
MID15,SID15,67,2017-03-08 06:19:00,1.583,25,2.363741249089933
MID14,SID14,67,2017-03-08 06:19:00,2.533,25,2.078650769450964
MID13,SID13,67,2017-03-08 06:19:00,2.850,26,2.275758645448395
MID12,SID12,67,2017-03-08 06:19:00,2.533,29,2.0395177101331456
MID11,SID11,67,2017-03-08 06:19:00,3.167,30,2.1912573410502083
MID99,SID99,67,2017-03-08 06:19:00,2.217,25,2.164256203436422
MID10,SID10,67,2017-03-08 06:19:00,1.583,29,2.021025008832982
MID98,SID98,67,2017-03-08 06:19:00,2.850,25,2.336143816681422
MID97,SID97,67,2017-03-08 06:19:00,1.583,27,2.065366340213329
MID96,SID96,67,2017-03-08 06:19:00,2.850,33,2.2505568068118484
MID95,SID95,67,2017-03-08 06:19:00,3.167,31,2.0904296772062296
MID94,SID94,67,2017-03-08 06:19:00,3.167,31,2.149553449500971
MID93,SID93,67,2017-03-08 06:19:00,3.167,32,2.0328779456616672
MID92,SID92,67,2017-03-08 06:19:00,2.217,30,2.2277412731768607
MID91,SID91,67,2017-03-08 06:19:00,3.167,30,2.374346115417949
MID4,SID4,67,2017-03-08 06:19:00,1.583,33,2.1747308316622314
MID5,SID5,67,2017-03-08 06:19:00,2.533,30,2.134301740183013
MID6,SID6,67,2017-03-08 06:19:00,1.900,28,2.0500299276894625
MID7,SID7,67,2017-03-08 06:19:00,3.167,26,2.3700591876215764
MID1,SID1,67,2017-03-08 06:19:00,2.217,27,2.017749678836374
MID2,SID2,67,2017-03-08 06:19:00,3.167,27,2.225839528614594
MID3,SID3,67,2017-03-08 06:19:00,2.850,25,2.020654168583692
MID29,SID29,67,2017-03-08 06:19:00,2.850,27,2.4172745661113293
MID28,SID28,67,2017-03-08 06:19:00,2.217,28,2.124827034443569
MID27,SID27,67,2017-03-08 06:19:00,1.900,25,2.0398961111858642
MID26,SID26,67,2017-03-08 06:19:00,1.900,27,2.094826876619784
MID8,SID8,67,2017-03-08 06:19:00,2.217,33,2.4894998152370547
MID25,SID25,67,2017-03-08 06:19:00,1.583,33,2.0212633661180064
MID9,SID9,67,2017-03-08 06:19:00,2.533,30,2.0310395801546246
MID24,SID24,67,2017-03-08 06:19:00,1.583,27,2.4560335563051052
MID23,SID23,67,2017-03-08 06:19:00,2.533,28,2.245141245245864
MID22,SID22,67,2017-03-08 06:19:00,2.217,31,2.4517101457706176
MID21,SID21,67,2017-03-08 06:19:00,1.900,34,2.4589056209018687
MID20,SID20,67,2017-03-08 06:19:00,2.217,31,2.4085614469056047
MID100,SID100,67,2017-03-08 06:19:00,2.533,27,2.1781971201978556
MID79,SID79,67,2017-03-08 06:19:00,1.583,30,2.0664034725826355
MID78,SID78,67,2017-03-08 06:19:00,2.533,31,2.2789230571004864
MID77,SID77,67,2017-03-08 06:19:00,1.583,27,2.043761171931234
MID76,SID76,67,2017-03-08 06:19:00,1.900,30,2.283417663261444
MID75,SID75,67,2017-03-08 06:19:00,2.217,29,2.4152191838290755
MID74,SID74,67,2017-03-08 06:19:00,2.533,30,2.140009996432956
MID73,SID73,67,2017-03-08 06:19:00,1.900,32,2.3569684486453464
MID72,SID72,67,2017-03-08 06:19:00,3.167,25,2.2322630854764025
MID71,SID71,67,2017-03-08 06:19:00,1.900,34,2.475777135455948
MID70,SID70,67,2017-03-08 06:19:00,1.900,34,2.1165125137380696
MID90,SID90,67,2017-03-08 06:19:00,2.533,29,2.0330280275824046
MID89,SID89,67,2017-03-08 06:19:00,3.167,31,2.2982597608776563
MID88,SID88,67,2017-03-08 06:19:00,2.533,29,2.3268757449569706
MID87,SID87,67,2017-03-08 06:19:00,2.850,34,2.1280236896794222
MID86,SID86,67,2017-03-08 06:19:00,1.900,32,2.08786968190812
MID85,SID85,67,2017-03-08 06:19:00,3.167,32,2.3087941928058426
MID84,SID84,67,2017-03-08 06:19:00,1.900,27,2.2869120586552367
MID83,SID83,67,2017-03-08 06:19:00,1.900,25,2.118288413080508
MID82,SID82,67,2017-03-08 06:19:00,2.850,31,2.3022475271260445
MID81,SID81,67,2017-03-08 06:19:00,2.850,25,2.239697498561522
MID80,SID80,67,2017-03-08 06:19:00,2.850,33,2.184419197928749
MID59,SID59,67,2017-03-08 06:19:00,1.900,33,2.3360900193324974
MID58,SID58,67,2017-03-08 06:19:00,1.900,33,2.29904265482112
MID57,SID57,67,2017-03-08 06:19:00,3.167,33,2.370645420763956
MID56,SID56,67,2017-03-08 06:19:00,1.583,33,2.2060162598301396
MID55,SID55,67,2017-03-08 06:19:00,2.533,25,2.3223070033605406
MID54,SID54,67,2017-03-08 06:19:00,1.583,31,2.448131283044807
MID53,SID53,67,2017-03-08 06:19:00,2.217,33,2.287747234177766
MID52,SID52,67,2017-03-08 06:19:00,3.167,30,2.4881389802052736
MID51,SID51,67,2017-03-08 06:19:00,2.850,25,2.095054908929471
MID50,SID50,67,2017-03-08 06:19:00,1.583,33,2.0264629568700476
MID69,SID69,67,2017-03-08 06:19:00,3.167,30,2.1006348406253674
MID68,SID68,67,2017-03-08 06:19:00,2.217,27,2.1827716515215916
MID67,SID67,67,2017-03-08 06:19:00,2.850,29,2.494730644679175
MID66,SID66,67,2017-03-08 06:19:00,1.900,26,2.256871751332859
MID65,SID65,67,2017-03-08 06:19:00,2.850,25,2.1000422893517445
MID64,SID64,67,2017-03-08 06:19:00,2.533,27,2.1516992137426705
MID63,SID63,67,2017-03-08 06:19:00,1.900,28,2.4346421403847
MID62,SID62,67,2017-03-08 06:19:00,3.167,31,2.1201784849765004
MID61,SID61,67,2017-03-08 06:19:00,2.850,30,2.355564912849513
MID60,SID60,67,2017-03-08 06:19:00,2.850,29,2.1830496915679327
MID39,SID39,67,2017-03-08 06:19:00,2.533,33,2.0234855970788947
MID38,SID38,67,2017-03-08 06:19:00,2.217,34,2.4751521730593633
MID37,SID37,67,2017-03-08 06:19:00,2.533,34,2.43027019834431
MID36,SID36,67,2017-03-08 06:19:00,2.850,29,2.4253569806241035
MID35,SID35,67,2017-03-08 06:19:00,2.850,29,2.4983590928932604
MID34,SID34,67,2017-03-08 06:19:00,1.583,32,2.3177531269633294
MID33,SID33,67,2017-03-08 06:19:00,3.167,26,2.3404570460977516
MID32,SID32,67,2017-03-08 06:19:00,2.850,25,2.2814287391770565
MID31,SID31,67,2017-03-08 06:19:00,1.583,28,2.143305755160897
MID30,SID30,67,2017-03-08 06:19:00,2.217,29,2.419004471530287
MID49,SID49,67,2017-03-08 06:19:00,2.217,30,2.3143699928894588
MID48,SID48,67,2017-03-08 06:19:00,2.850,28,2.06385461700504
MID47,SID47,67,2017-03-08 06:19:00,2.217,26,2.239036654527973
MID46,SID46,67,2017-03-08 06:19:00,2.533,29,2.103657819868178
MID45,SID45,67,2017-03-08 06:19:00,2.217,32,2.402765731215827
MID44,SID44,67,2017-03-08 06:19:00,1.583,30,2.479260839870804
MID43,SID43,67,2017-03-08 06:19:00,1.900,31,2.3563141972445942
MID42,SID42,67,2017-03-08 06:19:00,2.850,30,2.388854767472943
MID41,SID41,67,2017-03-08 06:19:00,2.850,31,2.1170562536465827
MID40,SID40,67,2017-03-08 06:19:00,3.167,29,2.013058899242477
MID19,SID19,67,2017-03-08 06:19:10,2.556,29,2.0081573587385293
MID18,SID18,67,2017-03-08 06:19:10,2.236,33,2.4279046310369172
MID17,SID17,67,2017-03-08 06:19:10,2.556,28,2.0161681345023807
MID16,SID16,67,2017-03-08 06:19:10,2.236,30,2.0588194999210176
MID15,SID15,67,2017-03-08 06:19:10,1.597,33,2.2708681323608495
MID14,SID14,67,2017-03-08 06:19:10,2.556,33,2.12476970352513
MID13,SID13,67,2017-03-08 06:19:10,2.875,28,2.0454711310340468
MID12,SID12,67,2017-03-08 06:19:10,2.556,34,2.48511708874903
MID11,SID11,67,2017-03-08 06:19:10,3.194,30,2.0830399338742143
MID99,SID99,67,2017-03-08 06:19:10,2.236,33,2.218358335939069
MID10,SID10,67,2017-03-08 06:19:10,1.597,32,2.1573210100611284
MID98,SID98,67,2017-03-08 06:19:10,2.875,32,2.0807426555149173
MID97,SID97,67,2017-03-08 06:19:10,1.597,31,2.3604148048427644
MID96,SID96,67,2017-03-08 06:19:10,2.875,26,2.06844643432018
MID95,SID95,67,2017-03-08 06:19:10,3.194,29,2.397758059755392
MID94,SID94,67,2017-03-08 06:19:10,3.194,30,2.072979027664287
MID93,SID93,67,2017-03-08 06:19:10,3.194,31,2.164856493949334
MID92,SID92,67,2017-03-08 06:19:10,2.236,26,2.0877207723882862
MID91,SID91,67,2017-03-08 06:19:10,3.194,30,2.381481592820861
MID4,SID4,67,2017-03-08 06:19:10,1.597,30,2.41293117564429
MID5,SID5,67,2017-03-08 06:19:10,2.556,34,2.296782750124893
MID6,SID6,67,2017-03-08 06:19:10,1.917,26,2.2423164034742458
MID7,SID7,67,2017-03-08 06:19:10,3.194,25,2.0379207649510946
MID1,SID1,67,2017-03-08 06:19:10,2.236,27,2.0481689504479217
MID2,SID2,67,2017-03-08 06:19:10,3.194,25,2.3968165495331184
MID3,SID3,67,2017-03-08 06:19:10,2.875,26,2.108953305357671
MID29,SID29,67,2017-03-08 06:19:10,2.875,28,2.2919528212927043
MID28,SID28,67,2017-03-08 06:19:10,2.236,32,2.0430736071035787
MID27,SID27,67,2017-03-08 06:19:10,1.917,33,2.442004886503205
MID26,SID26,67,2017-03-08 06:19:10,1.917,26,2.1214137949018332
MID8,SID8,67,2017-03-08 06:19:10,2.236,28,2.196789778131783
MID25,SID25,67,2017-03-08 06:19:10,1.597,28,2.3085897896346843
MID9,SID9,67,2017-03-08 06:19:10,2.556,31,2.1614972727820434
MID24,SID24,67,2017-03-08 06:19:10,1.597,33,2.0489262539832893
MID23,SID23,67,2017-03-08 06:19:10,2.556,34,2.4310377026019783
MID22,SID22,67,2017-03-08 06:19:10,2.236,25,2.3723734123471427
MID21,SID21,67,2017-03-08 06:19:10,1.917,28,2.140387492343632
MID20,SID20,67,2017-03-08 06:19:10,2.236,26,2.3511585982022467
MID100,SID100,67,2017-03-08 06:19:10,2.556,30,2.428591501514028
MID79,SID79,67,2017-03-08 06:19:10,1.597,29,2.3620620460013053
MID78,SID78,67,2017-03-08 06:19:10,2.556,28,2.1691575115339137
MID77,SID77,67,2017-03-08 06:19:10,1.597,28,2.282879601823984
MID76,SID76,67,2017-03-08 06:19:10,1.917,28,2.10524655539188
MID75,SID75,67,2017-03-08 06:19:10,2.236,33,2.1799913806986426
MID74,SID74,67,2017-03-08 06:19:10,2.556,26,2.001061474947659
MID73,SID73,67,2017-03-08 06:19:10,1.917,28,2.1872689249147568
MID72,SID72,67,2017-03-08 06:19:10,3.194,25,2.392346523166088
MID71,SID71,67,2017-03-08 06:19:10,1.917,30,2.4473538085215294
MID70,SID70,67,2017-03-08 06:19:10,1.917,34,2.388505162892966
MID90,SID90,67,2017-03-08 06:19:10,2.556,34,2.465960173632688
MID89,SID89,67,2017-03-08 06:19:10,3.194,26,2.0452087251996582
MID88,SID88,67,2017-03-08 06:19:10,2.556,30,2.22214801217002
MID87,SID87,67,2017-03-08 06:19:10,2.875,25,2.286961619436433
MID86,SID86,67,2017-03-08 06:19:10,1.917,25,2.0662356031496785
MID85,SID85,67,2017-03-08 06:19:10,3.194,27,2.0715571807602435
MID84,SID84,67,2017-03-08 06:19:10,1.917,30,2.1014843426419287
MID83,SID83,67,2017-03-08 06:19:10,1.917,29,2.1001323914810786
MID82,SID82,67,2017-03-08 06:19:10,2.875,25,2.3810398761728933
MID81,SID81,67,2017-03-08 06:19:10,2.875,30,2.3027513340961345
MID80,SID80,67,2017-03-08 06:19:10,2.875,28,2.284650033995602
MID59,SID59,67,2017-03-08 06:19:10,1.917,34,2.3693632088433514
MID58,SID58,67,2017-03-08 06:19:10,1.917,31,2.2099567558191993
MID57,SID57,67,2017-03-08 06:19:10,3.194,26,2.097857557658566
MID56,SID56,67,2017-03-08 06:19:10,1.597,29,2.019351620285627
MID55,SID55,67,2017-03-08 06:19:10,2.556,26,2.39004513645635
MID54,SID54,67,2017-03-08 06:19:10,1.597,26,2.2252798116525097
MID53,SID53,67,2017-03-08 06:19:10,2.236,25,2.4237496607439994
MID52,SID52,67,2017-03-08 06:19:10,3.194,31,2.43455439687125
MID51,SID51,67,2017-03-08 06:19:10,2.875,27,2.297654806324779
MID50,SID50,67,2017-03-08 06:19:10,1.597,31,2.100665692187872
MID69,SID69,67,2017-03-08 06:19:10,3.194,28,2.3772855653904443
MID68,SID68,67,2017-03-08 06:19:10,2.236,29,2.0393018287585
MID67,SID67,67,2017-03-08 06:19:10,2.875,30,2.444421643602399
MID66,SID66,67,2017-03-08 06:19:10,1.917,26,2.022717092485738
MID65,SID65,67,2017-03-08 06:19:10,2.875,28,2.0493549808353144
MID64,SID64,67,2017-03-08 06:19:10,2.556,28,2.3615887175813133
MID63,SID63,67,2017-03-08 06:19:10,1.917,31,2.2055021411008506
MID62,SID62,67,2017-03-08 06:19:10,3.194,28,2.498284711482328
MID61,SID61,67,2017-03-08 06:19:10,2.875,31,2.0203107532158904
MID60,SID60,67,2017-03-08 06:19:10,2.875,32,2.169624842071515
MID39,SID39,67,2017-03-08 06:19:10,2.556,26,2.4599534966865937
MID38,SID38,67,2017-03-08 06:19:10,2.236,29,2.3597101641847322
MID37,SID37,67,2017-03-08 06:19:10,2.556,32,2.1044001298916597
MID36,SID36,67,2017-03-08 06:19:10,2.875,28,2.3211124517519797
MID35,SID35,67,2017-03-08 06:19:10,2.875,33,2.145285858176655
MID34,SID34,67,2017-03-08 06:19:10,1.597,27,2.1925993865488502
MID33,SID33,67,2017-03-08 06:19:10,3.194,32,2.0869407073291666
MID32,SID32,67,2017-03-08 06:19:10,2.875,33,2.49042897651393
MID31,SID31,67,2017-03-08 06:19:10,1.597,31,2.237832663806803
MID30,SID30,67,2017-03-08 06:19:10,2.236,26,2.085446381203044
MID49,SID49,67,2017-03-08 06:19:10,2.236,25,2.109880038682546
MID48,SID48,67,2017-03-08 06:19:10,2.875,25,2.125258553431933
MID47,SID47,67,2017-03-08 06:19:10,2.236,30,2.258233995290893
MID46,SID46,67,2017-03-08 06:19:10,2.556,31,2.422470711227824
MID45,SID45,67,2017-03-08 06:19:10,2.236,30,2.1308768268176856
MID44,SID44,67,2017-03-08 06:19:10,1.597,31,2.3085997633111703
MID43,SID43,67,2017-03-08 06:19:10,1.917,29,2.2865872099690536
MID42,SID42,67,2017-03-08 06:19:10,2.875,27,2.0268563054600968
MID41,SID41,67,2017-03-08 06:19:10,2.875,30,2.4481712089006518
MID40,SID40,67,2017-03-08 06:19:10,3.194,26,2.0073551169009596
MID19,SID19,67,2017-03-08 06:19:20,2.578,26,2.009091850094905
MID18,SID18,67,2017-03-08 06:19:20,2.256,26,2.3341708617529995
MID17,SID17,67,2017-03-08 06:19:20,2.578,27,2.397727257721123
MID16,SID16,67,2017-03-08 06:19:20,2.256,26,2.125347873037004
MID15,SID15,67,2017-03-08 06:19:20,1.611,27,2.4125755102862443
MID14,SID14,67,2017-03-08 06:19:20,2.578,34,2.4141866964441014
MID13,SID13,67,2017-03-08 06:19:20,2.900,25,2.2934050722743353
MID12,SID12,67,2017-03-08 06:19:20,2.578,30,2.3321082895911185
MID11,SID11,67,2017-03-08 06:19:20,3.222,34,2.1533208949328233
MID99,SID99,67,2017-03-08 06:19:20,2.256,31,2.2023563799171137
MID10,SID10,67,2017-03-08 06:19:20,1.611,34,2.3483336758707343
MID98,SID98,67,2017-03-08 06:19:20,2.900,26,2.473653623649862
MID97,SID97,67,2017-03-08 06:19:20,1.611,25,2.0491217078591015
MID96,SID96,67,2017-03-08 06:19:20,2.900,31,2.0898993779064132
MID95,SID95,67,2017-03-08 06:19:20,3.222,25,2.0885661403049323
MID94,SID94,67,2017-03-08 06:19:20,3.222,27,2.105289662002987
MID93,SID93,67,2017-03-08 06:19:20,3.222,33,2.3698186805251553
MID92,SID92,67,2017-03-08 06:19:20,2.256,28,2.096638225852428
MID91,SID91,67,2017-03-08 06:19:20,3.222,31,2.3227920346349884
MID4,SID4,67,2017-03-08 06:19:20,1.611,25,2.3107685650719487
MID5,SID5,67,2017-03-08 06:19:20,2.578,29,2.1354884135542784
MID6,SID6,67,2017-03-08 06:19:20,1.933,28,2.384156608695402
MID7,SID7,67,2017-03-08 06:19:20,3.222,34,2.1761666644536737
MID1,SID1,67,2017-03-08 06:19:20,2.256,31,2.1458613253355963
MID2,SID2,67,2017-03-08 06:19:20,3.222,25,2.453584903111963
MID3,SID3,67,2017-03-08 06:19:20,2.900,33,2.3042881684238496
MID29,SID29,67,2017-03-08 06:19:20,2.900,31,2.436538512792172
MID28,SID28,67,2017-03-08 06:19:20,2.256,30,2.438253950636413
MID27,SID27,67,2017-03-08 06:19:20,1.933,31,2.1275606132503686
MID26,SID26,67,2017-03-08 06:19:20,1.933,33,2.457006698062506
MID8,SID8,67,2017-03-08 06:19:20,2.256,25,2.349914350075581
MID25,SID25,67,2017-03-08 06:19:20,1.611,31,2.4586886543672355
MID9,SID9,67,2017-03-08 06:19:20,2.578,28,2.2047042679122715
MID24,SID24,67,2017-03-08 06:19:20,1.611,31,2.491940469161875
MID23,SID23,67,2017-03-08 06:19:20,2.578,30,2.396066497720159
MID22,SID22,67,2017-03-08 06:19:20,2.256,25,2.260162822508086
MID21,SID21,67,2017-03-08 06:19:20,1.933,25,2.1019718209243456
MID20,SID20,67,2017-03-08 06:19:20,2.256,34,2.2086913613788335
MID100,SID100,67,2017-03-08 06:19:20,2.578,30,2.13131217210128
MID79,SID79,67,2017-03-08 06:19:20,1.611,29,2.232865476806168
MID78,SID78,67,2017-03-08 06:19:20,2.578,25,2.128550416495854
MID77,SID77,67,2017-03-08 06:19:20,1.611,34,2.2318830031554953
MID76,SID76,67,2017-03-08 06:19:20,1.933,31,2.3485119238953818
MID75,SID75,67,2017-03-08 06:19:20,2.256,33,2.1439346798318937
MID74,SID74,67,2017-03-08 06:19:20,2.578,25,2.167243458034963
MID73,SID73,67,2017-03-08 06:19:20,1.933,26,2.480054248634687
MID72,SID72,67,2017-03-08 06:19:20,3.222,28,2.0554431811581297
MID71,SID71,67,2017-03-08 06:19:20,1.933,28,2.1557976475540097
MID70,SID70,67,2017-03-08 06:19:20,1.933,29,2.4672570405864334
MID90,SID90,67,2017-03-08 06:19:20,2.578,26,2.414242372163408
MID89,SID89,67,2017-03-08 06:19:20,3.222,32,2.3239806917121415
MID88,SID88,67,2017-03-08 06:19:20,2.578,29,2.0368115176856203
MID87,SID87,67,2017-03-08 06:19:20,2.900,32,2.0733700660843786
MID86,SID86,67,2017-03-08 06:19:20,1.933,32,2.38774684369781
MID85,SID85,67,2017-03-08 06:19:20,3.222,33,2.146268836000909
MID84,SID84,67,2017-03-08 06:19:20,1.933,29,2.3001721792766743
MID83,SID83,67,2017-03-08 06:19:20,1.933,34,2.376233597702842
MID82,SID82,67,2017-03-08 06:19:20,2.900,28,2.2174324983968523
MID81,SID81,67,2017-03-08 06:19:20,2.900,25,2.363914710215241
MID80,SID80,67,2017-03-08 06:19:20,2.900,33,2.138275257048384
MID59,SID59,67,2017-03-08 06:19:20,1.933,32,2.3466915186979205
MID58,SID58,67,2017-03-08 06:19:20,1.933,31,2.0848356322381902
MID57,SID57,67,2017-03-08 06:19:20,3.222,34,2.403485186621914
MID56,SID56,67,2017-03-08 06:19:20,1.611,31,2.1640153312844865
MID55,SID55,67,2017-03-08 06:19:20,2.578,27,2.0503315914813385
MID54,SID54,67,2017-03-08 06:19:20,1.611,30,2.181244191542038
MID53,SID53,67,2017-03-08 06:19:20,2.256,28,2.002102677262827
MID52,SID52,67,2017-03-08 06:19:20,3.222,33,2.4126198065549356
MID51,SID51,67,2017-03-08 06:19:20,2.900,26,2.0394172242317192
MID50,SID50,67,2017-03-08 06:19:20,1.611,26,2.42173617559955
MID69,SID69,67,2017-03-08 06:19:20,3.222,34,2.441130342594581
MID68,SID68,67,2017-03-08 06:19:20,2.256,26,2.0210430811576923
MID67,SID67,67,2017-03-08 06:19:20,2.900,29,2.411354076191509
MID66,SID66,67,2017-03-08 06:19:20,1.933,31,2.453531639324038
MID65,SID65,67,2017-03-08 06:19:20,2.900,34,2.3582006511603733
MID64,SID64,67,2017-03-08 06:19:20,2.578,31,2.3723127659675356
MID63,SID63,67,2017-03-08 06:19:20,1.933,29,2.1721165053109943
MID62,SID62,67,2017-03-08 06:19:20,3.222,27,2.011181235337956
MID61,SID61,67,2017-03-08 06:19:20,2.900,26,2.04113885940311
MID60,SID60,67,2017-03-08 06:19:20,2.900,28,2.018888621877483
MID39,SID39,67,2017-03-08 06:19:20,2.578,26,2.4588455107778757
MID38,SID38,67,2017-03-08 06:19:20,2.256,29,2.055403008682285
MID37,SID37,67,2017-03-08 06:19:20,2.578,31,2.2603143012160185
MID36,SID36,67,2017-03-08 06:19:20,2.900,33,2.048803169253983
MID35,SID35,67,2017-03-08 06:19:20,2.900,33,2.1814450814890085
MID34,SID34,67,2017-03-08 06:19:20,1.611,25,2.4718228327001857
MID33,SID33,67,2017-03-08 06:19:20,3.222,25,2.1575224220404072
MID32,SID32,67,2017-03-08 06:19:20,2.900,29,2.048844432316609
MID31,SID31,67,2017-03-08 06:19:20,1.611,33,2.3546091008851153
MID30,SID30,67,2017-03-08 06:19:20,2.256,28,2.004734301280789
MID49,SID49,67,2017-03-08 06:19:20,2.256,28,2.2929985366763184
MID48,SID48,67,2017-03-08 06:19:20,2.900,30,2.425575935258864
MID47,SID47,67,2017-03-08 06:19:20,2.256,25,2.385232336797041
MID46,SID46,67,2017-03-08 06:19:20,2.578,33,2.21806239796277
MID45,SID45,67,2017-03-08 06:19:20,2.256,29,2.287588021857484
MID44,SID44,67,2017-03-08 06:19:20,1.611,32,2.3874756854961867
MID43,SID43,67,2017-03-08 06:19:20,1.933,32,2.417704024141033
MID42,SID42,67,2017-03-08 06:19:20,2.900,33,2.116668405982353
MID41,SID41,67,2017-03-08 06:19:20,2.900,26,2.207209128981554
MID40,SID40,67,2017-03-08 06:19:20,3.222,28,2.071291079626739
MID19,SID19,67,2017-03-08 06:19:30,2.600,27,2.3849544039774973
MID18,SID18,67,2017-03-08 06:19:30,2.275,28,2.193473291938505
MID17,SID17,67,2017-03-08 06:19:30,2.600,28,2.129101333997681
MID16,SID16,67,2017-03-08 06:19:30,2.275,33,2.12721958457268
MID15,SID15,67,2017-03-08 06:19:30,1.625,30,2.3795931171209976
MID14,SID14,67,2017-03-08 06:19:30,2.600,34,2.0355963887202133
MID13,SID13,67,2017-03-08 06:19:30,2.925,32,2.4041412605317114
MID12,SID12,67,2017-03-08 06:19:30,2.600,30,2.482103928112502
MID11,SID11,67,2017-03-08 06:19:30,3.250,31,2.3034478595532235
MID99,SID99,67,2017-03-08 06:19:30,2.275,27,2.204900312076059
MID10,SID10,67,2017-03-08 06:19:30,1.625,27,2.0548409835241848
MID98,SID98,67,2017-03-08 06:19:30,2.925,33,2.4311550948111944
MID97,SID97,67,2017-03-08 06:19:30,1.625,26,2.3516111493039316
MID96,SID96,67,2017-03-08 06:19:30,2.925,32,2.398925186777653
MID95,SID95,67,2017-03-08 06:19:30,3.250,26,2.339439553586372
MID94,SID94,67,2017-03-08 06:19:30,3.250,32,2.1548613107529073
MID93,SID93,67,2017-03-08 06:19:30,3.250,32,2.071644067087589
MID92,SID92,67,2017-03-08 06:19:30,2.275,32,2.0427400656198325
MID91,SID91,67,2017-03-08 06:19:30,3.250,28,2.278536178817522
MID4,SID4,67,2017-03-08 06:19:30,1.625,28,2.0463979011556876
MID5,SID5,67,2017-03-08 06:19:30,2.600,28,2.493549214085306
MID6,SID6,67,2017-03-08 06:19:30,1.950,33,2.310516321966782
MID7,SID7,67,2017-03-08 06:19:30,3.250,29,2.201928176201883
MID1,SID1,67,2017-03-08 06:19:30,2.275,29,2.4248743867461635
MID2,SID2,67,2017-03-08 06:19:30,3.250,31,2.3840624366191343
MID3,SID3,67,2017-03-08 06:19:30,2.925,30,2.0772408228951305
MID29,SID29,67,2017-03-08 06:19:30,2.925,30,2.152067180712796
MID28,SID28,67,2017-03-08 06:19:30,2.275,29,2.2756600976053702
MID27,SID27,67,2017-03-08 06:19:30,1.950,27,2.0218780360933835
MID26,SID26,67,2017-03-08 06:19:30,1.950,31,2.225929668402702
MID8,SID8,67,2017-03-08 06:19:30,2.275,30,2.037089747260303
MID25,SID25,67,2017-03-08 06:19:30,1.625,32,2.4497617938995973
MID9,SID9,67,2017-03-08 06:19:30,2.600,32,2.297608343634064
MID24,SID24,67,2017-03-08 06:19:30,1.625,27,2.1173404516453984
MID23,SID23,67,2017-03-08 06:19:30,2.600,30,2.375697792670355
MID22,SID22,67,2017-03-08 06:19:30,2.275,32,2.4985982958097863
MID21,SID21,67,2017-03-08 06:19:30,1.950,34,2.3690105595830495
MID20,SID20,67,2017-03-08 06:19:30,2.275,29,2.144510530841446
MID100,SID100,67,2017-03-08 06:19:30,2.600,29,2.112602719967514
MID79,SID79,67,2017-03-08 06:19:30,1.625,27,2.0639766153138117
MID78,SID78,67,2017-03-08 06:19:30,2.600,26,2.3291456058611923
MID77,SID77,67,2017-03-08 06:19:30,1.625,32,2.235483833031541
MID76,SID76,67,2017-03-08 06:19:30,1.950,32,2.0867528480461806
MID75,SID75,67,2017-03-08 06:19:30,2.275,29,2.1637003374354546
MID74,SID74,67,2017-03-08 06:19:30,2.600,32,2.0669160780530293
MID73,SID73,67,2017-03-08 06:19:30,1.950,30,2.3339754894642666
MID72,SID72,67,2017-03-08 06:19:30,3.250,30,2.032723399043929
MID71,SID71,67,2017-03-08 06:19:30,1.950,33,2.266370293697719
MID70,SID70,67,2017-03-08 06:19:30,1.950,29,2.3889248326290136
MID90,SID90,67,2017-03-08 06:19:30,2.600,29,2.2484729837083846
MID89,SID89,67,2017-03-08 06:19:30,3.250,34,2.4099706723743894
MID88,SID88,67,2017-03-08 06:19:30,2.600,27,2.097575820630886
MID87,SID87,67,2017-03-08 06:19:30,2.925,34,2.45993451192525
MID86,SID86,67,2017-03-08 06:19:30,1.950,32,2.4059373545334517
MID85,SID85,67,2017-03-08 06:19:30,3.250,29,2.0548386184709955
MID84,SID84,67,2017-03-08 06:19:30,1.950,29,2.2927361266195248
MID83,SID83,67,2017-03-08 06:19:30,1.950,29,2.137474061966219
MID82,SID82,67,2017-03-08 06:19:30,2.925,25,2.0145866362620057
MID81,SID81,67,2017-03-08 06:19:30,2.925,31,2.0965088603475444
MID80,SID80,67,2017-03-08 06:19:30,2.925,32,2.4718712964307272
MID59,SID59,67,2017-03-08 06:19:30,1.950,28,2.07209134349064
MID58,SID58,67,2017-03-08 06:19:30,1.950,33,2.321134849025108
MID57,SID57,67,2017-03-08 06:19:30,3.250,25,2.207886076626838
MID56,SID56,67,2017-03-08 06:19:30,1.625,34,2.114174648746852
MID55,SID55,67,2017-03-08 06:19:30,2.600,33,2.2007972824941517
MID54,SID54,67,2017-03-08 06:19:30,1.625,34,2.420310839753109
MID53,SID53,67,2017-03-08 06:19:30,2.275,31,2.3236536063399407
MID52,SID52,67,2017-03-08 06:19:30,3.250,25,2.1226934820215195
MID51,SID51,67,2017-03-08 06:19:30,2.925,26,2.0447648961715013
MID50,SID50,67,2017-03-08 06:19:30,1.625,25,2.4407555853801486
MID69,SID69,67,2017-03-08 06:19:30,3.250,32,2.054893407224017
MID68,SID68,67,2017-03-08 06:19:30,2.275,32,2.3934421445863734
MID67,SID67,67,2017-03-08 06:19:30,2.925,29,2.113023178894053
MID66,SID66,67,2017-03-08 06:19:30,1.950,27,2.1619049449640704
MID65,SID65,67,2017-03-08 06:19:30,2.925,29,2.0367207291412157
MID64,SID64,67,2017-03-08 06:19:30,2.600,28,2.204188365932377
MID63,SID63,67,2017-03-08 06:19:30,1.950,30,2.2325490982817757
MID62,SID62,67,2017-03-08 06:19:30,3.250,31,2.4155371505444974
MID61,SID61,67,2017-03-08 06:19:30,2.925,31,2.05227547037815
MID60,SID60,67,2017-03-08 06:19:30,2.925,34,2.1125530805197377
MID39,SID39,67,2017-03-08 06:19:30,2.600,29,2.1821293192588556
MID38,SID38,67,2017-03-08 06:19:30,2.275,34,2.445892374231862
MID37,SID37,67,2017-03-08 06:19:30,2.600,34,2.4859329280137032
MID36,SID36,67,2017-03-08 06:19:30,2.925,29,2.3655646973850795
MID35,SID35,67,2017-03-08 06:19:30,2.925,28,2.317592486691923
MID34,SID34,67,2017-03-08 06:19:30,1.625,26,2.3058002912965616
MID33,SID33,67,2017-03-08 06:19:30,3.250,31,2.18256733757952
MID32,SID32,67,2017-03-08 06:19:30,2.925,30,2.1181177953401464
MID31,SID31,67,2017-03-08 06:19:30,1.625,28,2.010058714816025
MID30,SID30,67,2017-03-08 06:19:30,2.275,29,2.0824765010095394
MID49,SID49,67,2017-03-08 06:19:30,2.275,32,2.4649604730455237
MID48,SID48,67,2017-03-08 06:19:30,2.925,29,2.2909988029867603
MID47,SID47,67,2017-03-08 06:19:30,2.275,33,2.308316003352289
MID46,SID46,67,2017-03-08 06:19:30,2.600,29,2.074140608545083
MID45,SID45,67,2017-03-08 06:19:30,2.275,26,2.2183128503784246
MID44,SID44,67,2017-03-08 06:19:30,1.625,26,2.4550708794687517
MID43,SID43,67,2017-03-08 06:19:30,1.950,28,2.0334754829799984
MID42,SID42,67,2017-03-08 06:19:30,2.925,34,2.006738359889341
MID41,SID41,67,2017-03-08 06:19:30,2.925,34,2.3449296569863307
MID40,SID40,67,2017-03-08 06:19:30,3.250,31,2.2504349866246876
MID19,SID19,67,2017-03-08 06:19:40,2.622,25,2.2655803515713893
MID18,SID18,67,2017-03-08 06:19:40,2.294,30,2.3213795142343128
MID17,SID17,67,2017-03-08 06:19:40,2.622,27,2.0506205336434604
MID16,SID16,67,2017-03-08 06:19:40,2.294,33,2.3921834740715253
MID15,SID15,67,2017-03-08 06:19:40,1.639,31,2.064809093017894
MID14,SID14,67,2017-03-08 06:19:40,2.622,32,2.412936403112243
MID13,SID13,67,2017-03-08 06:19:40,2.950,28,2.3457651366126426
MID12,SID12,67,2017-03-08 06:19:40,2.622,34,2.394437066303822
MID11,SID11,67,2017-03-08 06:19:40,3.278,25,2.113738124626221
MID99,SID99,67,2017-03-08 06:19:40,2.294,30,2.135970703738523
MID10,SID10,67,2017-03-08 06:19:40,1.639,30,2.1399115867328264
MID98,SID98,67,2017-03-08 06:19:40,2.950,32,2.05628070514478
MID97,SID97,67,2017-03-08 06:19:40,1.639,33,2.264810236714504
MID96,SID96,67,2017-03-08 06:19:40,2.950,26,2.4995821186166953
MID95,SID95,67,2017-03-08 06:19:40,3.278,31,2.4597828361884466
MID94,SID94,67,2017-03-08 06:19:40,3.278,28,2.2153981883363274
MID93,SID93,67,2017-03-08 06:19:40,3.278,30,2.0410457138315823
MID92,SID92,67,2017-03-08 06:19:40,2.294,30,2.4916978180227765
MID91,SID91,67,2017-03-08 06:19:40,3.278,31,2.4089632124194473
MID4,SID4,67,2017-03-08 06:19:40,1.639,26,2.0222627220555616
MID5,SID5,67,2017-03-08 06:19:40,2.622,32,2.108034821598097
MID6,SID6,67,2017-03-08 06:19:40,1.967,26,2.144881275222331
MID7,SID7,67,2017-03-08 06:19:40,3.278,27,2.3063702142023206
MID1,SID1,67,2017-03-08 06:19:40,2.294,33,2.2825669672511006
MID2,SID2,67,2017-03-08 06:19:40,3.278,32,2.073270846749559
MID3,SID3,67,2017-03-08 06:19:40,2.950,27,2.46535260298392
MID29,SID29,67,2017-03-08 06:19:40,2.950,28,2.3729328181683806
MID28,SID28,67,2017-03-08 06:19:40,2.294,34,2.4579060769798855
MID27,SID27,67,2017-03-08 06:19:40,1.967,27,2.1977246064672507
MID26,SID26,67,2017-03-08 06:19:40,1.967,25,2.301094221409515
MID8,SID8,67,2017-03-08 06:19:40,2.294,32,2.3854534881756324
MID25,SID25,67,2017-03-08 06:19:40,1.639,33,2.021157856509928
MID9,SID9,67,2017-03-08 06:19:40,2.622,32,2.1465504416708554
MID24,SID24,67,2017-03-08 06:19:40,1.639,32,2.1062200682571874
MID23,SID23,67,2017-03-08 06:19:40,2.622,28,2.2768592081648884
MID22,SID22,67,2017-03-08 06:19:40,2.294,30,2.4115839813075817
MID21,SID21,67,2017-03-08 06:19:40,1.967,34,2.1769117030023377
MID20,SID20,67,2017-03-08 06:19:40,2.294,34,2.4691836743881774
MID100,SID100,67,2017-03-08 06:19:40,2.622,27,2.1888501081988925
MID79,SID79,67,2017-03-08 06:19:40,1.639,27,2.18787092782559
MID78,SID78,67,2017-03-08 06:19:40,2.622,25,2.3555836331785764
MID77,SID77,67,2017-03-08 06:19:40,1.639,31,2.2050646032979504
MID76,SID76,67,2017-03-08 06:19:40,1.967,25,2.015484993143959
MID75,SID75,67,2017-03-08 06:19:40,2.294,31,2.2707451114135937
MID74,SID74,67,2017-03-08 06:19:40,2.622,29,2.4212445119058237
MID73,SID73,67,2017-03-08 06:19:40,1.967,28,2.140046772625362
MID72,SID72,67,2017-03-08 06:19:40,3.278,30,2.2995570820726385
MID71,SID71,67,2017-03-08 06:19:40,1.967,29,2.0219155865785643
MID70,SID70,67,2017-03-08 06:19:40,1.967,28,2.2493714480215843
MID90,SID90,67,2017-03-08 06:19:40,2.622,34,2.3385433390461627
MID89,SID89,67,2017-03-08 06:19:40,3.278,34,2.292290912506545
MID88,SID88,67,2017-03-08 06:19:40,2.622,33,2.0829548193175453
MID87,SID87,67,2017-03-08 06:19:40,2.950,25,2.3865199987391046
MID86,SID86,67,2017-03-08 06:19:40,1.967,25,2.072045688586056
MID85,SID85,67,2017-03-08 06:19:40,3.278,30,2.2382836019623182
MID84,SID84,67,2017-03-08 06:19:40,1.967,31,2.2060772441613206
MID83,SID83,67,2017-03-08 06:19:40,1.967,26,2.0627070407180095
MID82,SID82,67,2017-03-08 06:19:40,2.950,34,2.157652516549712
MID81,SID81,67,2017-03-08 06:19:40,2.950,29,2.189145311923201
MID80,SID80,67,2017-03-08 06:19:40,2.950,28,2.1902616271021387
MID59,SID59,67,2017-03-08 06:19:40,1.967,31,2.148458604013336
MID58,SID58,67,2017-03-08 06:19:40,1.967,25,2.10569730432511
MID57,SID57,67,2017-03-08 06:19:40,3.278,32,2.2257575541493813
MID56,SID56,67,2017-03-08 06:19:40,1.639,32,2.4049762947064393
MID55,SID55,67,2017-03-08 06:19:40,2.622,32,2.4552871116140063
MID54,SID54,67,2017-03-08 06:19:40,1.639,30,2.019806367470406
MID53,SID53,67,2017-03-08 06:19:40,2.294,25,2.0481827819908682
MID52,SID52,67,2017-03-08 06:19:40,3.278,34,2.391685178808329
MID51,SID51,67,2017-03-08 06:19:40,2.950,34,2.42568987294209
MID50,SID50,67,2017-03-08 06:19:40,1.639,32,2.253995247317448
MID69,SID69,67,2017-03-08 06:19:40,3.278,31,2.017010898670888
MID68,SID68,67,2017-03-08 06:19:40,2.294,26,2.1288373954292665
MID67,SID67,67,2017-03-08 06:19:40,2.950,34,2.2349068403728047
MID66,SID66,67,2017-03-08 06:19:40,1.967,29,2.4128919034450407
MID65,SID65,67,2017-03-08 06:19:40,2.950,32,2.0191465838257154
MID64,SID64,67,2017-03-08 06:19:40,2.622,31,2.46290394668786
MID63,SID63,67,2017-03-08 06:19:40,1.967,31,2.479115062994968
MID62,SID62,67,2017-03-08 06:19:40,3.278,32,2.210152540479301
MID61,SID61,67,2017-03-08 06:19:40,2.950,33,2.275484468871565
MID60,SID60,67,2017-03-08 06:19:40,2.950,25,2.2063580039550486
MID39,SID39,67,2017-03-08 06:19:40,2.622,31,2.444827144448221
MID38,SID38,67,2017-03-08 06:19:40,2.294,27,2.4350480154026943
MID37,SID37,67,2017-03-08 06:19:40,2.622,32,2.392901033837974
MID36,SID36,67,2017-03-08 06:19:40,2.950,29,2.1401852450401404
MID35,SID35,67,2017-03-08 06:19:40,2.950,31,2.4445679347763734
MID34,SID34,67,2017-03-08 06:19:40,1.639,30,2.2791893986460368
MID33,SID33,67,2017-03-08 06:19:40,3.278,25,2.3969954969632616
MID32,SID32,67,2017-03-08 06:19:40,2.950,27,2.0198305815502042
MID31,SID31,67,2017-03-08 06:19:40,1.639,29,2.335510860838427
MID30,SID30,67,2017-03-08 06:19:40,2.294,33,2.1496724463100314
MID49,SID49,67,2017-03-08 06:19:40,2.294,25,2.3577492179417603
MID48,SID48,67,2017-03-08 06:19:40,2.950,31,2.436264111209997
MID47,SID47,67,2017-03-08 06:19:40,2.294,26,2.3742867779423547
MID46,SID46,67,2017-03-08 06:19:40,2.622,30,2.4205312874324214
MID45,SID45,67,2017-03-08 06:19:40,2.294,27,2.30323517250589
MID44,SID44,67,2017-03-08 06:19:40,1.639,29,2.133204348201992
MID43,SID43,67,2017-03-08 06:19:40,1.967,30,2.2773105980220594
MID42,SID42,67,2017-03-08 06:19:40,2.950,28,2.2638701914547825
MID41,SID41,67,2017-03-08 06:19:40,2.950,33,2.1995337653187788
MID40,SID40,67,2017-03-08 06:19:40,3.278,28,2.3672098450141457
MID19,SID19,67,2017-03-08 06:19:50,2.644,28,2.269285750833029
MID18,SID18,67,2017-03-08 06:19:50,2.314,29,2.235334194232672
MID17,SID17,67,2017-03-08 06:19:50,2.644,28,2.3056127563596562
MID16,SID16,67,2017-03-08 06:19:50,2.314,26,2.460964500750225
MID15,SID15,67,2017-03-08 06:19:50,1.653,27,2.323696130941184
MID14,SID14,67,2017-03-08 06:19:50,2.644,28,2.466855649729918
MID13,SID13,67,2017-03-08 06:19:50,2.975,31,2.056261235004
MID12,SID12,67,2017-03-08 06:19:50,2.644,30,2.030380207579749
MID11,SID11,67,2017-03-08 06:19:50,3.306,25,2.0587201053726325
MID99,SID99,67,2017-03-08 06:19:50,2.314,27,2.1310177847949534
MID10,SID10,67,2017-03-08 06:19:50,1.653,27,2.0289525032730884
MID98,SID98,67,2017-03-08 06:19:50,2.975,34,2.4894472291552856
MID97,SID97,67,2017-03-08 06:19:50,1.653,31,2.233304090904219
MID96,SID96,67,2017-03-08 06:19:50,2.975,26,2.301626567391266
MID95,SID95,67,2017-03-08 06:19:50,3.306,26,2.2124067624098753
MID94,SID94,67,2017-03-08 06:19:50,3.306,31,2.4650925829246706
MID93,SID93,67,2017-03-08 06:19:50,3.306,29,2.4195144490475124
MID92,SID92,67,2017-03-08 06:19:50,2.314,29,2.2097036202606946
MID91,SID91,67,2017-03-08 06:19:50,3.306,28,2.0257586691594534
MID4,SID4,67,2017-03-08 06:19:50,1.653,27,2.2912657447028195
MID5,SID5,67,2017-03-08 06:19:50,2.644,26,2.1912790604429406
MID6,SID6,67,2017-03-08 06:19:50,1.983,34,2.0205602446278315
MID7,SID7,67,2017-03-08 06:19:50,3.306,25,2.204075331255335
MID1,SID1,67,2017-03-08 06:19:50,2.314,26,2.2893151319404343
MID2,SID2,67,2017-03-08 06:19:50,3.306,29,2.461000031932662
MID3,SID3,67,2017-03-08 06:19:50,2.975,34,2.1065696001369236
MID29,SID29,67,2017-03-08 06:19:50,2.975,30,2.0860550314009196
MID28,SID28,67,2017-03-08 06:19:50,2.314,29,2.1362361072709053
MID27,SID27,67,2017-03-08 06:19:50,1.983,32,2.026580866450122
MID26,SID26,67,2017-03-08 06:19:50,1.983,27,2.460522285764047
MID8,SID8,67,2017-03-08 06:19:50,2.314,28,2.418474722647476
MID25,SID25,67,2017-03-08 06:19:50,1.653,33,2.486702488903372
MID9,SID9,67,2017-03-08 06:19:50,2.644,29,2.13017330525812
MID24,SID24,67,2017-03-08 06:19:50,1.653,32,2.2571563429481074
MID23,SID23,67,2017-03-08 06:19:50,2.644,27,2.3645228139312264
MID22,SID22,67,2017-03-08 06:19:50,2.314,29,2.2932793244926244
MID21,SID21,67,2017-03-08 06:19:50,1.983,26,2.054429767494327
MID20,SID20,67,2017-03-08 06:19:50,2.314,25,2.3478151303669543
MID100,SID100,67,2017-03-08 06:19:50,2.644,33,2.0466111204519475
MID79,SID79,67,2017-03-08 06:19:50,1.653,27,2.1752311502022588
MID78,SID78,67,2017-03-08 06:19:50,2.644,33,2.352949480483609
MID77,SID77,67,2017-03-08 06:19:50,1.653,26,2.3995893691750316
MID76,SID76,67,2017-03-08 06:19:50,1.983,34,2.2345532468513754
MID75,SID75,67,2017-03-08 06:19:50,2.314,30,2.0742814062921173
MID74,SID74,67,2017-03-08 06:19:50,2.644,28,2.10558975232271
MID73,SID73,67,2017-03-08 06:19:50,1.983,28,2.22210238188344
MID72,SID72,67,2017-03-08 06:19:50,3.306,25,2.0720205749446565
MID71,SID71,67,2017-03-08 06:19:50,1.983,25,2.1787270843393114
MID70,SID70,67,2017-03-08 06:19:50,1.983,30,2.4821716840941286
MID90,SID90,67,2017-03-08 06:19:50,2.644,33,2.107114868417501
MID89,SID89,67,2017-03-08 06:19:50,3.306,31,2.3277412276312845
MID88,SID88,67,2017-03-08 06:19:50,2.644,26,2.376863794038017
MID87,SID87,67,2017-03-08 06:19:50,2.975,30,2.0681848395093985
MID86,SID86,67,2017-03-08 06:19:50,1.983,34,2.039071403432635
MID85,SID85,67,2017-03-08 06:19:50,3.306,33,2.2316478408101132
MID84,SID84,67,2017-03-08 06:19:50,1.983,33,2.1589844429207714
MID83,SID83,67,2017-03-08 06:19:50,1.983,26,2.2117648215004198
MID82,SID82,67,2017-03-08 06:19:50,2.975,27,2.1134214569685614
MID81,SID81,67,2017-03-08 06:19:50,2.975,27,2.3596201196771385
MID80,SID80,67,2017-03-08 06:19:50,2.975,32,2.2219196404784562
MID59,SID59,67,2017-03-08 06:19:50,1.983,32,2.3369764618477995
MID58,SID58,67,2017-03-08 06:19:50,1.983,29,2.4712748944729652
MID57,SID57,67,2017-03-08 06:19:50,3.306,27,2.009423171298766
MID56,SID56,67,2017-03-08 06:19:50,1.653,29,2.142552134355126
MID55,SID55,67,2017-03-08 06:19:50,2.644,28,2.112011347324617
MID54,SID54,67,2017-03-08 06:19:50,1.653,26,2.0780566984153137
MID53,SID53,67,2017-03-08 06:19:50,2.314,31,2.2570632561110515
MID52,SID52,67,2017-03-08 06:19:50,3.306,29,2.235482536542321
MID51,SID51,67,2017-03-08 06:19:50,2.975,31,2.353057031189061
MID50,SID50,67,2017-03-08 06:19:50,1.653,25,2.263663255717767
MID69,SID69,67,2017-03-08 06:19:50,3.306,31,2.3680473648505784
MID68,SID68,67,2017-03-08 06:19:50,2.314,33,2.041840167747045
MID67,SID67,67,2017-03-08 06:19:50,2.975,30,2.1569961971618152
MID66,SID66,67,2017-03-08 06:19:50,1.983,32,2.1718120072545832
MID65,SID65,67,2017-03-08 06:19:50,2.975,29,2.3965781641806507
MID64,SID64,67,2017-03-08 06:19:50,2.644,32,2.0661454556592904
MID63,SID63,67,2017-03-08 06:19:50,1.983,29,2.0356867445882827
MID62,SID62,67,2017-03-08 06:19:50,3.306,31,2.13239844168353
MID61,SID61,67,2017-03-08 06:19:50,2.975,28,2.419427942358129
MID60,SID60,67,2017-03-08 06:19:50,2.975,32,2.427481542787512
MID39,SID39,67,2017-03-08 06:19:50,2.644,25,2.3341304630771558
MID38,SID38,67,2017-03-08 06:19:50,2.314,31,2.0136024149799923
MID37,SID37,67,2017-03-08 06:19:50,2.644,28,2.3927594467230833
MID36,SID36,67,2017-03-08 06:19:50,2.975,28,2.257619379657542
MID35,SID35,67,2017-03-08 06:19:50,2.975,33,2.296048249107901
MID34,SID34,67,2017-03-08 06:19:50,1.653,32,2.1155706011385296
MID33,SID33,67,2017-03-08 06:19:50,3.306,33,2.3362055103438015
MID32,SID32,67,2017-03-08 06:19:50,2.975,31,2.1085233647640336
MID31,SID31,67,2017-03-08 06:19:50,1.653,26,2.255533011154266
MID30,SID30,67,2017-03-08 06:19:50,2.314,26,2.401851837374986
MID49,SID49,67,2017-03-08 06:19:50,2.314,34,2.4715479010981687
MID48,SID48,67,2017-03-08 06:19:50,2.975,27,2.2341195210090077
MID47,SID47,67,2017-03-08 06:19:50,2.314,29,2.1580492506211355
MID46,SID46,67,2017-03-08 06:19:50,2.644,32,2.2030975887313
MID45,SID45,67,2017-03-08 06:19:50,2.314,33,2.265729108846722
MID44,SID44,67,2017-03-08 06:19:50,1.653,33,2.0515195225188685
MID43,SID43,67,2017-03-08 06:19:50,1.983,32,2.0039905957167776
MID42,SID42,67,2017-03-08 06:19:50,2.975,33,2.1098329306349966
MID41,SID41,67,2017-03-08 06:19:50,2.975,29,2.2543547502195764
MID40,SID40,67,2017-03-08 06:19:50,3.306,28,2.1873876107571837
MID19,SID19,67,2017-03-08 06:20:00,2.667,29,2.2500757222274617
MID18,SID18,67,2017-03-08 06:20:00,2.333,34,2.136570968786269
MID17,SID17,67,2017-03-08 06:20:00,2.667,26,2.4462450659562505
MID16,SID16,67,2017-03-08 06:20:00,2.333,33,2.3012581280681443
MID15,SID15,67,2017-03-08 06:20:00,1.667,26,2.0846200416533374
MID14,SID14,67,2017-03-08 06:20:00,2.667,32,2.0827039929333644
MID13,SID13,67,2017-03-08 06:20:00,3.000,27,2.092105887845886
MID12,SID12,67,2017-03-08 06:20:00,2.667,25,2.2363439668077496
MID11,SID11,67,2017-03-08 06:20:00,3.333,33,2.491444729641352
MID99,SID99,67,2017-03-08 06:20:00,2.333,33,2.2399745469567542
MID10,SID10,67,2017-03-08 06:20:00,1.667,34,2.3412164336938677
MID98,SID98,67,2017-03-08 06:20:00,3.000,27,2.296521766202365
MID97,SID97,67,2017-03-08 06:20:00,1.667,25,2.2215150531272365
MID96,SID96,67,2017-03-08 06:20:00,3.000,30,2.1682172667342647
MID95,SID95,67,2017-03-08 06:20:00,3.333,29,2.188411329187032
MID94,SID94,67,2017-03-08 06:20:00,3.333,27,2.2938364175777046
MID93,SID93,67,2017-03-08 06:20:00,3.333,31,2.3496808636387887
MID92,SID92,67,2017-03-08 06:20:00,2.333,33,2.4133666234555253
MID91,SID91,67,2017-03-08 06:20:00,3.333,30,2.1186347693381564
MID4,SID4,67,2017-03-08 06:20:00,1.667,25,2.057835395552816
MID5,SID5,67,2017-03-08 06:20:00,2.667,26,2.2166172974045413
MID6,SID6,67,2017-03-08 06:20:00,2.000,27,2.211450776300958
MID7,SID7,67,2017-03-08 06:20:00,3.333,29,2.1919124383933304
MID1,SID1,67,2017-03-08 06:20:00,2.333,30,2.2589221285882912
MID2,SID2,67,2017-03-08 06:20:00,3.333,32,2.328144874502674
MID3,SID3,67,2017-03-08 06:20:00,3.000,25,2.037883831951269
MID29,SID29,67,2017-03-08 06:20:00,3.000,26,2.4749685873339025
MID28,SID28,67,2017-03-08 06:20:00,2.333,32,2.0610514771139723
MID27,SID27,67,2017-03-08 06:20:00,2.000,28,2.0837757913107957
MID26,SID26,67,2017-03-08 06:20:00,2.000,27,2.054996514984178
MID8,SID8,67,2017-03-08 06:20:00,2.333,32,2.294608294312044
MID25,SID25,67,2017-03-08 06:20:00,1.667,25,2.1026908124035137
MID9,SID9,67,2017-03-08 06:20:00,2.667,32,2.112383368524367
MID24,SID24,67,2017-03-08 06:20:00,1.667,28,2.2984825606386172
MID23,SID23,67,2017-03-08 06:20:00,2.667,31,2.3888955429054217
MID22,SID22,67,2017-03-08 06:20:00,2.333,34,2.4215644777250174
MID21,SID21,67,2017-03-08 06:20:00,2.000,28,2.0397023016211753
MID20,SID20,67,2017-03-08 06:20:00,2.333,32,2.487724850066177
MID100,SID100,67,2017-03-08 06:20:00,2.667,29,2.3842537042884393
MID79,SID79,67,2017-03-08 06:20:00,1.667,25,2.4554532990115625
MID78,SID78,67,2017-03-08 06:20:00,2.667,31,2.1072434755666585
MID77,SID77,67,2017-03-08 06:20:00,1.667,28,2.4691691334258565
MID76,SID76,67,2017-03-08 06:20:00,2.000,25,2.011802611818415
MID75,SID75,67,2017-03-08 06:20:00,2.333,34,2.393594851069635
MID74,SID74,67,2017-03-08 06:20:00,2.667,27,2.4294391057712894
MID73,SID73,67,2017-03-08 06:20:00,2.000,29,2.1229045969957716
MID72,SID72,67,2017-03-08 06:20:00,3.333,29,2.088550149245786
MID71,SID71,67,2017-03-08 06:20:00,2.000,25,2.4792902799878282
MID70,SID70,67,2017-03-08 06:20:00,2.000,34,2.446338774766359
MID90,SID90,67,2017-03-08 06:20:00,2.667,25,2.3937096232262833
MID89,SID89,67,2017-03-08 06:20:00,3.333,27,2.0310040495829034
MID88,SID88,67,2017-03-08 06:20:00,2.667,25,2.422795748742491
MID87,SID87,67,2017-03-08 06:20:00,3.000,32,2.379599080237684
MID86,SID86,67,2017-03-08 06:20:00,2.000,26,2.4807206373176127
MID85,SID85,67,2017-03-08 06:20:00,3.333,26,2.125191862238685
MID84,SID84,67,2017-03-08 06:20:00,2.000,28,2.4736286371817373
MID83,SID83,67,2017-03-08 06:20:00,2.000,26,2.390974506890922
MID82,SID82,67,2017-03-08 06:20:00,3.000,34,2.445439767821855
MID81,SID81,67,2017-03-08 06:20:00,3.000,29,2.083663151289358
MID80,SID80,67,2017-03-08 06:20:00,3.000,32,2.0765845876217286
MID59,SID59,67,2017-03-08 06:20:00,2.000,27,2.317593178287729
MID58,SID58,67,2017-03-08 06:20:00,2.000,33,2.3447020555213056
MID57,SID57,67,2017-03-08 06:20:00,3.333,31,2.1178709681039276
MID56,SID56,67,2017-03-08 06:20:00,1.667,27,2.347412602616871
MID55,SID55,67,2017-03-08 06:20:00,2.667,32,2.386529845207892
MID54,SID54,67,2017-03-08 06:20:00,1.667,30,2.383723532140852
MID53,SID53,67,2017-03-08 06:20:00,2.333,28,2.38519991348352
MID52,SID52,67,2017-03-08 06:20:00,3.333,28,2.298551334784374
MID51,SID51,67,2017-03-08 06:20:00,3.000,26,2.425689288282637
MID50,SID50,67,2017-03-08 06:20:00,1.667,30,2.3709155826727732
MID69,SID69,67,2017-03-08 06:20:00,3.333,27,2.2775225587303387
MID68,SID68,67,2017-03-08 06:20:00,2.333,28,2.4198920930282313
MID67,SID67,67,2017-03-08 06:20:00,3.000,32,2.3037992075821574
MID66,SID66,67,2017-03-08 06:20:00,2.000,30,2.2442637507540453
MID65,SID65,67,2017-03-08 06:20:00,3.000,29,2.351819685845845
MID64,SID64,67,2017-03-08 06:20:00,2.667,34,2.1257595298366025
MID63,SID63,67,2017-03-08 06:20:00,2.000,27,2.278788654799878
MID62,SID62,67,2017-03-08 06:20:00,3.333,30,2.463219837290457
MID61,SID61,67,2017-03-08 06:20:00,3.000,33,2.026656026285962
MID60,SID60,67,2017-03-08 06:20:00,3.000,28,2.3732480942343708
MID39,SID39,67,2017-03-08 06:20:00,2.667,30,2.115526025708114
MID38,SID38,67,2017-03-08 06:20:00,2.333,30,2.3208275838218095
MID37,SID37,67,2017-03-08 06:20:00,2.667,34,2.1820429744498924
MID36,SID36,67,2017-03-08 06:20:00,3.000,34,2.1890408909434034
MID35,SID35,67,2017-03-08 06:20:00,3.000,27,2.3590141633567048
MID34,SID34,67,2017-03-08 06:20:00,1.667,26,2.2356997635583333
MID33,SID33,67,2017-03-08 06:20:00,3.333,25,2.065224295200274
MID32,SID32,67,2017-03-08 06:20:00,3.000,25,2.0565660020620338
MID31,SID31,67,2017-03-08 06:20:00,1.667,32,2.225898671860299
MID30,SID30,67,2017-03-08 06:20:00,2.333,30,2.3438012942537805
MID49,SID49,67,2017-03-08 06:20:00,2.333,32,2.033782201530806
MID48,SID48,67,2017-03-08 06:20:00,3.000,32,2.3145392264541464
MID47,SID47,67,2017-03-08 06:20:00,2.333,33,2.0802765340697142
MID46,SID46,67,2017-03-08 06:20:00,2.667,26,2.0205452238793553
MID45,SID45,67,2017-03-08 06:20:00,2.333,28,2.350490217477117
MID44,SID44,67,2017-03-08 06:20:00,1.667,28,2.161378734005416
MID43,SID43,67,2017-03-08 06:20:00,2.000,30,2.0836151667523053
MID42,SID42,67,2017-03-08 06:20:00,3.000,29,2.133240708500369
MID41,SID41,67,2017-03-08 06:20:00,3.000,32,2.3362155342932516
MID40,SID40,67,2017-03-08 06:20:00,3.333,34,2.3040932777827567
MID19,SID19,67,2017-03-08 06:20:10,2.689,30,2.2979391372385325
MID18,SID18,67,2017-03-08 06:20:10,2.353,27,2.160717576589531
MID17,SID17,67,2017-03-08 06:20:10,2.689,30,2.4729971483341666
MID16,SID16,67,2017-03-08 06:20:10,2.353,33,2.3287499314773616
MID15,SID15,67,2017-03-08 06:20:10,1.681,25,2.3908829510482557
MID14,SID14,67,2017-03-08 06:20:10,2.689,28,2.071370109292987
MID13,SID13,67,2017-03-08 06:20:10,3.025,28,2.48341004698105
MID12,SID12,67,2017-03-08 06:20:10,2.689,27,2.483790995225598
MID11,SID11,67,2017-03-08 06:20:10,3.361,28,2.0637059186864106
MID99,SID99,67,2017-03-08 06:20:10,2.353,25,2.0081142970369408
MID10,SID10,67,2017-03-08 06:20:10,1.681,34,2.034105478347373
MID98,SID98,67,2017-03-08 06:20:10,3.025,34,2.062026718416062
MID97,SID97,67,2017-03-08 06:20:10,1.681,32,2.2793424694369606
MID96,SID96,67,2017-03-08 06:20:10,3.025,33,2.081360127947775
MID95,SID95,67,2017-03-08 06:20:10,3.361,32,2.445564941079849
MID94,SID94,67,2017-03-08 06:20:10,3.361,33,2.0661042166780277
MID93,SID93,67,2017-03-08 06:20:10,3.361,29,2.0343538125081384
MID92,SID92,67,2017-03-08 06:20:10,2.353,30,2.2371716878630203
MID91,SID91,67,2017-03-08 06:20:10,3.361,25,2.306365182580747
MID4,SID4,67,2017-03-08 06:20:10,1.681,31,2.3000173784716265
MID5,SID5,67,2017-03-08 06:20:10,2.689,34,2.0854476779998867
MID6,SID6,67,2017-03-08 06:20:10,2.017,28,2.462577031507067
MID7,SID7,67,2017-03-08 06:20:10,3.361,27,2.119289770956782
MID1,SID1,67,2017-03-08 06:20:10,2.353,26,2.316976982097703
MID2,SID2,67,2017-03-08 06:20:10,3.361,31,2.189019655098411
MID3,SID3,67,2017-03-08 06:20:10,3.025,33,2.1762682326335705
MID29,SID29,67,2017-03-08 06:20:10,3.025,31,2.236543373264416
MID28,SID28,67,2017-03-08 06:20:10,2.353,28,2.2352056722572042
MID27,SID27,67,2017-03-08 06:20:10,2.017,30,2.0550991816412076
MID26,SID26,67,2017-03-08 06:20:10,2.017,28,2.4683593622443625
MID8,SID8,67,2017-03-08 06:20:10,2.353,34,2.4167490137838974
MID25,SID25,67,2017-03-08 06:20:10,1.681,31,2.2410425473892106
MID9,SID9,67,2017-03-08 06:20:10,2.689,25,2.4601718696461177
MID24,SID24,67,2017-03-08 06:20:10,1.681,34,2.2357126595112757
MID23,SID23,67,2017-03-08 06:20:10,2.689,27,2.4424526506605
MID22,SID22,67,2017-03-08 06:20:10,2.353,32,2.1949058358041724
MID21,SID21,67,2017-03-08 06:20:10,2.017,27,2.413349691050835
MID20,SID20,67,2017-03-08 06:20:10,2.353,31,2.190634119668063
MID100,SID100,67,2017-03-08 06:20:10,2.689,29,2.4882089247852894
MID79,SID79,67,2017-03-08 06:20:10,1.681,28,2.4176396731788268
MID78,SID78,67,2017-03-08 06:20:10,2.689,30,2.317656454770835
MID77,SID77,67,2017-03-08 06:20:10,1.681,30,2.3398062109278146
MID76,SID76,67,2017-03-08 06:20:10,2.017,28,2.0992469512711174
MID75,SID75,67,2017-03-08 06:20:10,2.353,31,2.2322243348554163
MID74,SID74,67,2017-03-08 06:20:10,2.689,34,2.2207036651623246
MID73,SID73,67,2017-03-08 06:20:10,2.017,33,2.4383862447411015
MID72,SID72,67,2017-03-08 06:20:10,3.361,26,2.04999026626583
MID71,SID71,67,2017-03-08 06:20:10,2.017,25,2.123657459205674
MID70,SID70,67,2017-03-08 06:20:10,2.017,29,2.332501300777037
MID90,SID90,67,2017-03-08 06:20:10,2.689,32,2.288583480067587
MID89,SID89,67,2017-03-08 06:20:10,3.361,31,2.0158968096064243
MID88,SID88,67,2017-03-08 06:20:10,2.689,30,2.4432247546534995
MID87,SID87,67,2017-03-08 06:20:10,3.025,29,2.333338562652295
MID86,SID86,67,2017-03-08 06:20:10,2.017,29,2.219896640652593
MID85,SID85,67,2017-03-08 06:20:10,3.361,27,2.2675152696250196
MID84,SID84,67,2017-03-08 06:20:10,2.017,26,2.0367480406065623
MID83,SID83,67,2017-03-08 06:20:10,2.017,31,2.0922222331138487
MID82,SID82,67,2017-03-08 06:20:10,3.025,25,2.2028833432185353
MID81,SID81,67,2017-03-08 06:20:10,3.025,30,2.2247003373147405
MID80,SID80,67,2017-03-08 06:20:10,3.025,31,2.1349136876714567
MID59,SID59,67,2017-03-08 06:20:10,2.017,26,2.3483234618395814
MID58,SID58,67,2017-03-08 06:20:10,2.017,29,2.1071057298764875
MID57,SID57,67,2017-03-08 06:20:10,3.361,34,2.0301001383249666
MID56,SID56,67,2017-03-08 06:20:10,1.681,27,2.1892076233509794
MID55,SID55,67,2017-03-08 06:20:10,2.689,25,2.226201675118484
MID54,SID54,67,2017-03-08 06:20:10,1.681,26,2.1196771000372263
MID53,SID53,67,2017-03-08 06:20:10,2.353,34,2.3015610738361723
MID52,SID52,67,2017-03-08 06:20:10,3.361,32,2.105919974191271
MID51,SID51,67,2017-03-08 06:20:10,3.025,28,2.188826147174045
MID50,SID50,67,2017-03-08 06:20:10,1.681,32,2.435561848547368
MID69,SID69,67,2017-03-08 06:20:10,3.361,27,2.444878607625492
MID68,SID68,67,2017-03-08 06:20:10,2.353,34,2.0921763150870483
MID67,SID67,67,2017-03-08 06:20:10,3.025,28,2.4751209895427366
MID66,SID66,67,2017-03-08 06:20:10,2.017,26,2.240157950456532
MID65,SID65,67,2017-03-08 06:20:10,3.025,29,2.1346881075467623
MID64,SID64,67,2017-03-08 06:20:10,2.689,31,2.289640072046378
MID63,SID63,67,2017-03-08 06:20:10,2.017,27,2.3622682710545297
MID62,SID62,67,2017-03-08 06:20:10,3.361,31,2.1691552667323255
MID61,SID61,67,2017-03-08 06:20:10,3.025,29,2.2978675303614278
MID60,SID60,67,2017-03-08 06:20:10,3.025,30,2.0191608789924387
MID39,SID39,67,2017-03-08 06:20:10,2.689,30,2.056100435788297
MID38,SID38,67,2017-03-08 06:20:10,2.353,29,2.25848223369925
MID37,SID37,67,2017-03-08 06:20:10,2.689,28,2.1237634376676384
MID36,SID36,67,2017-03-08 06:20:10,3.025,31,2.4321177548175097
MID35,SID35,67,2017-03-08 06:20:10,3.025,26,2.0554903135400195
MID34,SID34,67,2017-03-08 06:20:10,1.681,33,2.2361981594309808
MID33,SID33,67,2017-03-08 06:20:10,3.361,32,2.2102330210328076
MID32,SID32,67,2017-03-08 06:20:10,3.025,31,2.0706784927539874
MID31,SID31,67,2017-03-08 06:20:10,1.681,33,2.2876992934908094
MID30,SID30,67,2017-03-08 06:20:10,2.353,27,2.3984358569660147
MID49,SID49,67,2017-03-08 06:20:10,2.353,25,2.2580510177689876
MID48,SID48,67,2017-03-08 06:20:10,3.025,28,2.345188054988582
MID47,SID47,67,2017-03-08 06:20:10,2.353,25,2.070296972146892
MID46,SID46,67,2017-03-08 06:20:10,2.689,33,2.4281379307846684
MID45,SID45,67,2017-03-08 06:20:10,2.353,29,2.4275774094484346
MID44,SID44,67,2017-03-08 06:20:10,1.681,32,2.1037877751933456
MID43,SID43,67,2017-03-08 06:20:10,2.017,27,2.16292960845842
MID42,SID42,67,2017-03-08 06:20:10,3.025,32,2.433841546101588
MID41,SID41,67,2017-03-08 06:20:10,3.025,32,2.352401730564181
MID40,SID40,67,2017-03-08 06:20:10,3.361,29,2.197132409595159
MID19,SID19,67,2017-03-08 06:20:20,2.711,28,2.124926837289091
MID18,SID18,67,2017-03-08 06:20:20,2.372,27,2.091227893409266
MID17,SID17,67,2017-03-08 06:20:20,2.711,30,2.299808862377239
MID16,SID16,67,2017-03-08 06:20:20,2.372,27,2.060019924339432
MID15,SID15,67,2017-03-08 06:20:20,1.694,31,2.1408746329842194
MID14,SID14,67,2017-03-08 06:20:20,2.711,33,2.031254874066875
MID13,SID13,67,2017-03-08 06:20:20,3.050,33,2.4648348414082344
MID12,SID12,67,2017-03-08 06:20:20,2.711,30,2.0199467739020602
MID11,SID11,67,2017-03-08 06:20:20,3.389,34,2.4518512089011733
MID99,SID99,67,2017-03-08 06:20:20,2.372,25,2.2546833230389844
MID10,SID10,67,2017-03-08 06:20:20,1.694,30,2.265988728594394
MID98,SID98,67,2017-03-08 06:20:20,3.050,30,2.4533405710756018
MID97,SID97,67,2017-03-08 06:20:20,1.694,25,2.2931038955738
MID96,SID96,67,2017-03-08 06:20:20,3.050,31,2.3772642290561308
MID95,SID95,67,2017-03-08 06:20:20,3.389,32,2.421670156747928
MID94,SID94,67,2017-03-08 06:20:20,3.389,25,2.2788267864345313
MID93,SID93,67,2017-03-08 06:20:20,3.389,32,2.06497649032049
MID92,SID92,67,2017-03-08 06:20:20,2.372,28,2.032419667823568
MID91,SID91,67,2017-03-08 06:20:20,3.389,31,2.3062396938877305
MID4,SID4,67,2017-03-08 06:20:20,1.694,26,2.1351984289482075
MID5,SID5,67,2017-03-08 06:20:20,2.711,29,2.464107873823745
MID6,SID6,67,2017-03-08 06:20:20,2.033,26,2.117654785627578
MID7,SID7,67,2017-03-08 06:20:20,3.389,25,2.0641473276598696
MID1,SID1,67,2017-03-08 06:20:20,2.372,31,2.3521102884024376
MID2,SID2,67,2017-03-08 06:20:20,3.389,33,2.273364648383118
MID3,SID3,67,2017-03-08 06:20:20,3.050,25,2.28083865655538
MID29,SID29,67,2017-03-08 06:20:20,3.050,33,2.4101074132339573
MID28,SID28,67,2017-03-08 06:20:20,2.372,26,2.120807752498487
MID27,SID27,67,2017-03-08 06:20:20,2.033,25,2.38774027227828
MID26,SID26,67,2017-03-08 06:20:20,2.033,34,2.004917714491747
MID8,SID8,67,2017-03-08 06:20:20,2.372,25,2.4787335058082265
MID25,SID25,67,2017-03-08 06:20:20,1.694,27,2.1176841790612446
MID9,SID9,67,2017-03-08 06:20:20,2.711,29,2.302743148761318
MID24,SID24,67,2017-03-08 06:20:20,1.694,28,2.0069351329948635
MID23,SID23,67,2017-03-08 06:20:20,2.711,26,2.085559317170168
MID22,SID22,67,2017-03-08 06:20:20,2.372,32,2.1761254361704867
MID21,SID21,67,2017-03-08 06:20:20,2.033,30,2.250813770631323
MID20,SID20,67,2017-03-08 06:20:20,2.372,25,2.3844988019289897
MID100,SID100,67,2017-03-08 06:20:20,2.711,29,2.148782138854159
MID79,SID79,67,2017-03-08 06:20:20,1.694,25,2.0935047081042675
MID78,SID78,67,2017-03-08 06:20:20,2.711,31,2.2682093090434807
MID77,SID77,67,2017-03-08 06:20:20,1.694,25,2.0163914297493797
MID76,SID76,67,2017-03-08 06:20:20,2.033,34,2.0996384178229612
MID75,SID75,67,2017-03-08 06:20:20,2.372,31,2.330334087483348
MID74,SID74,67,2017-03-08 06:20:20,2.711,34,2.2190948655669884
MID73,SID73,67,2017-03-08 06:20:20,2.033,34,2.0438086021477506
MID72,SID72,67,2017-03-08 06:20:20,3.389,30,2.4671227189149514
MID71,SID71,67,2017-03-08 06:20:20,2.033,32,2.450808187110753
MID70,SID70,67,2017-03-08 06:20:20,2.033,25,2.3578096099724184
MID90,SID90,67,2017-03-08 06:20:20,2.711,27,2.182783223751507
MID89,SID89,67,2017-03-08 06:20:20,3.389,26,2.378785621375731
MID88,SID88,67,2017-03-08 06:20:20,2.711,30,2.2271890863692123
MID87,SID87,67,2017-03-08 06:20:20,3.050,34,2.0567267085255123
MID86,SID86,67,2017-03-08 06:20:20,2.033,31,2.152535081757657
MID85,SID85,67,2017-03-08 06:20:20,3.389,27,2.1139848261952343
MID84,SID84,67,2017-03-08 06:20:20,2.033,31,2.3473856826732398
MID83,SID83,67,2017-03-08 06:20:20,2.033,26,2.104952214544633
MID82,SID82,67,2017-03-08 06:20:20,3.050,33,2.4041052069623547
MID81,SID81,67,2017-03-08 06:20:20,3.050,34,2.231777379549488
MID80,SID80,67,2017-03-08 06:20:20,3.050,27,2.4773091343384173
MID59,SID59,67,2017-03-08 06:20:20,2.033,29,2.006144431654442
MID58,SID58,67,2017-03-08 06:20:20,2.033,31,2.4831358810243773
MID57,SID57,67,2017-03-08 06:20:20,3.389,27,2.1076029949992447
MID56,SID56,67,2017-03-08 06:20:20,1.694,33,2.43599996684269
MID55,SID55,67,2017-03-08 06:20:20,2.711,34,2.204353989018276
MID54,SID54,67,2017-03-08 06:20:20,1.694,28,2.01664756583744
MID53,SID53,67,2017-03-08 06:20:20,2.372,32,2.450597601824911
MID52,SID52,67,2017-03-08 06:20:20,3.389,30,2.294776808652644
MID51,SID51,67,2017-03-08 06:20:20,3.050,33,2.2233304527200732
MID50,SID50,67,2017-03-08 06:20:20,1.694,31,2.2735552386328086
MID69,SID69,67,2017-03-08 06:20:20,3.389,29,2.258617977323325
MID68,SID68,67,2017-03-08 06:20:20,2.372,25,2.3727338081816773
MID67,SID67,67,2017-03-08 06:20:20,3.050,29,2.2584675945909534
MID66,SID66,67,2017-03-08 06:20:20,2.033,29,2.1737016136723843
MID65,SID65,67,2017-03-08 06:20:20,3.050,30,2.35918698306984
MID64,SID64,67,2017-03-08 06:20:20,2.711,28,2.1782094493691577
MID63,SID63,67,2017-03-08 06:20:20,2.033,33,2.4170964525267067
MID62,SID62,67,2017-03-08 06:20:20,3.389,27,2.117583926000171
MID61,SID61,67,2017-03-08 06:20:20,3.050,25,2.207024264091569
MID60,SID60,67,2017-03-08 06:20:20,3.050,34,2.03863804162441
MID39,SID39,67,2017-03-08 06:20:20,2.711,31,2.1274920396297436
MID38,SID38,67,2017-03-08 06:20:20,2.372,27,2.1911038656861646
MID37,SID37,67,2017-03-08 06:20:20,2.711,27,2.144183079741973
MID36,SID36,67,2017-03-08 06:20:20,3.050,34,2.0336532896590978
MID35,SID35,67,2017-03-08 06:20:20,3.050,27,2.233724239819894
MID34,SID34,67,2017-03-08 06:20:20,1.694,34,2.3272264785339614
MID33,SID33,67,2017-03-08 06:20:20,3.389,26,2.4620153415664388
MID32,SID32,67,2017-03-08 06:20:20,3.050,29,2.0714848552898943
MID31,SID31,67,2017-03-08 06:20:20,1.694,25,2.2217794346441524
MID30,SID30,67,2017-03-08 06:20:20,2.372,30,2.354778482449541
MID49,SID49,67,2017-03-08 06:20:20,2.372,27,2.1343998780700772
MID48,SID48,67,2017-03-08 06:20:20,3.050,30,2.431958133378371
MID47,SID47,67,2017-03-08 06:20:20,2.372,25,2.4032403484417073
MID46,SID46,67,2017-03-08 06:20:20,2.711,34,2.447533486411963
MID45,SID45,67,2017-03-08 06:20:20,2.372,25,2.446314832222339
MID44,SID44,67,2017-03-08 06:20:20,1.694,27,2.175943273125968
MID43,SID43,67,2017-03-08 06:20:20,2.033,25,2.3745203731656614
MID42,SID42,67,2017-03-08 06:20:20,3.050,25,2.4409346903167846
MID41,SID41,67,2017-03-08 06:20:20,3.050,32,2.32880079833629
MID40,SID40,67,2017-03-08 06:20:20,3.389,25,2.2191846064174405
MID19,SID19,67,2017-03-08 06:20:30,2.733,33,2.2585024361149877
MID18,SID18,67,2017-03-08 06:20:30,2.392,30,2.0927353518408274
MID17,SID17,67,2017-03-08 06:20:30,2.733,28,2.4437864703997607
MID16,SID16,67,2017-03-08 06:20:30,2.392,26,2.495979038263374
MID15,SID15,67,2017-03-08 06:20:30,1.708,26,2.0471616325694857
MID14,SID14,67,2017-03-08 06:20:30,2.733,31,2.24955209880369
MID13,SID13,67,2017-03-08 06:20:30,3.075,32,2.1426775371381312
MID12,SID12,67,2017-03-08 06:20:30,2.733,31,2.2926057772454014
MID11,SID11,67,2017-03-08 06:20:30,3.417,34,2.334387872899706
MID99,SID99,67,2017-03-08 06:20:30,2.392,32,2.0772458434808962
MID10,SID10,67,2017-03-08 06:20:30,1.708,34,2.2766870617534707
MID98,SID98,67,2017-03-08 06:20:30,3.075,30,2.3581566127761002
MID97,SID97,67,2017-03-08 06:20:30,1.708,33,2.299149844488825
MID96,SID96,67,2017-03-08 06:20:30,3.075,30,2.3860651425833934
MID95,SID95,67,2017-03-08 06:20:30,3.417,27,2.24251397726132
MID94,SID94,67,2017-03-08 06:20:30,3.417,28,2.4165215643254903
MID93,SID93,67,2017-03-08 06:20:30,3.417,27,2.026515085210588
MID92,SID92,67,2017-03-08 06:20:30,2.392,25,2.3307620556398896
MID91,SID91,67,2017-03-08 06:20:30,3.417,29,2.454432472737921
MID4,SID4,67,2017-03-08 06:20:30,1.708,28,2.2889349468221925
MID5,SID5,67,2017-03-08 06:20:30,2.733,25,2.396405455373006
MID6,SID6,67,2017-03-08 06:20:30,2.050,25,2.2186845556674006
MID7,SID7,67,2017-03-08 06:20:30,3.417,25,2.2569142436967664
MID1,SID1,67,2017-03-08 06:20:30,2.392,33,2.185140719476265
MID2,SID2,67,2017-03-08 06:20:30,3.417,27,2.2087153185572554
MID3,SID3,67,2017-03-08 06:20:30,3.075,29,2.429848559133597
MID29,SID29,67,2017-03-08 06:20:30,3.075,30,2.1118087539366415
MID28,SID28,67,2017-03-08 06:20:30,2.392,34,2.008010119344501
MID27,SID27,67,2017-03-08 06:20:30,2.050,34,2.1628326560223914
MID26,SID26,67,2017-03-08 06:20:30,2.050,29,2.3108481702900603
MID8,SID8,67,2017-03-08 06:20:30,2.392,27,2.151537060171548
MID25,SID25,67,2017-03-08 06:20:30,1.708,28,2.495098692738099
MID9,SID9,67,2017-03-08 06:20:30,2.733,30,2.451080581502846
MID24,SID24,67,2017-03-08 06:20:30,1.708,34,2.00901857005402
MID23,SID23,67,2017-03-08 06:20:30,2.733,27,2.3598790003955608
MID22,SID22,67,2017-03-08 06:20:30,2.392,29,2.1862061674077493
MID21,SID21,67,2017-03-08 06:20:30,2.050,29,2.1403447136888083
MID20,SID20,67,2017-03-08 06:20:30,2.392,27,2.32890237150215
MID100,SID100,67,2017-03-08 06:20:30,2.733,25,2.2336289409505263
MID79,SID79,67,2017-03-08 06:20:30,1.708,25,2.2619185219132176
MID78,SID78,67,2017-03-08 06:20:30,2.733,32,2.2152390727914115
MID77,SID77,67,2017-03-08 06:20:30,1.708,28,2.083179810517491
MID76,SID76,67,2017-03-08 06:20:30,2.050,33,2.235105666728201
MID75,SID75,67,2017-03-08 06:20:30,2.392,31,2.1210825521707073
MID74,SID74,67,2017-03-08 06:20:30,2.733,26,2.046721380124736
MID73,SID73,67,2017-03-08 06:20:30,2.050,33,2.496732973838167
MID72,SID72,67,2017-03-08 06:20:30,3.417,33,2.2371006851132313
MID71,SID71,67,2017-03-08 06:20:30,2.050,25,2.2202470572580424
MID70,SID70,67,2017-03-08 06:20:30,2.050,30,2.0537654743329825
MID90,SID90,67,2017-03-08 06:20:30,2.733,25,2.4510089606192853
MID89,SID89,67,2017-03-08 06:20:30,3.417,25,2.0464924261625526
MID88,SID88,67,2017-03-08 06:20:30,2.733,31,2.32103401511162
MID87,SID87,67,2017-03-08 06:20:30,3.075,28,2.113394720226823
MID86,SID86,67,2017-03-08 06:20:30,2.050,32,2.3500173911988957
MID85,SID85,67,2017-03-08 06:20:30,3.417,29,2.076881235174019
MID84,SID84,67,2017-03-08 06:20:30,2.050,32,2.483567636478271
MID83,SID83,67,2017-03-08 06:20:30,2.050,31,2.0489839073951583
MID82,SID82,67,2017-03-08 06:20:30,3.075,34,2.0758155369711204
MID81,SID81,67,2017-03-08 06:20:30,3.075,25,2.306685083205196
MID80,SID80,67,2017-03-08 06:20:30,3.075,32,2.1601773656647514
MID59,SID59,67,2017-03-08 06:20:30,2.050,27,2.2442735257849487
MID58,SID58,67,2017-03-08 06:20:30,2.050,33,2.153997653819126
MID57,SID57,67,2017-03-08 06:20:30,3.417,26,2.4411977220670336
MID56,SID56,67,2017-03-08 06:20:30,1.708,30,2.2313675569444773
MID55,SID55,67,2017-03-08 06:20:30,2.733,26,2.156453215826727
MID54,SID54,67,2017-03-08 06:20:30,1.708,26,2.120405532191313
MID53,SID53,67,2017-03-08 06:20:30,2.392,27,2.413046458301913
MID52,SID52,67,2017-03-08 06:20:30,3.417,33,2.425240898268501
MID51,SID51,67,2017-03-08 06:20:30,3.075,30,2.449513979543264
MID50,SID50,67,2017-03-08 06:20:30,1.708,25,2.0449892660593005
MID69,SID69,67,2017-03-08 06:20:30,3.417,33,2.496722099055686
MID68,SID68,67,2017-03-08 06:20:30,2.392,33,2.140217888823458
MID67,SID67,67,2017-03-08 06:20:30,3.075,32,2.179103702793098
MID66,SID66,67,2017-03-08 06:20:30,2.050,30,2.461865754705336
MID65,SID65,67,2017-03-08 06:20:30,3.075,28,2.4485569639932616
MID64,SID64,67,2017-03-08 06:20:30,2.733,31,2.3378320560913672
MID63,SID63,67,2017-03-08 06:20:30,2.050,34,2.23866562342516
MID62,SID62,67,2017-03-08 06:20:30,3.417,27,2.2138065126276825
MID61,SID61,67,2017-03-08 06:20:30,3.075,28,2.037104623810975
MID60,SID60,67,2017-03-08 06:20:30,3.075,33,2.226408588212342
MID39,SID39,67,2017-03-08 06:20:30,2.733,32,2.146935916545112
MID38,SID38,67,2017-03-08 06:20:30,2.392,27,2.3464049407828877
MID37,SID37,67,2017-03-08 06:20:30,2.733,34,2.059120038933417
MID36,SID36,67,2017-03-08 06:20:30,3.075,28,2.1467870491126533
MID35,SID35,67,2017-03-08 06:20:30,3.075,31,2.3328682293914795
MID34,SID34,67,2017-03-08 06:20:30,1.708,28,2.0267536903649366
MID33,SID33,67,2017-03-08 06:20:30,3.417,28,2.330590201250358
MID32,SID32,67,2017-03-08 06:20:30,3.075,34,2.0865616664520035
MID31,SID31,67,2017-03-08 06:20:30,1.708,26,2.0961264786440217
MID30,SID30,67,2017-03-08 06:20:30,2.392,30,2.4925666108970677
MID49,SID49,67,2017-03-08 06:20:30,2.392,33,2.304816681659223
MID48,SID48,67,2017-03-08 06:20:30,3.075,29,2.0183501019730774
MID47,SID47,67,2017-03-08 06:20:30,2.392,32,2.2320430742130055
MID46,SID46,67,2017-03-08 06:20:30,2.733,25,2.141529517017996
MID45,SID45,67,2017-03-08 06:20:30,2.392,34,2.067082968290608
MID44,SID44,67,2017-03-08 06:20:30,1.708,32,2.1229256009733684
MID43,SID43,67,2017-03-08 06:20:30,2.050,33,2.3691005555034073
MID42,SID42,67,2017-03-08 06:20:30,3.075,33,2.4635037453406956
MID41,SID41,67,2017-03-08 06:20:30,3.075,32,2.440550149494065
MID40,SID40,67,2017-03-08 06:20:30,3.417,33,2.4916997996711823
MID19,SID19,67,2017-03-08 06:20:40,2.756,29,2.144737188500441
MID18,SID18,67,2017-03-08 06:20:40,2.411,30,2.1981960338001834
MID17,SID17,67,2017-03-08 06:20:40,2.756,34,2.2152439574037732
MID16,SID16,67,2017-03-08 06:20:40,2.411,27,2.4381928235650197
MID15,SID15,67,2017-03-08 06:20:40,1.722,30,2.4278726927014467
MID14,SID14,67,2017-03-08 06:20:40,2.756,27,2.21629125984212
MID13,SID13,67,2017-03-08 06:20:40,3.100,27,2.461156990615569
MID12,SID12,67,2017-03-08 06:20:40,2.756,27,2.0577664782509175
MID11,SID11,67,2017-03-08 06:20:40,3.444,25,2.425125253115002
MID99,SID99,67,2017-03-08 06:20:40,2.411,26,2.3806059108331765
MID10,SID10,67,2017-03-08 06:20:40,1.722,31,2.360828585790942
MID98,SID98,67,2017-03-08 06:20:40,3.100,29,2.2715338977879527
MID97,SID97,67,2017-03-08 06:20:40,1.722,29,2.128732818610793
MID96,SID96,67,2017-03-08 06:20:40,3.100,29,2.094697939336434
MID95,SID95,67,2017-03-08 06:20:40,3.444,27,2.4892809200348767
MID94,SID94,67,2017-03-08 06:20:40,3.444,26,2.2670360117390134
MID93,SID93,67,2017-03-08 06:20:40,3.444,28,2.4500251703607634
MID92,SID92,67,2017-03-08 06:20:40,2.411,25,2.2683397493937485
MID91,SID91,67,2017-03-08 06:20:40,3.444,29,2.2283062150012163
MID4,SID4,67,2017-03-08 06:20:40,1.722,32,2.4297771575610643
MID5,SID5,67,2017-03-08 06:20:40,2.756,27,2.2289040379380114
MID6,SID6,67,2017-03-08 06:20:40,2.067,33,2.1143664666737583
MID7,SID7,67,2017-03-08 06:20:40,3.444,28,2.349091126441865
MID1,SID1,67,2017-03-08 06:20:40,2.411,30,2.3219259649273147
MID2,SID2,67,2017-03-08 06:20:40,3.444,31,2.2669251418005985
MID3,SID3,67,2017-03-08 06:20:40,3.100,32,2.107822800505477
MID29,SID29,67,2017-03-08 06:20:40,3.100,33,2.3475589445717366
MID28,SID28,67,2017-03-08 06:20:40,2.411,26,2.3930692348141136
MID27,SID27,67,2017-03-08 06:20:40,2.067,30,2.4938611296424993
MID26,SID26,67,2017-03-08 06:20:40,2.067,25,2.006532723944931
MID8,SID8,67,2017-03-08 06:20:40,2.411,25,2.4505804857779463
MID25,SID25,67,2017-03-08 06:20:40,1.722,25,2.2199956962488434
MID9,SID9,67,2017-03-08 06:20:40,2.756,32,2.0413971844419874
MID24,SID24,67,2017-03-08 06:20:40,1.722,30,2.387802277205968
MID23,SID23,67,2017-03-08 06:20:40,2.756,30,2.4558811523161923
MID22,SID22,67,2017-03-08 06:20:40,2.411,31,2.2178635346159847
MID21,SID21,67,2017-03-08 06:20:40,2.067,27,2.4355766783703725
MID20,SID20,67,2017-03-08 06:20:40,2.411,28,2.0012682058271256
MID100,SID100,67,2017-03-08 06:20:40,2.756,26,2.1097137171536824
MID79,SID79,67,2017-03-08 06:20:40,1.722,29,2.042473364123236
MID78,SID78,67,2017-03-08 06:20:40,2.756,33,2.2013038080711635
MID77,SID77,67,2017-03-08 06:20:40,1.722,32,2.3215697133393585
MID76,SID76,67,2017-03-08 06:20:40,2.067,28,2.2249199267213395
MID75,SID75,67,2017-03-08 06:20:40,2.411,25,2.0091889966258316
MID74,SID74,67,2017-03-08 06:20:40,2.756,34,2.4304635186198813
MID73,SID73,67,2017-03-08 06:20:40,2.067,30,2.2019840856244177
MID72,SID72,67,2017-03-08 06:20:40,3.444,32,2.3570670572187167
MID71,SID71,67,2017-03-08 06:20:40,2.067,31,2.4858174543116687
MID70,SID70,67,2017-03-08 06:20:40,2.067,32,2.3040815498523353
MID90,SID90,67,2017-03-08 06:20:40,2.756,30,2.3810151349944766
MID89,SID89,67,2017-03-08 06:20:40,3.444,34,2.3180328719019374
MID88,SID88,67,2017-03-08 06:20:40,2.756,34,2.3165290010685817
MID87,SID87,67,2017-03-08 06:20:40,3.100,31,2.037779585572413
MID86,SID86,67,2017-03-08 06:20:40,2.067,34,2.124285012002068
MID85,SID85,67,2017-03-08 06:20:40,3.444,28,2.4117620747544204
MID84,SID84,67,2017-03-08 06:20:40,2.067,29,2.323400316444728
MID83,SID83,67,2017-03-08 06:20:40,2.067,25,2.3063849255328623
MID82,SID82,67,2017-03-08 06:20:40,3.100,27,2.086266066353909
MID81,SID81,67,2017-03-08 06:20:40,3.100,34,2.4483353937999
MID80,SID80,67,2017-03-08 06:20:40,3.100,34,2.315643650854235
MID59,SID59,67,2017-03-08 06:20:40,2.067,26,2.30444796067863
MID58,SID58,67,2017-03-08 06:20:40,2.067,33,2.1884179370401693
MID57,SID57,67,2017-03-08 06:20:40,3.444,25,2.2456518137730055
MID56,SID56,67,2017-03-08 06:20:40,1.722,32,2.192377034492545
MID55,SID55,67,2017-03-08 06:20:40,2.756,32,2.4969865389971497
MID54,SID54,67,2017-03-08 06:20:40,1.722,33,2.1776187385094423
MID53,SID53,67,2017-03-08 06:20:40,2.411,27,2.250808541356047
MID52,SID52,67,2017-03-08 06:20:40,3.444,28,2.4021346569307807
MID51,SID51,67,2017-03-08 06:20:40,3.100,28,2.2021334415445954
MID50,SID50,67,2017-03-08 06:20:40,1.722,25,2.181226278644652
MID69,SID69,67,2017-03-08 06:20:40,3.444,31,2.085605604709203
MID68,SID68,67,2017-03-08 06:20:40,2.411,26,2.499639663196158
MID67,SID67,67,2017-03-08 06:20:40,3.100,26,2.049766228274219
MID66,SID66,67,2017-03-08 06:20:40,2.067,28,2.4071581310537726
MID65,SID65,67,2017-03-08 06:20:40,3.100,25,2.2080595062678587
MID64,SID64,67,2017-03-08 06:20:40,2.756,29,2.35599858886236
MID63,SID63,67,2017-03-08 06:20:40,2.067,27,2.0464735093202213
MID62,SID62,67,2017-03-08 06:20:40,3.444,30,2.298148134915348
MID61,SID61,67,2017-03-08 06:20:40,3.100,34,2.2789293878824326
MID60,SID60,67,2017-03-08 06:20:40,3.100,32,2.476559784358978
MID39,SID39,67,2017-03-08 06:20:40,2.756,33,2.4200451530001303
MID38,SID38,67,2017-03-08 06:20:40,2.411,31,2.463147056818518
MID37,SID37,67,2017-03-08 06:20:40,2.756,30,2.4033211150453573
MID36,SID36,67,2017-03-08 06:20:40,3.100,26,2.4944654214568582
MID35,SID35,67,2017-03-08 06:20:40,3.100,32,2.169851658657857
MID34,SID34,67,2017-03-08 06:20:40,1.722,32,2.4123718507331118
MID33,SID33,67,2017-03-08 06:20:40,3.444,31,2.2174038526513984
MID32,SID32,67,2017-03-08 06:20:40,3.100,26,2.3977032718560642
MID31,SID31,67,2017-03-08 06:20:40,1.722,26,2.1147851514457523
MID30,SID30,67,2017-03-08 06:20:40,2.411,27,2.375913285220758
MID49,SID49,67,2017-03-08 06:20:40,2.411,32,2.437835531964602
MID48,SID48,67,2017-03-08 06:20:40,3.100,33,2.3563712261841605
MID47,SID47,67,2017-03-08 06:20:40,2.411,28,2.4728084956810163
MID46,SID46,67,2017-03-08 06:20:40,2.756,25,2.146213220293186
MID45,SID45,67,2017-03-08 06:20:40,2.411,29,2.4335236870338974
MID44,SID44,67,2017-03-08 06:20:40,1.722,33,2.3038259189631005
MID43,SID43,67,2017-03-08 06:20:40,2.067,30,2.125324990732728
MID42,SID42,67,2017-03-08 06:20:40,3.100,29,2.1872852173210613
MID41,SID41,67,2017-03-08 06:20:40,3.100,30,2.28805916407923
MID40,SID40,67,2017-03-08 06:20:40,3.444,31,2.2841847265317567
MID19,SID19,67,2017-03-08 06:20:50,2.778,25,2.204688838764292
MID18,SID18,67,2017-03-08 06:20:50,2.431,34,2.445435428572568
MID17,SID17,67,2017-03-08 06:20:50,2.778,26,2.1523319962763017
MID16,SID16,67,2017-03-08 06:20:50,2.431,31,2.2931959121653764
MID15,SID15,67,2017-03-08 06:20:50,1.736,26,2.1637971007337824
MID14,SID14,67,2017-03-08 06:20:50,2.778,28,2.193044938136336
MID13,SID13,67,2017-03-08 06:20:50,3.125,32,2.3518089584210022
MID12,SID12,67,2017-03-08 06:20:50,2.778,27,2.488471221911145
MID11,SID11,67,2017-03-08 06:20:50,3.472,33,2.4421948612572058
MID99,SID99,67,2017-03-08 06:20:50,2.431,30,2.4628336769753294
MID10,SID10,67,2017-03-08 06:20:50,1.736,29,2.4677478249129563
MID98,SID98,67,2017-03-08 06:20:50,3.125,26,2.3037188678922904
MID97,SID97,67,2017-03-08 06:20:50,1.736,33,2.325662873061493
MID96,SID96,67,2017-03-08 06:20:50,3.125,31,2.495117915712658
MID95,SID95,67,2017-03-08 06:20:50,3.472,34,2.0854727390635404
MID94,SID94,67,2017-03-08 06:20:50,3.472,30,2.402716060381371
MID93,SID93,67,2017-03-08 06:20:50,3.472,34,2.2315626834154907
MID92,SID92,67,2017-03-08 06:20:50,2.431,34,2.1634850696727015
MID91,SID91,67,2017-03-08 06:20:50,3.472,33,2.384596904742229
MID4,SID4,67,2017-03-08 06:20:50,1.736,33,2.350234293246439
MID5,SID5,67,2017-03-08 06:20:50,2.778,29,2.2848185087982054
MID6,SID6,67,2017-03-08 06:20:50,2.083,32,2.060636035486135
MID7,SID7,67,2017-03-08 06:20:50,3.472,28,2.0391608858520707
MID1,SID1,67,2017-03-08 06:20:50,2.431,29,2.30093044669531
MID2,SID2,67,2017-03-08 06:20:50,3.472,32,2.3579937176786356
MID3,SID3,67,2017-03-08 06:20:50,3.125,34,2.075059732493935
MID29,SID29,67,2017-03-08 06:20:50,3.125,34,2.2395672339209938
MID28,SID28,67,2017-03-08 06:20:50,2.431,26,2.1604079569930925
MID27,SID27,67,2017-03-08 06:20:50,2.083,31,2.2646945181317655
MID26,SID26,67,2017-03-08 06:20:50,2.083,29,2.4380641420860565
MID8,SID8,67,2017-03-08 06:20:50,2.431,34,2.3205484650228785
MID25,SID25,67,2017-03-08 06:20:50,1.736,27,2.1946740039810964
MID9,SID9,67,2017-03-08 06:20:50,2.778,33,2.121841072568876
MID24,SID24,67,2017-03-08 06:20:50,1.736,26,2.209899441970047
MID23,SID23,67,2017-03-08 06:20:50,2.778,27,2.371745780490785
MID22,SID22,67,2017-03-08 06:20:50,2.431,27,2.117440524088638
MID21,SID21,67,2017-03-08 06:20:50,2.083,25,2.3724940885019303
MID20,SID20,67,2017-03-08 06:20:50,2.431,29,2.2215251900049733
MID100,SID100,67,2017-03-08 06:20:50,2.778,32,2.3401059553532955
MID79,SID79,67,2017-03-08 06:20:50,1.736,31,2.0182274076489346
MID78,SID78,67,2017-03-08 06:20:50,2.778,32,2.367305094655212
MID77,SID77,67,2017-03-08 06:20:50,1.736,30,2.0387401882310376
MID76,SID76,67,2017-03-08 06:20:50,2.083,33,2.419080335275987
MID75,SID75,67,2017-03-08 06:20:50,2.431,31,2.3668316963393523
MID74,SID74,67,2017-03-08 06:20:50,2.778,33,2.1448542099161685
MID73,SID73,67,2017-03-08 06:20:50,2.083,32,2.072124127629027
MID72,SID72,67,2017-03-08 06:20:50,3.472,34,2.2154326592337568
MID71,SID71,67,2017-03-08 06:20:50,2.083,34,2.1377538802117377
MID70,SID70,67,2017-03-08 06:20:50,2.083,34,2.462362643539939
MID90,SID90,67,2017-03-08 06:20:50,2.778,27,2.111614011474215
MID89,SID89,67,2017-03-08 06:20:50,3.472,29,2.479619218820088
MID88,SID88,67,2017-03-08 06:20:50,2.778,31,2.4201892826401816
MID87,SID87,67,2017-03-08 06:20:50,3.125,32,2.0529047139057273
MID86,SID86,67,2017-03-08 06:20:50,2.083,33,2.333752884065448
MID85,SID85,67,2017-03-08 06:20:50,3.472,31,2.060868875261723
MID84,SID84,67,2017-03-08 06:20:50,2.083,33,2.096833955283926
MID83,SID83,67,2017-03-08 06:20:50,2.083,26,2.4827373451196095
MID82,SID82,67,2017-03-08 06:20:50,3.125,31,2.3560166997723284
MID81,SID81,67,2017-03-08 06:20:50,3.125,28,2.111361238734679
MID80,SID80,67,2017-03-08 06:20:50,3.125,33,2.171776713206532
MID59,SID59,67,2017-03-08 06:20:50,2.083,31,2.388004006179667
MID58,SID58,67,2017-03-08 06:20:50,2.083,32,2.3977814854393653
MID57,SID57,67,2017-03-08 06:20:50,3.472,29,2.166234685827715
MID56,SID56,67,2017-03-08 06:20:50,1.736,29,2.2016185766022796
MID55,SID55,67,2017-03-08 06:20:50,2.778,28,2.0490870466292392
MID54,SID54,67,2017-03-08 06:20:50,1.736,26,2.4920833715962987
MID53,SID53,67,2017-03-08 06:20:50,2.431,26,2.2425009555901747
MID52,SID52,67,2017-03-08 06:20:50,3.472,27,2.2035228181242568
MID51,SID51,67,2017-03-08 06:20:50,3.125,34,2.4475105271776925
MID50,SID50,67,2017-03-08 06:20:50,1.736,33,2.0782058716025804
MID69,SID69,67,2017-03-08 06:20:50,3.472,27,2.0713300158998496
MID68,SID68,67,2017-03-08 06:20:50,2.431,32,2.3269957210087298
MID67,SID67,67,2017-03-08 06:20:50,3.125,34,2.142632389876903
MID66,SID66,67,2017-03-08 06:20:50,2.083,34,2.048708555811679
MID65,SID65,67,2017-03-08 06:20:50,3.125,26,2.2283422683163785
MID64,SID64,67,2017-03-08 06:20:50,2.778,33,2.1917662050490407
MID63,SID63,67,2017-03-08 06:20:50,2.083,29,2.25977587316819
MID62,SID62,67,2017-03-08 06:20:50,3.472,29,2.046215623131989
MID61,SID61,67,2017-03-08 06:20:50,3.125,29,2.134184389742986
MID60,SID60,67,2017-03-08 06:20:50,3.125,34,2.1528454411611255
MID39,SID39,67,2017-03-08 06:20:50,2.778,29,2.218420394481972
MID38,SID38,67,2017-03-08 06:20:50,2.431,26,2.42014582805595
MID37,SID37,67,2017-03-08 06:20:50,2.778,25,2.2509071894147183
MID36,SID36,67,2017-03-08 06:20:50,3.125,31,2.2249778424525717
MID35,SID35,67,2017-03-08 06:20:50,3.125,34,2.102712228896608
MID34,SID34,67,2017-03-08 06:20:50,1.736,29,2.3545268283051155
MID33,SID33,67,2017-03-08 06:20:50,3.472,26,2.143686142020817
MID32,SID32,67,2017-03-08 06:20:50,3.125,26,2.070826444757115
MID31,SID31,67,2017-03-08 06:20:50,1.736,34,2.0186919033968875
MID30,SID30,67,2017-03-08 06:20:50,2.431,31,2.2477524078950153
MID49,SID49,67,2017-03-08 06:20:50,2.431,30,2.3029954778317787
MID48,SID48,67,2017-03-08 06:20:50,3.125,29,2.0320470962511274
MID47,SID47,67,2017-03-08 06:20:50,2.431,26,2.2916280727607847
MID46,SID46,67,2017-03-08 06:20:50,2.778,32,2.2045540865029674
MID45,SID45,67,2017-03-08 06:20:50,2.431,30,2.270934644835867
MID44,SID44,67,2017-03-08 06:20:50,1.736,33,2.459818000373837
MID43,SID43,67,2017-03-08 06:20:50,2.083,25,2.4518191757884025
MID42,SID42,67,2017-03-08 06:20:50,3.125,34,2.088598177921209
MID41,SID41,67,2017-03-08 06:20:50,3.125,34,2.2650313303877168
MID40,SID40,67,2017-03-08 06:20:50,3.472,34,2.115983562418384
MID19,SID19,67,2017-03-08 06:21:00,2.800,32,2.249852823964869
MID18,SID18,67,2017-03-08 06:21:00,2.450,29,2.0433281740812674
MID17,SID17,67,2017-03-08 06:21:00,2.800,31,2.2705585133153683
MID16,SID16,67,2017-03-08 06:21:00,2.450,27,2.1050564734440274
MID15,SID15,67,2017-03-08 06:21:00,1.750,33,2.1770860960638343
MID14,SID14,67,2017-03-08 06:21:00,2.800,34,2.045450217072495
MID13,SID13,67,2017-03-08 06:21:00,3.150,25,2.3496702220127803
MID12,SID12,67,2017-03-08 06:21:00,2.800,33,2.3977142950369847
MID11,SID11,67,2017-03-08 06:21:00,3.500,28,2.3688446423770366
MID99,SID99,67,2017-03-08 06:21:00,2.450,32,2.062145828572384
MID10,SID10,67,2017-03-08 06:21:00,1.750,34,2.429042802016052
MID98,SID98,67,2017-03-08 06:21:00,3.150,26,2.3065873237304384
MID97,SID97,67,2017-03-08 06:21:00,1.750,32,2.2953866978230058
MID96,SID96,67,2017-03-08 06:21:00,3.150,31,2.41150377502958
MID95,SID95,67,2017-03-08 06:21:00,3.500,34,2.2000431606077573
MID94,SID94,67,2017-03-08 06:21:00,3.500,34,2.2222102023048516
MID93,SID93,67,2017-03-08 06:21:00,3.500,27,2.362936456885399
MID92,SID92,67,2017-03-08 06:21:00,2.450,27,2.2711191079644366
MID91,SID91,67,2017-03-08 06:21:00,3.500,25,2.014014993153662
MID4,SID4,67,2017-03-08 06:21:00,1.750,30,2.3809048390349385
MID5,SID5,67,2017-03-08 06:21:00,2.800,30,2.0474108706921443
MID6,SID6,67,2017-03-08 06:21:00,2.100,30,2.412639160623014
MID7,SID7,67,2017-03-08 06:21:00,3.500,31,2.0633110688327547
MID1,SID1,67,2017-03-08 06:21:00,2.450,25,2.338600795099335
MID2,SID2,67,2017-03-08 06:21:00,3.500,25,2.0241726062794
MID3,SID3,67,2017-03-08 06:21:00,3.150,31,2.4230459538240714
MID29,SID29,67,2017-03-08 06:21:00,3.150,33,2.044059073176246
MID28,SID28,67,2017-03-08 06:21:00,2.450,32,2.187398706815977
MID27,SID27,67,2017-03-08 06:21:00,2.100,29,2.0494127341263577
MID26,SID26,67,2017-03-08 06:21:00,2.100,32,2.360137164300745
MID8,SID8,67,2017-03-08 06:21:00,2.450,29,2.2584925098953152
MID25,SID25,67,2017-03-08 06:21:00,1.750,27,2.271093145224887
MID9,SID9,67,2017-03-08 06:21:00,2.800,33,2.3998650241423554
MID24,SID24,67,2017-03-08 06:21:00,1.750,29,2.0155406400802747
MID23,SID23,67,2017-03-08 06:21:00,2.800,28,2.183583334910719
MID22,SID22,67,2017-03-08 06:21:00,2.450,33,2.0476468757791997
MID21,SID21,67,2017-03-08 06:21:00,2.100,33,2.4381141091400647
MID20,SID20,67,2017-03-08 06:21:00,2.450,25,2.2308098481390375
MID100,SID100,67,2017-03-08 06:21:00,2.800,26,2.04228767424927
MID79,SID79,67,2017-03-08 06:21:00,1.750,32,2.3615620338342658
MID78,SID78,67,2017-03-08 06:21:00,2.800,30,2.2301959959939817
MID77,SID77,67,2017-03-08 06:21:00,1.750,27,2.270891492931781
MID76,SID76,67,2017-03-08 06:21:00,2.100,27,2.0536194476216973
MID75,SID75,67,2017-03-08 06:21:00,2.450,30,2.0419431655433766
MID74,SID74,67,2017-03-08 06:21:00,2.800,27,2.0135275550062426
MID73,SID73,67,2017-03-08 06:21:00,2.100,33,2.403496598615707
MID72,SID72,67,2017-03-08 06:21:00,3.500,29,2.2489861890746004
MID71,SID71,67,2017-03-08 06:21:00,2.100,31,2.0987221232751967
MID70,SID70,67,2017-03-08 06:21:00,2.100,28,2.2951731957038786
MID90,SID90,67,2017-03-08 06:21:00,2.800,25,2.162644914259438
MID89,SID89,67,2017-03-08 06:21:00,3.500,34,2.4012823421209366
MID88,SID88,67,2017-03-08 06:21:00,2.800,30,2.2764800958950033
MID87,SID87,67,2017-03-08 06:21:00,3.150,29,2.2667716379715004
MID86,SID86,67,2017-03-08 06:21:00,2.100,30,2.3472774195076886
MID85,SID85,67,2017-03-08 06:21:00,3.500,32,2.1079131064510572
MID84,SID84,67,2017-03-08 06:21:00,2.100,29,2.0343890451139734
MID83,SID83,67,2017-03-08 06:21:00,2.100,34,2.4444320869938716
MID82,SID82,67,2017-03-08 06:21:00,3.150,27,2.3905730322944665
MID81,SID81,67,2017-03-08 06:21:00,3.150,30,2.0780072617720315
MID80,SID80,67,2017-03-08 06:21:00,3.150,30,2.11935238134836
MID59,SID59,67,2017-03-08 06:21:00,2.100,29,2.082285214628508
MID58,SID58,67,2017-03-08 06:21:00,2.100,32,2.3885121237995914
MID57,SID57,67,2017-03-08 06:21:00,3.500,34,2.1833588207803882
MID56,SID56,67,2017-03-08 06:21:00,1.750,32,2.0819900352591363
MID55,SID55,67,2017-03-08 06:21:00,2.800,33,2.1249806616474
MID54,SID54,67,2017-03-08 06:21:00,1.750,33,2.080812843177056
MID53,SID53,67,2017-03-08 06:21:00,2.450,29,2.457692056416023
MID52,SID52,67,2017-03-08 06:21:00,3.500,31,2.374445607221836
MID51,SID51,67,2017-03-08 06:21:00,3.150,34,2.3238382012670646
MID50,SID50,67,2017-03-08 06:21:00,1.750,28,2.104917713833485
MID69,SID69,67,2017-03-08 06:21:00,3.500,25,2.257835372418592
MID68,SID68,67,2017-03-08 06:21:00,2.450,26,2.410508491590466
MID67,SID67,67,2017-03-08 06:21:00,3.150,29,2.054497766021929
MID66,SID66,67,2017-03-08 06:21:00,2.100,32,2.3811497959284584
MID65,SID65,67,2017-03-08 06:21:00,3.150,30,2.1097737049497267
MID64,SID64,67,2017-03-08 06:21:00,2.800,26,2.0482566563108278
MID63,SID63,67,2017-03-08 06:21:00,2.100,28,2.3892809006498323
MID62,SID62,67,2017-03-08 06:21:00,3.500,31,2.255370910827622
MID61,SID61,67,2017-03-08 06:21:00,3.150,29,2.4297000756736535
MID60,SID60,67,2017-03-08 06:21:00,3.150,28,2.0704085450776435
MID39,SID39,67,2017-03-08 06:21:00,2.800,29,2.2422950730492577
MID38,SID38,67,2017-03-08 06:21:00,2.450,27,2.396262982350091
MID37,SID37,67,2017-03-08 06:21:00,2.800,31,2.092256238393354
MID36,SID36,67,2017-03-08 06:21:00,3.150,28,2.1758723153728163
MID35,SID35,67,2017-03-08 06:21:00,3.150,32,2.3685051860972246
MID34,SID34,67,2017-03-08 06:21:00,1.750,34,2.163775300708423
MID33,SID33,67,2017-03-08 06:21:00,3.500,33,2.283018480753993
MID32,SID32,67,2017-03-08 06:21:00,3.150,34,2.41646417576195
MID31,SID31,67,2017-03-08 06:21:00,1.750,25,2.2117360824369676
MID30,SID30,67,2017-03-08 06:21:00,2.450,30,2.178346719520048
MID49,SID49,67,2017-03-08 06:21:00,2.450,27,2.219175328221882
MID48,SID48,67,2017-03-08 06:21:00,3.150,26,2.281852966443445
MID47,SID47,67,2017-03-08 06:21:00,2.450,26,2.3194435635670096
MID46,SID46,67,2017-03-08 06:21:00,2.800,30,2.1706529707726956
MID45,SID45,67,2017-03-08 06:21:00,2.450,34,2.2794952292052684
MID44,SID44,67,2017-03-08 06:21:00,1.750,26,2.1652533089021206
MID43,SID43,67,2017-03-08 06:21:00,2.100,30,2.3954118614986406
MID42,SID42,67,2017-03-08 06:21:00,3.150,31,2.023682668768381
MID41,SID41,67,2017-03-08 06:21:00,3.150,33,2.1547399602532984
MID40,SID40,67,2017-03-08 06:21:00,3.500,31,2.316578559369423
MID19,SID19,67,2017-03-08 06:21:10,2.822,33,2.306661669000942
MID18,SID18,67,2017-03-08 06:21:10,2.469,33,2.3266180746211793
MID17,SID17,67,2017-03-08 06:21:10,2.822,31,2.2309681457590096
MID16,SID16,67,2017-03-08 06:21:10,2.469,31,2.0951059787441837
MID15,SID15,67,2017-03-08 06:21:10,1.764,34,2.1838489386960283
MID14,SID14,67,2017-03-08 06:21:10,2.822,31,2.3551259072632456
MID13,SID13,67,2017-03-08 06:21:10,3.175,33,2.280284304647809
MID12,SID12,67,2017-03-08 06:21:10,2.822,30,2.383177693041814
MID11,SID11,67,2017-03-08 06:21:10,3.528,33,2.365697237851105
MID99,SID99,67,2017-03-08 06:21:10,2.469,26,2.264060098284115
MID10,SID10,67,2017-03-08 06:21:10,1.764,33,2.281111006077487
MID98,SID98,67,2017-03-08 06:21:10,3.175,27,2.0835065654082228
MID97,SID97,67,2017-03-08 06:21:10,1.764,34,2.4297560436884553
MID96,SID96,67,2017-03-08 06:21:10,3.175,26,2.4163207171523338
MID95,SID95,67,2017-03-08 06:21:10,3.528,29,2.2262743377068643
MID94,SID94,67,2017-03-08 06:21:10,3.528,26,2.370758752639838
MID93,SID93,67,2017-03-08 06:21:10,3.528,29,2.0154908421044966
MID92,SID92,67,2017-03-08 06:21:10,2.469,27,2.3107380952803576
MID91,SID91,67,2017-03-08 06:21:10,3.528,28,2.1513043738438484
MID4,SID4,67,2017-03-08 06:21:10,1.764,29,2.223248720804326
MID5,SID5,67,2017-03-08 06:21:10,2.822,34,2.0293102700207886
MID6,SID6,67,2017-03-08 06:21:10,2.117,29,2.3512700079478495
MID7,SID7,67,2017-03-08 06:21:10,3.528,34,2.4763810497276872
MID1,SID1,67,2017-03-08 06:21:10,2.469,32,2.4703106639007553
MID2,SID2,67,2017-03-08 06:21:10,3.528,32,2.2713264543362643
MID3,SID3,67,2017-03-08 06:21:10,3.175,29,2.001966647071566
MID29,SID29,67,2017-03-08 06:21:10,3.175,26,2.0966021478703993
MID28,SID28,67,2017-03-08 06:21:10,2.469,32,2.1655522120495334
MID27,SID27,67,2017-03-08 06:21:10,2.117,29,2.212307143502203
MID26,SID26,67,2017-03-08 06:21:10,2.117,25,2.057285433431955
MID8,SID8,67,2017-03-08 06:21:10,2.469,25,2.208044673348706
MID25,SID25,67,2017-03-08 06:21:10,1.764,26,2.2340605070946653
MID9,SID9,67,2017-03-08 06:21:10,2.822,25,2.3719735964270794
MID24,SID24,67,2017-03-08 06:21:10,1.764,26,2.3183130343616547
MID23,SID23,67,2017-03-08 06:21:10,2.822,25,2.312787997041483
MID22,SID22,67,2017-03-08 06:21:10,2.469,31,2.0948933552207762
MID21,SID21,67,2017-03-08 06:21:10,2.117,25,2.0505403981795944
MID20,SID20,67,2017-03-08 06:21:10,2.469,26,2.0256423737254012
MID100,SID100,67,2017-03-08 06:21:10,2.822,27,2.439282866183873
MID79,SID79,67,2017-03-08 06:21:10,1.764,28,2.1438910596036993
MID78,SID78,67,2017-03-08 06:21:10,2.822,27,2.036495147722249
MID77,SID77,67,2017-03-08 06:21:10,1.764,26,2.079773803122617
MID76,SID76,67,2017-03-08 06:21:10,2.117,26,2.006311253876058
MID75,SID75,67,2017-03-08 06:21:10,2.469,30,2.001230455051478
MID74,SID74,67,2017-03-08 06:21:10,2.822,33,2.4691482870933026
MID73,SID73,67,2017-03-08 06:21:10,2.117,30,2.233012798473548
MID72,SID72,67,2017-03-08 06:21:10,3.528,28,2.227957598556387
MID71,SID71,67,2017-03-08 06:21:10,2.117,34,2.2377416101078227
MID70,SID70,67,2017-03-08 06:21:10,2.117,34,2.3167199426392697
MID90,SID90,67,2017-03-08 06:21:10,2.822,32,2.1985308008485576
MID89,SID89,67,2017-03-08 06:21:10,3.528,31,2.165836356357446
MID88,SID88,67,2017-03-08 06:21:10,2.822,29,2.183126099267208
MID87,SID87,67,2017-03-08 06:21:10,3.175,27,2.244603684022299
MID86,SID86,67,2017-03-08 06:21:10,2.117,33,2.395570700015959
MID85,SID85,67,2017-03-08 06:21:10,3.528,30,2.126555188549936
MID84,SID84,67,2017-03-08 06:21:10,2.117,29,2.1312085221625385
MID83,SID83,67,2017-03-08 06:21:10,2.117,30,2.257480725496031
MID82,SID82,67,2017-03-08 06:21:10,3.175,27,2.1283514911085124
MID81,SID81,67,2017-03-08 06:21:10,3.175,30,2.424023519012265
MID80,SID80,67,2017-03-08 06:21:10,3.175,29,2.2290328753271327
MID59,SID59,67,2017-03-08 06:21:10,2.117,34,2.0504393893935173
MID58,SID58,67,2017-03-08 06:21:10,2.117,26,2.317467559244961
MID57,SID57,67,2017-03-08 06:21:10,3.528,33,2.272450412905224
MID56,SID56,67,2017-03-08 06:21:10,1.764,29,2.1193719578927683
MID55,SID55,67,2017-03-08 06:21:10,2.822,27,2.342522823520441
MID54,SID54,67,2017-03-08 06:21:10,1.764,32,2.073042038637969
MID53,SID53,67,2017-03-08 06:21:10,2.469,33,2.098906308517349
MID52,SID52,67,2017-03-08 06:21:10,3.528,32,2.2203047130856883
MID51,SID51,67,2017-03-08 06:21:10,3.175,33,2.4436029344284083
MID50,SID50,67,2017-03-08 06:21:10,1.764,30,2.490461042988365
MID69,SID69,67,2017-03-08 06:21:10,3.528,34,2.267047103790556
MID68,SID68,67,2017-03-08 06:21:10,2.469,32,2.293106432335677
MID67,SID67,67,2017-03-08 06:21:10,3.175,30,2.469950571989841
MID66,SID66,67,2017-03-08 06:21:10,2.117,31,2.1814877633808445
MID65,SID65,67,2017-03-08 06:21:10,3.175,28,2.3246795633360984
MID64,SID64,67,2017-03-08 06:21:10,2.822,26,2.082977990185252
MID63,SID63,67,2017-03-08 06:21:10,2.117,27,2.4005006207562567
MID62,SID62,67,2017-03-08 06:21:10,3.528,29,2.0379303675599525
MID61,SID61,67,2017-03-08 06:21:10,3.175,25,2.1318486378871166
MID60,SID60,67,2017-03-08 06:21:10,3.175,33,2.3845679479410085
MID39,SID39,67,2017-03-08 06:21:10,2.822,29,2.3850721590033417
MID38,SID38,67,2017-03-08 06:21:10,2.469,25,2.1397932914459465
MID37,SID37,67,2017-03-08 06:21:10,2.822,31,2.2523852081283997
MID36,SID36,67,2017-03-08 06:21:10,3.175,27,2.162175486313278
MID35,SID35,67,2017-03-08 06:21:10,3.175,27,2.2924109959547447
MID34,SID34,67,2017-03-08 06:21:10,1.764,30,2.1243165809781774
MID33,SID33,67,2017-03-08 06:21:10,3.528,28,2.4532771888504765
MID32,SID32,67,2017-03-08 06:21:10,3.175,33,2.232776684342173
MID31,SID31,67,2017-03-08 06:21:10,1.764,32,2.015010475155838
MID30,SID30,67,2017-03-08 06:21:10,2.469,29,2.2097413907509345
MID49,SID49,67,2017-03-08 06:21:10,2.469,30,2.2080070059710337
MID48,SID48,67,2017-03-08 06:21:10,3.175,33,2.2987551728058677
MID47,SID47,67,2017-03-08 06:21:10,2.469,28,2.0008596920992185
MID46,SID46,67,2017-03-08 06:21:10,2.822,29,2.4889932564289587
MID45,SID45,67,2017-03-08 06:21:10,2.469,28,2.0426271007467416
MID44,SID44,67,2017-03-08 06:21:10,1.764,26,2.464402230436794
MID43,SID43,67,2017-03-08 06:21:10,2.117,31,2.1389883965008964
MID42,SID42,67,2017-03-08 06:21:10,3.175,33,2.014834776565963
MID41,SID41,67,2017-03-08 06:21:10,3.175,34,2.3436073309590864
MID40,SID40,67,2017-03-08 06:21:10,3.528,28,2.214380681239291
MID19,SID19,67,2017-03-08 06:21:20,2.844,29,2.154878549358178
MID18,SID18,67,2017-03-08 06:21:20,2.489,31,2.2417518325460524
MID17,SID17,67,2017-03-08 06:21:20,2.844,29,2.3884335125126905
MID16,SID16,67,2017-03-08 06:21:20,2.489,27,2.1501008114511633
MID15,SID15,67,2017-03-08 06:21:20,1.778,34,2.0049269470274553
MID14,SID14,67,2017-03-08 06:21:20,2.844,28,2.424667852301962
MID13,SID13,67,2017-03-08 06:21:20,3.200,26,2.366351246878131
MID12,SID12,67,2017-03-08 06:21:20,2.844,33,2.2189737825823386
MID11,SID11,67,2017-03-08 06:21:20,3.556,29,2.307327006273762
MID99,SID99,67,2017-03-08 06:21:20,2.489,26,2.136441228204903
MID10,SID10,67,2017-03-08 06:21:20,1.778,33,2.054052498995722
MID98,SID98,67,2017-03-08 06:21:20,3.200,32,2.0269162033485717
MID97,SID97,67,2017-03-08 06:21:20,1.778,33,2.3933576751115475
MID96,SID96,67,2017-03-08 06:21:20,3.200,34,2.082041594181561
MID95,SID95,67,2017-03-08 06:21:20,3.556,32,2.4029397661637035
MID94,SID94,67,2017-03-08 06:21:20,3.556,31,2.050390380449438
MID93,SID93,67,2017-03-08 06:21:20,3.556,34,2.408678122020019
MID92,SID92,67,2017-03-08 06:21:20,2.489,26,2.063501851809503
MID91,SID91,67,2017-03-08 06:21:20,3.556,32,2.3862790620107477
MID4,SID4,67,2017-03-08 06:21:20,1.778,30,2.3742227054462886
MID5,SID5,67,2017-03-08 06:21:20,2.844,33,2.3296638883822856
MID6,SID6,67,2017-03-08 06:21:20,2.133,34,2.015838571338542
MID7,SID7,67,2017-03-08 06:21:20,3.556,29,2.3987621656958344
MID1,SID1,67,2017-03-08 06:21:20,2.489,30,2.432018195256288
MID2,SID2,67,2017-03-08 06:21:20,3.556,28,2.1968571189259576
MID3,SID3,67,2017-03-08 06:21:20,3.200,34,2.2262589424580908
MID29,SID29,67,2017-03-08 06:21:20,3.200,31,2.2438673450921205
MID28,SID28,67,2017-03-08 06:21:20,2.489,34,2.0203344606435745
MID27,SID27,67,2017-03-08 06:21:20,2.133,27,2.2028479255966777
MID26,SID26,67,2017-03-08 06:21:20,2.133,28,2.208969798285287
MID8,SID8,67,2017-03-08 06:21:20,2.489,32,2.0837224870804643
MID25,SID25,67,2017-03-08 06:21:20,1.778,32,2.153470271193747
MID9,SID9,67,2017-03-08 06:21:20,2.844,27,2.0358473179169634
MID24,SID24,67,2017-03-08 06:21:20,1.778,32,2.252063900745131
MID23,SID23,67,2017-03-08 06:21:20,2.844,29,2.3853257582419145
MID22,SID22,67,2017-03-08 06:21:20,2.489,30,2.109005516156134
MID21,SID21,67,2017-03-08 06:21:20,2.133,25,2.0563093779634958
MID20,SID20,67,2017-03-08 06:21:20,2.489,34,2.236374837578317
MID100,SID100,67,2017-03-08 06:21:20,2.844,28,2.29074101561384
MID79,SID79,67,2017-03-08 06:21:20,1.778,32,2.256265704954718
MID78,SID78,67,2017-03-08 06:21:20,2.844,27,2.082192279617791
MID77,SID77,67,2017-03-08 06:21:20,1.778,30,2.0160797005858844
MID76,SID76,67,2017-03-08 06:21:20,2.133,25,2.16584920870664
MID75,SID75,67,2017-03-08 06:21:20,2.489,27,2.266918242087371
MID74,SID74,67,2017-03-08 06:21:20,2.844,30,2.0840192584490134
MID73,SID73,67,2017-03-08 06:21:20,2.133,34,2.3370592532880354
MID72,SID72,67,2017-03-08 06:21:20,3.556,26,2.005839878860931
MID71,SID71,67,2017-03-08 06:21:20,2.133,33,2.4024020606731598
MID70,SID70,67,2017-03-08 06:21:20,2.133,28,2.2002064814606186
MID90,SID90,67,2017-03-08 06:21:20,2.844,27,2.4638125823167676
MID89,SID89,67,2017-03-08 06:21:20,3.556,33,2.353925846231091
MID88,SID88,67,2017-03-08 06:21:20,2.844,27,2.052112004084097
MID87,SID87,67,2017-03-08 06:21:20,3.200,28,2.4286535796026474
MID86,SID86,67,2017-03-08 06:21:20,2.133,26,2.0872476459664013
MID85,SID85,67,2017-03-08 06:21:20,3.556,29,2.2564250194025965
MID84,SID84,67,2017-03-08 06:21:20,2.133,25,2.3275663260233084
MID83,SID83,67,2017-03-08 06:21:20,2.133,34,2.263882833171242
MID82,SID82,67,2017-03-08 06:21:20,3.200,30,2.4171035515629047
MID81,SID81,67,2017-03-08 06:21:20,3.200,34,2.3680248260295786
MID80,SID80,67,2017-03-08 06:21:20,3.200,33,2.400666351968935
MID59,SID59,67,2017-03-08 06:21:20,2.133,26,2.451272615667979
MID58,SID58,67,2017-03-08 06:21:20,2.133,27,2.1644165812036906
MID57,SID57,67,2017-03-08 06:21:20,3.556,32,2.4170514620683115
MID56,SID56,67,2017-03-08 06:21:20,1.778,28,2.31276395223369
MID55,SID55,67,2017-03-08 06:21:20,2.844,34,2.2935346346204395
MID54,SID54,67,2017-03-08 06:21:20,1.778,33,2.3490730835106386
MID53,SID53,67,2017-03-08 06:21:20,2.489,33,2.4042329887207172
MID52,SID52,67,2017-03-08 06:21:20,3.556,33,2.286238350683935
MID51,SID51,67,2017-03-08 06:21:20,3.200,25,2.2567705767846413
MID50,SID50,67,2017-03-08 06:21:20,1.778,30,2.2011810247954795
MID69,SID69,67,2017-03-08 06:21:20,3.556,29,2.183718406462888
MID68,SID68,67,2017-03-08 06:21:20,2.489,31,2.359442874831252
MID67,SID67,67,2017-03-08 06:21:20,3.200,30,2.1269553874899954
MID66,SID66,67,2017-03-08 06:21:20,2.133,32,2.208376674308911
MID65,SID65,67,2017-03-08 06:21:20,3.200,25,2.234027837172747
MID64,SID64,67,2017-03-08 06:21:20,2.844,30,2.237521145996604
MID63,SID63,67,2017-03-08 06:21:20,2.133,32,2.1607153474876624
MID62,SID62,67,2017-03-08 06:21:20,3.556,27,2.14817022475903
MID61,SID61,67,2017-03-08 06:21:20,3.200,34,2.0951166703946513
MID60,SID60,67,2017-03-08 06:21:20,3.200,31,2.221580298727458
MID39,SID39,67,2017-03-08 06:21:20,2.844,33,2.2405132987177843
MID38,SID38,67,2017-03-08 06:21:20,2.489,27,2.4441490431408446
MID37,SID37,67,2017-03-08 06:21:20,2.844,30,2.2193665270473044
MID36,SID36,67,2017-03-08 06:21:20,3.200,32,2.181517035095215
MID35,SID35,67,2017-03-08 06:21:20,3.200,30,2.2421706959156174
MID34,SID34,67,2017-03-08 06:21:20,1.778,28,2.1311504066227207
MID33,SID33,67,2017-03-08 06:21:20,3.556,31,2.4069789164062536
MID32,SID32,67,2017-03-08 06:21:20,3.200,32,2.2928015161971254
MID31,SID31,67,2017-03-08 06:21:20,1.778,29,2.336734291546115
MID30,SID30,67,2017-03-08 06:21:20,2.489,32,2.052509128831739
MID49,SID49,67,2017-03-08 06:21:20,2.489,34,2.1414289384969254
MID48,SID48,67,2017-03-08 06:21:20,3.200,29,2.332070121600706
MID47,SID47,67,2017-03-08 06:21:20,2.489,26,2.4865272841428956
MID46,SID46,67,2017-03-08 06:21:20,2.844,31,2.4174191196986223
MID45,SID45,67,2017-03-08 06:21:20,2.489,32,2.4606335081251474
MID44,SID44,67,2017-03-08 06:21:20,1.778,28,2.32719495732026
MID43,SID43,67,2017-03-08 06:21:20,2.133,30,2.0563077448034766
MID42,SID42,67,2017-03-08 06:21:20,3.200,25,2.230667222617739
MID41,SID41,67,2017-03-08 06:21:20,3.200,34,2.426347292185975
MID40,SID40,67,2017-03-08 06:21:20,3.556,29,2.4687320548982203
MID19,SID19,67,2017-03-08 06:21:30,2.867,26,2.096153699901999
MID18,SID18,67,2017-03-08 06:21:30,2.508,32,2.1225208867244434
MID17,SID17,67,2017-03-08 06:21:30,2.867,30,2.482939202751009
MID16,SID16,67,2017-03-08 06:21:30,2.508,32,2.0526924943637432
MID15,SID15,67,2017-03-08 06:21:30,1.792,34,2.4749001440218277
MID14,SID14,67,2017-03-08 06:21:30,2.867,34,2.434724069915841
MID13,SID13,67,2017-03-08 06:21:30,3.225,25,2.412573382249637
MID12,SID12,67,2017-03-08 06:21:30,2.867,34,2.215811835364158
MID11,SID11,67,2017-03-08 06:21:30,3.583,29,2.3400827609762853
MID99,SID99,67,2017-03-08 06:21:30,2.508,29,2.1047780910256284
MID10,SID10,67,2017-03-08 06:21:30,1.792,30,2.231922735749183
MID98,SID98,67,2017-03-08 06:21:30,3.225,29,2.091191023535681
MID97,SID97,67,2017-03-08 06:21:30,1.792,30,2.1900358079785733
MID96,SID96,67,2017-03-08 06:21:30,3.225,28,2.435590188793989
MID95,SID95,67,2017-03-08 06:21:30,3.583,31,2.2395826988442864
MID94,SID94,67,2017-03-08 06:21:30,3.583,33,2.029423239489513
MID93,SID93,67,2017-03-08 06:21:30,3.583,28,2.2050351282685954
MID92,SID92,67,2017-03-08 06:21:30,2.508,29,2.1809792524428087
MID91,SID91,67,2017-03-08 06:21:30,3.583,28,2.075286883839616
MID4,SID4,67,2017-03-08 06:21:30,1.792,25,2.1249956372103918
MID5,SID5,67,2017-03-08 06:21:30,2.867,25,2.371841133679172
MID6,SID6,67,2017-03-08 06:21:30,2.150,25,2.434991989860392
MID7,SID7,67,2017-03-08 06:21:30,3.583,33,2.084544464179291
MID1,SID1,67,2017-03-08 06:21:30,2.508,33,2.454678737485974
MID2,SID2,67,2017-03-08 06:21:30,3.583,30,2.0178212394738515
MID3,SID3,67,2017-03-08 06:21:30,3.225,31,2.1805690737413688
MID29,SID29,67,2017-03-08 06:21:30,3.225,33,2.037657740897943
MID28,SID28,67,2017-03-08 06:21:30,2.508,26,2.369822326163486
MID27,SID27,67,2017-03-08 06:21:30,2.150,34,2.2356183697971423
MID26,SID26,67,2017-03-08 06:21:30,2.150,26,2.3247520845892753
MID8,SID8,67,2017-03-08 06:21:30,2.508,26,2.4508339626585838
MID25,SID25,67,2017-03-08 06:21:30,1.792,26,2.265083828760218
MID9,SID9,67,2017-03-08 06:21:30,2.867,34,2.420364157845024
MID24,SID24,67,2017-03-08 06:21:30,1.792,34,2.1410319426744775
MID23,SID23,67,2017-03-08 06:21:30,2.867,32,2.0587318323788106
MID22,SID22,67,2017-03-08 06:21:30,2.508,25,2.219752259543912
MID21,SID21,67,2017-03-08 06:21:30,2.150,30,2.119939203747638
MID20,SID20,67,2017-03-08 06:21:30,2.508,32,2.3710293920736976
MID100,SID100,67,2017-03-08 06:21:30,2.867,28,2.1361289376162733
MID79,SID79,67,2017-03-08 06:21:30,1.792,30,2.234330204329933
MID78,SID78,67,2017-03-08 06:21:30,2.867,31,2.0182740276109397
MID77,SID77,67,2017-03-08 06:21:30,1.792,29,2.1801550491910806
MID76,SID76,67,2017-03-08 06:21:30,2.150,31,2.3329729420799095
MID75,SID75,67,2017-03-08 06:21:30,2.508,34,2.0345313817132498
MID74,SID74,67,2017-03-08 06:21:30,2.867,32,2.342205560852758
MID73,SID73,67,2017-03-08 06:21:30,2.150,26,2.0690395007445463
MID72,SID72,67,2017-03-08 06:21:30,3.583,26,2.1402731738993745
MID71,SID71,67,2017-03-08 06:21:30,2.150,27,2.102344136995316
MID70,SID70,67,2017-03-08 06:21:30,2.150,26,2.473440816951
MID90,SID90,67,2017-03-08 06:21:30,2.867,25,2.191336387788061
MID89,SID89,67,2017-03-08 06:21:30,3.583,33,2.0040304240528277
MID88,SID88,67,2017-03-08 06:21:30,2.867,30,2.2823830269418828
MID87,SID87,67,2017-03-08 06:21:30,3.225,34,2.44393801818043
MID86,SID86,67,2017-03-08 06:21:30,2.150,26,2.1899903698676972
MID85,SID85,67,2017-03-08 06:21:30,3.583,33,2.219398246848347
MID84,SID84,67,2017-03-08 06:21:30,2.150,32,2.3487895600860225
MID83,SID83,67,2017-03-08 06:21:30,2.150,33,2.017809583151341
MID82,SID82,67,2017-03-08 06:21:30,3.225,26,2.3838172176800736
MID81,SID81,67,2017-03-08 06:21:30,3.225,29,2.231528927479725
MID80,SID80,67,2017-03-08 06:21:30,3.225,25,2.474197942394579
MID59,SID59,67,2017-03-08 06:21:30,2.150,28,2.2647733177237632
MID58,SID58,67,2017-03-08 06:21:30,2.150,27,2.1589458814945157
MID57,SID57,67,2017-03-08 06:21:30,3.583,25,2.4477193030940296
MID56,SID56,67,2017-03-08 06:21:30,1.792,30,2.3047764418726917
MID55,SID55,67,2017-03-08 06:21:30,2.867,31,2.020241961985907
MID54,SID54,67,2017-03-08 06:21:30,1.792,32,2.4654284858489564
MID53,SID53,67,2017-03-08 06:21:30,2.508,32,2.085070587931935
MID52,SID52,67,2017-03-08 06:21:30,3.583,26,2.182332303756124
MID51,SID51,67,2017-03-08 06:21:30,3.225,31,2.158077225720254
MID50,SID50,67,2017-03-08 06:21:30,1.792,32,2.294816281889889
MID69,SID69,67,2017-03-08 06:21:30,3.583,28,2.3077898538349384
MID68,SID68,67,2017-03-08 06:21:30,2.508,33,2.2249814569097044
MID67,SID67,67,2017-03-08 06:21:30,3.225,34,2.263186685377046
MID66,SID66,67,2017-03-08 06:21:30,2.150,29,2.183336425637293
MID65,SID65,67,2017-03-08 06:21:30,3.225,31,2.357012329964372
MID64,SID64,67,2017-03-08 06:21:30,2.867,27,2.3695637151683746
MID63,SID63,67,2017-03-08 06:21:30,2.150,31,2.202309763148477
MID62,SID62,67,2017-03-08 06:21:30,3.583,26,2.4622183965285065
MID61,SID61,67,2017-03-08 06:21:30,3.225,28,2.472434893056845
MID60,SID60,67,2017-03-08 06:21:30,3.225,32,2.396998679387164
MID39,SID39,67,2017-03-08 06:21:30,2.867,28,2.1755402974623705
MID38,SID38,67,2017-03-08 06:21:30,2.508,25,2.3835084454745092
MID37,SID37,67,2017-03-08 06:21:30,2.867,28,2.0019887395403675
MID36,SID36,67,2017-03-08 06:21:30,3.225,32,2.2860272081031123
MID35,SID35,67,2017-03-08 06:21:30,3.225,30,2.0199835437501905
MID34,SID34,67,2017-03-08 06:21:30,1.792,30,2.2105564856204563
MID33,SID33,67,2017-03-08 06:21:30,3.583,27,2.446692548159728
MID32,SID32,67,2017-03-08 06:21:30,3.225,33,2.21688431661006
MID31,SID31,67,2017-03-08 06:21:30,1.792,34,2.0503897655958436
MID30,SID30,67,2017-03-08 06:21:30,2.508,30,2.1231816550503515
MID49,SID49,67,2017-03-08 06:21:30,2.508,25,2.3592310558443583
MID48,SID48,67,2017-03-08 06:21:30,3.225,32,2.331213484307322
MID47,SID47,67,2017-03-08 06:21:30,2.508,30,2.138596836022893
MID46,SID46,67,2017-03-08 06:21:30,2.867,34,2.225737469009789
MID45,SID45,67,2017-03-08 06:21:30,2.508,25,2.0702178591561533
MID44,SID44,67,2017-03-08 06:21:30,1.792,25,2.411332832145431
MID43,SID43,67,2017-03-08 06:21:30,2.150,28,2.043975889843722
MID42,SID42,67,2017-03-08 06:21:30,3.225,29,2.3235274121941205
MID41,SID41,67,2017-03-08 06:21:30,3.225,30,2.484700854181899
MID40,SID40,67,2017-03-08 06:21:30,3.583,28,2.3691360292086894
MID19,SID19,67,2017-03-08 06:21:40,2.889,26,2.235580002182147
MID18,SID18,67,2017-03-08 06:21:40,2.528,32,2.4010057136271947
MID17,SID17,67,2017-03-08 06:21:40,2.889,28,2.2247105433073777
MID16,SID16,67,2017-03-08 06:21:40,2.528,34,2.2947539009054387
MID15,SID15,67,2017-03-08 06:21:40,1.806,29,2.30799897530284
MID14,SID14,67,2017-03-08 06:21:40,2.889,25,2.213523435648104
MID13,SID13,67,2017-03-08 06:21:40,3.250,34,2.445952515249022
MID12,SID12,67,2017-03-08 06:21:40,2.889,30,2.235463781142496
MID11,SID11,67,2017-03-08 06:21:40,3.611,34,2.223507115371434
MID99,SID99,67,2017-03-08 06:21:40,2.528,25,2.1829341454461586
MID10,SID10,67,2017-03-08 06:21:40,1.806,31,2.3962121286597027
MID98,SID98,67,2017-03-08 06:21:40,3.250,25,2.46647763708022
MID97,SID97,67,2017-03-08 06:21:40,1.806,26,2.4958826368840032
MID96,SID96,67,2017-03-08 06:21:40,3.250,31,2.4238005187541773
MID95,SID95,67,2017-03-08 06:21:40,3.611,30,2.1943446807703166
MID94,SID94,67,2017-03-08 06:21:40,3.611,32,2.214382653692306
MID93,SID93,67,2017-03-08 06:21:40,3.611,32,2.1585200681988934
MID92,SID92,67,2017-03-08 06:21:40,2.528,28,2.090313518436198
MID91,SID91,67,2017-03-08 06:21:40,3.611,31,2.231483894908286
MID4,SID4,67,2017-03-08 06:21:40,1.806,28,2.152486892255435
MID5,SID5,67,2017-03-08 06:21:40,2.889,33,2.3778314319087923
MID6,SID6,67,2017-03-08 06:21:40,2.167,33,2.473428953256345
MID7,SID7,67,2017-03-08 06:21:40,3.611,26,2.1436400885943745
MID1,SID1,67,2017-03-08 06:21:40,2.528,30,2.457692141425432
MID2,SID2,67,2017-03-08 06:21:40,3.611,34,2.1845926300380567
MID3,SID3,67,2017-03-08 06:21:40,3.250,27,2.026145445577595
MID29,SID29,67,2017-03-08 06:21:40,3.250,27,2.36326049104926
MID28,SID28,67,2017-03-08 06:21:40,2.528,29,2.1010556673707184
MID27,SID27,67,2017-03-08 06:21:40,2.167,28,2.208812850100312
MID26,SID26,67,2017-03-08 06:21:40,2.167,31,2.277601369651056
MID8,SID8,67,2017-03-08 06:21:40,2.528,34,2.3076157721269204
MID25,SID25,67,2017-03-08 06:21:40,1.806,25,2.3779736532872557
MID9,SID9,67,2017-03-08 06:21:40,2.889,31,2.3169749594693383
MID24,SID24,67,2017-03-08 06:21:40,1.806,28,2.0342043864264503
MID23,SID23,67,2017-03-08 06:21:40,2.889,25,2.06404502598662
MID22,SID22,67,2017-03-08 06:21:40,2.528,27,2.4505824899875734
MID21,SID21,67,2017-03-08 06:21:40,2.167,27,2.3529510174014607
MID20,SID20,67,2017-03-08 06:21:40,2.528,32,2.3638141258783887
MID100,SID100,67,2017-03-08 06:21:40,2.889,32,2.43822659248206
MID79,SID79,67,2017-03-08 06:21:40,1.806,34,2.289340356485216
MID78,SID78,67,2017-03-08 06:21:40,2.889,34,2.380697088131672
MID77,SID77,67,2017-03-08 06:21:40,1.806,26,2.1951351664390972
MID76,SID76,67,2017-03-08 06:21:40,2.167,31,2.450291051388932
MID75,SID75,67,2017-03-08 06:21:40,2.528,25,2.1876919193099793
MID74,SID74,67,2017-03-08 06:21:40,2.889,28,2.2152591777891844
MID73,SID73,67,2017-03-08 06:21:40,2.167,31,2.1958005666700786
MID72,SID72,67,2017-03-08 06:21:40,3.611,29,2.1937239679808918
MID71,SID71,67,2017-03-08 06:21:40,2.167,29,2.4605987047598434
MID70,SID70,67,2017-03-08 06:21:40,2.167,26,2.0480964689913934
MID90,SID90,67,2017-03-08 06:21:40,2.889,31,2.443563151194732
MID89,SID89,67,2017-03-08 06:21:40,3.611,34,2.4071350353652647
MID88,SID88,67,2017-03-08 06:21:40,2.889,31,2.129102344950824
MID87,SID87,67,2017-03-08 06:21:40,3.250,33,2.181593391430551
MID86,SID86,67,2017-03-08 06:21:40,2.167,25,2.3518458040150736
MID85,SID85,67,2017-03-08 06:21:40,3.611,26,2.270193376165784
MID84,SID84,67,2017-03-08 06:21:40,2.167,32,2.370726534034804
MID83,SID83,67,2017-03-08 06:21:40,2.167,26,2.177510915624925
MID82,SID82,67,2017-03-08 06:21:40,3.250,33,2.148122292019365
MID81,SID81,67,2017-03-08 06:21:40,3.250,27,2.328421874388066
MID80,SID80,67,2017-03-08 06:21:40,3.250,28,2.3122863378633847
MID59,SID59,67,2017-03-08 06:21:40,2.167,30,2.192962646940777
MID58,SID58,67,2017-03-08 06:21:40,2.167,28,2.0266136043856244
MID57,SID57,67,2017-03-08 06:21:40,3.611,29,2.0283985848691386
MID56,SID56,67,2017-03-08 06:21:40,1.806,28,2.3220247289528078
MID55,SID55,67,2017-03-08 06:21:40,2.889,33,2.275592462557908
MID54,SID54,67,2017-03-08 06:21:40,1.806,27,2.0461753983060076
MID53,SID53,67,2017-03-08 06:21:40,2.528,29,2.1350452984648447
MID52,SID52,67,2017-03-08 06:21:40,3.611,28,2.0851140430949817
MID51,SID51,67,2017-03-08 06:21:40,3.250,30,2.100690916200511
MID50,SID50,67,2017-03-08 06:21:40,1.806,31,2.064452582946979
MID69,SID69,67,2017-03-08 06:21:40,3.611,28,2.2349901799449423
MID68,SID68,67,2017-03-08 06:21:40,2.528,28,2.024862375910759
MID67,SID67,67,2017-03-08 06:21:40,3.250,34,2.16710866646706
MID66,SID66,67,2017-03-08 06:21:40,2.167,31,2.3700174986488594
MID65,SID65,67,2017-03-08 06:21:40,3.250,34,2.024285867546019
MID64,SID64,67,2017-03-08 06:21:40,2.889,29,2.0832286957064343
MID63,SID63,67,2017-03-08 06:21:40,2.167,33,2.0023882640397006
MID62,SID62,67,2017-03-08 06:21:40,3.611,28,2.0375924569373
MID61,SID61,67,2017-03-08 06:21:40,3.250,27,2.444321575404648
MID60,SID60,67,2017-03-08 06:21:40,3.250,25,2.2712837812753337
MID39,SID39,67,2017-03-08 06:21:40,2.889,32,2.2246042816474905
MID38,SID38,67,2017-03-08 06:21:40,2.528,28,2.0454530676555507
MID37,SID37,67,2017-03-08 06:21:40,2.889,34,2.2288564020558503
MID36,SID36,67,2017-03-08 06:21:40,3.250,30,2.3354941317403797
MID35,SID35,67,2017-03-08 06:21:40,3.250,33,2.2172162756443403
MID34,SID34,67,2017-03-08 06:21:40,1.806,30,2.162298430474179
MID33,SID33,67,2017-03-08 06:21:40,3.611,29,2.1004967335626326
MID32,SID32,67,2017-03-08 06:21:40,3.250,34,2.4826479051877075
MID31,SID31,67,2017-03-08 06:21:40,1.806,25,2.438968456721212
MID30,SID30,67,2017-03-08 06:21:40,2.528,28,2.428206127646152
MID49,SID49,67,2017-03-08 06:21:40,2.528,30,2.058806439543254
MID48,SID48,67,2017-03-08 06:21:40,3.250,29,2.197572622448412
MID47,SID47,67,2017-03-08 06:21:40,2.528,31,2.3108750410965513
MID46,SID46,67,2017-03-08 06:21:40,2.889,32,2.469388468654645
MID45,SID45,67,2017-03-08 06:21:40,2.528,32,2.4843963914619804
MID44,SID44,67,2017-03-08 06:21:40,1.806,32,2.335886013034779
MID43,SID43,67,2017-03-08 06:21:40,2.167,32,2.2550420857672693
MID42,SID42,67,2017-03-08 06:21:40,3.250,34,2.310456366570355
MID41,SID41,67,2017-03-08 06:21:40,3.250,31,2.207623829079341
MID40,SID40,67,2017-03-08 06:21:40,3.611,31,2.4387616891935595
MID19,SID19,67,2017-03-08 06:21:50,2.911,34,2.208423115102087
MID18,SID18,67,2017-03-08 06:21:50,2.547,29,2.3462140402236513
MID17,SID17,67,2017-03-08 06:21:50,2.911,29,2.2729586541148907
MID16,SID16,67,2017-03-08 06:21:50,2.547,28,2.172107598820085
MID15,SID15,67,2017-03-08 06:21:50,1.819,28,2.0928477405720436
MID14,SID14,67,2017-03-08 06:21:50,2.911,30,2.3715429778883568
MID13,SID13,67,2017-03-08 06:21:50,3.275,30,2.026301589095819
MID12,SID12,67,2017-03-08 06:21:50,2.911,33,2.07546955118014
MID11,SID11,67,2017-03-08 06:21:50,3.639,29,2.0666094419017247
MID99,SID99,67,2017-03-08 06:21:50,2.547,28,2.21398991882394
MID10,SID10,67,2017-03-08 06:21:50,1.819,25,2.1201631160386074
MID98,SID98,67,2017-03-08 06:21:50,3.275,32,2.247820129180117
MID97,SID97,67,2017-03-08 06:21:50,1.819,27,2.174221726013028
MID96,SID96,67,2017-03-08 06:21:50,3.275,29,2.4654264578628062
MID95,SID95,67,2017-03-08 06:21:50,3.639,26,2.325436651474219
MID94,SID94,67,2017-03-08 06:21:50,3.639,27,2.4669772906824874
MID93,SID93,67,2017-03-08 06:21:50,3.639,25,2.1424322497444237
MID92,SID92,67,2017-03-08 06:21:50,2.547,26,2.418957261262392
MID91,SID91,67,2017-03-08 06:21:50,3.639,34,2.49576254637985
MID4,SID4,67,2017-03-08 06:21:50,1.819,34,2.260762146560895
MID5,SID5,67,2017-03-08 06:21:50,2.911,32,2.060631586999209
MID6,SID6,67,2017-03-08 06:21:50,2.183,33,2.1489928493545607
MID7,SID7,67,2017-03-08 06:21:50,3.639,27,2.3654575721887223
MID1,SID1,67,2017-03-08 06:21:50,2.547,31,2.1266375386491996
MID2,SID2,67,2017-03-08 06:21:50,3.639,30,2.194907587326681
MID3,SID3,67,2017-03-08 06:21:50,3.275,25,2.377631630000054
MID29,SID29,67,2017-03-08 06:21:50,3.275,33,2.1725227391522646
MID28,SID28,67,2017-03-08 06:21:50,2.547,33,2.322591154930591
MID27,SID27,67,2017-03-08 06:21:50,2.183,33,2.2860009355522712
MID26,SID26,67,2017-03-08 06:21:50,2.183,28,2.1678609561214026
MID8,SID8,67,2017-03-08 06:21:50,2.547,28,2.068288337603169
MID25,SID25,67,2017-03-08 06:21:50,1.819,25,2.3962031156066517
MID9,SID9,67,2017-03-08 06:21:50,2.911,33,2.0929411430092912
MID24,SID24,67,2017-03-08 06:21:50,1.819,29,2.4609906858017427
MID23,SID23,67,2017-03-08 06:21:50,2.911,29,2.1538138460648657
MID22,SID22,67,2017-03-08 06:21:50,2.547,28,2.15840991739515
MID21,SID21,67,2017-03-08 06:21:50,2.183,26,2.3453890624833806
MID20,SID20,67,2017-03-08 06:21:50,2.547,27,2.3704073363291145
MID100,SID100,67,2017-03-08 06:21:50,2.911,34,2.106447575924474
MID79,SID79,67,2017-03-08 06:21:50,1.819,29,2.266073416403392
MID78,SID78,67,2017-03-08 06:21:50,2.911,25,2.013302744365526
MID77,SID77,67,2017-03-08 06:21:50,1.819,34,2.037754989445133
MID76,SID76,67,2017-03-08 06:21:50,2.183,32,2.015076425995554
MID75,SID75,67,2017-03-08 06:21:50,2.547,32,2.072150852284225
MID74,SID74,67,2017-03-08 06:21:50,2.911,29,2.376416308959904
MID73,SID73,67,2017-03-08 06:21:50,2.183,33,2.475191485356629
MID72,SID72,67,2017-03-08 06:21:50,3.639,29,2.273443216628523
MID71,SID71,67,2017-03-08 06:21:50,2.183,26,2.201948438687326
MID70,SID70,67,2017-03-08 06:21:50,2.183,29,2.4848053867436497
MID90,SID90,67,2017-03-08 06:21:50,2.911,25,2.423548203697401
MID89,SID89,67,2017-03-08 06:21:50,3.639,33,2.090306310755584
MID88,SID88,67,2017-03-08 06:21:50,2.911,28,2.079015765714525
MID87,SID87,67,2017-03-08 06:21:50,3.275,30,2.0325056026525754
MID86,SID86,67,2017-03-08 06:21:50,2.183,33,2.4605439266128437
MID85,SID85,67,2017-03-08 06:21:50,3.639,30,2.2318346272525798
MID84,SID84,67,2017-03-08 06:21:50,2.183,25,2.3882430419973546
MID83,SID83,67,2017-03-08 06:21:50,2.183,31,2.1676678563808935
MID82,SID82,67,2017-03-08 06:21:50,3.275,34,2.3382957210046826
MID81,SID81,67,2017-03-08 06:21:50,3.275,34,2.001818644862624
MID80,SID80,67,2017-03-08 06:21:50,3.275,27,2.107480405479927
MID59,SID59,67,2017-03-08 06:21:50,2.183,31,2.2485821283176755
MID58,SID58,67,2017-03-08 06:21:50,2.183,26,2.151722759624638
MID57,SID57,67,2017-03-08 06:21:50,3.639,29,2.122505924685687
MID56,SID56,67,2017-03-08 06:21:50,1.819,27,2.400700189112355
MID55,SID55,67,2017-03-08 06:21:50,2.911,30,2.3547032819101315
MID54,SID54,67,2017-03-08 06:21:50,1.819,30,2.294512290961168
MID53,SID53,67,2017-03-08 06:21:50,2.547,28,2.3651886543171994
MID52,SID52,67,2017-03-08 06:21:50,3.639,29,2.1256298160584954
MID51,SID51,67,2017-03-08 06:21:50,3.275,29,2.4308255731765263
MID50,SID50,67,2017-03-08 06:21:50,1.819,28,2.2832669088734163
MID69,SID69,67,2017-03-08 06:21:50,3.639,27,2.3979496956806154
MID68,SID68,67,2017-03-08 06:21:50,2.547,34,2.161358297547809
MID67,SID67,67,2017-03-08 06:21:50,3.275,25,2.071682659027224
MID66,SID66,67,2017-03-08 06:21:50,2.183,31,2.148666462900782
MID65,SID65,67,2017-03-08 06:21:50,3.275,34,2.4965772189894895
MID64,SID64,67,2017-03-08 06:21:50,2.911,33,2.4663890973062377
MID63,SID63,67,2017-03-08 06:21:50,2.183,27,2.2042048019918328
MID62,SID62,67,2017-03-08 06:21:50,3.639,27,2.122128022535586
MID61,SID61,67,2017-03-08 06:21:50,3.275,25,2.4646094375460246
MID60,SID60,67,2017-03-08 06:21:50,3.275,25,2.0846160038979553
MID39,SID39,67,2017-03-08 06:21:50,2.911,34,2.443531749296243
MID38,SID38,67,2017-03-08 06:21:50,2.547,32,2.385565243668191
MID37,SID37,67,2017-03-08 06:21:50,2.911,27,2.236539806098811
MID36,SID36,67,2017-03-08 06:21:50,3.275,33,2.483222993021527
MID35,SID35,67,2017-03-08 06:21:50,3.275,31,2.0397882505433262
MID34,SID34,67,2017-03-08 06:21:50,1.819,28,2.337050122641932
MID33,SID33,67,2017-03-08 06:21:50,3.639,33,2.006555514112521
MID32,SID32,67,2017-03-08 06:21:50,3.275,31,2.0131609081889312
MID31,SID31,67,2017-03-08 06:21:50,1.819,32,2.3922583422879167
MID30,SID30,67,2017-03-08 06:21:50,2.547,28,2.3292423264457454
MID49,SID49,67,2017-03-08 06:21:50,2.547,32,2.3874485602866584
MID48,SID48,67,2017-03-08 06:21:50,3.275,30,2.132205086267094
MID47,SID47,67,2017-03-08 06:21:50,2.547,25,2.4996472077860874
MID46,SID46,67,2017-03-08 06:21:50,2.911,25,2.235550507742885
MID45,SID45,67,2017-03-08 06:21:50,2.547,30,2.0717404952421363
MID44,SID44,67,2017-03-08 06:21:50,1.819,31,2.035315975686751
MID43,SID43,67,2017-03-08 06:21:50,2.183,29,2.0665778959004717
MID42,SID42,67,2017-03-08 06:21:50,3.275,31,2.0254225921613833
MID41,SID41,67,2017-03-08 06:21:50,3.275,32,2.127588919828977
MID40,SID40,67,2017-03-08 06:21:50,3.639,26,2.0403330527491956
MID19,SID19,67,2017-03-08 06:22:00,2.933,27,2.0143653233422847
MID18,SID18,67,2017-03-08 06:22:00,2.567,33,2.023560933908212
MID17,SID17,67,2017-03-08 06:22:00,2.933,25,2.156411838021384
MID16,SID16,67,2017-03-08 06:22:00,2.567,33,2.173801170724389
MID15,SID15,67,2017-03-08 06:22:00,1.833,34,2.419606862339469
MID14,SID14,67,2017-03-08 06:22:00,2.933,28,2.136102811780814
MID13,SID13,67,2017-03-08 06:22:00,3.300,30,2.0725706354311657
MID12,SID12,67,2017-03-08 06:22:00,2.933,28,2.2515048443324703
MID11,SID11,67,2017-03-08 06:22:00,3.667,28,2.0553253175338995
MID99,SID99,67,2017-03-08 06:22:00,2.567,34,2.251601441901065
MID10,SID10,67,2017-03-08 06:22:00,1.833,29,2.4564070589264344
MID98,SID98,67,2017-03-08 06:22:00,3.300,32,2.0821218180101293
MID97,SID97,67,2017-03-08 06:22:00,1.833,28,2.1015889316134686
MID96,SID96,67,2017-03-08 06:22:00,3.300,30,2.2733073789397267
MID95,SID95,67,2017-03-08 06:22:00,3.667,27,2.2334716186492556
MID94,SID94,67,2017-03-08 06:22:00,3.667,26,2.2983313058036403
MID93,SID93,67,2017-03-08 06:22:00,3.667,28,2.141054314898757
MID92,SID92,67,2017-03-08 06:22:00,2.567,33,2.479116679655712
MID91,SID91,67,2017-03-08 06:22:00,3.667,31,2.310329913098789
MID4,SID4,67,2017-03-08 06:22:00,1.833,30,2.0012483594375157
MID5,SID5,67,2017-03-08 06:22:00,2.933,34,2.340062791256595
MID6,SID6,67,2017-03-08 06:22:00,2.200,31,2.4747133956915297
MID7,SID7,67,2017-03-08 06:22:00,3.667,28,2.2682931773879544
MID1,SID1,67,2017-03-08 06:22:00,2.567,26,2.1239586417188185
MID2,SID2,67,2017-03-08 06:22:00,3.667,30,2.276210932240473
MID3,SID3,67,2017-03-08 06:22:00,3.300,26,2.4310823290793726
MID29,SID29,67,2017-03-08 06:22:00,3.300,30,2.0946099555688584
MID28,SID28,67,2017-03-08 06:22:00,2.567,29,2.3224265235731365
MID27,SID27,67,2017-03-08 06:22:00,2.200,34,2.3987594307220284
MID26,SID26,67,2017-03-08 06:22:00,2.200,30,2.2640749422739184
MID8,SID8,67,2017-03-08 06:22:00,2.567,33,2.0986683937758905
MID25,SID25,67,2017-03-08 06:22:00,1.833,34,2.418117549627854
MID9,SID9,67,2017-03-08 06:22:00,2.933,28,2.3317848277819233
MID24,SID24,67,2017-03-08 06:22:00,1.833,25,2.099189468640196
MID23,SID23,67,2017-03-08 06:22:00,2.933,26,2.153453180104028
MID22,SID22,67,2017-03-08 06:22:00,2.567,30,2.1684074217142113
MID21,SID21,67,2017-03-08 06:22:00,2.200,33,2.1352728661509675
MID20,SID20,67,2017-03-08 06:22:00,2.567,29,2.1737906462045564
MID100,SID100,67,2017-03-08 06:22:00,2.933,27,2.41774588562374
MID79,SID79,67,2017-03-08 06:22:00,1.833,26,2.1447811563782713
MID78,SID78,67,2017-03-08 06:22:00,2.933,32,2.2866979139242947
MID77,SID77,67,2017-03-08 06:22:00,1.833,25,2.0222761691186446
MID76,SID76,67,2017-03-08 06:22:00,2.200,28,2.299429502643173
MID75,SID75,67,2017-03-08 06:22:00,2.567,34,2.2845898804877667
MID74,SID74,67,2017-03-08 06:22:00,2.933,25,2.045953718083996
MID73,SID73,67,2017-03-08 06:22:00,2.200,26,2.164653426837868
MID72,SID72,67,2017-03-08 06:22:00,3.667,28,2.0128724225517685
MID71,SID71,67,2017-03-08 06:22:00,2.200,31,2.118352664498156
MID70,SID70,67,2017-03-08 06:22:00,2.200,30,2.0808367647942037
MID90,SID90,67,2017-03-08 06:22:00,2.933,26,2.1464765074462977
MID89,SID89,67,2017-03-08 06:22:00,3.667,32,2.204218735476547
MID88,SID88,67,2017-03-08 06:22:00,2.933,30,2.0176399608045705
MID87,SID87,67,2017-03-08 06:22:00,3.300,34,2.4808360790836588
MID86,SID86,67,2017-03-08 06:22:00,2.200,30,2.2001976623661017
MID85,SID85,67,2017-03-08 06:22:00,3.667,34,2.2346198430403224
MID84,SID84,67,2017-03-08 06:22:00,2.200,32,2.3710022734591614
MID83,SID83,67,2017-03-08 06:22:00,2.200,28,2.4397166898007345
MID82,SID82,67,2017-03-08 06:22:00,3.300,30,2.0134911397994557
MID81,SID81,67,2017-03-08 06:22:00,3.300,30,2.042359103932783
MID80,SID80,67,2017-03-08 06:22:00,3.300,30,2.115507007149532
MID59,SID59,67,2017-03-08 06:22:00,2.200,29,2.1425827918770644
MID58,SID58,67,2017-03-08 06:22:00,2.200,34,2.225803879053847
MID57,SID57,67,2017-03-08 06:22:00,3.667,34,2.0859754266517903
MID56,SID56,67,2017-03-08 06:22:00,1.833,25,2.2039099259301684
MID55,SID55,67,2017-03-08 06:22:00,2.933,28,2.034193560107982
MID54,SID54,67,2017-03-08 06:22:00,1.833,34,2.479912124407586
MID53,SID53,67,2017-03-08 06:22:00,2.567,31,2.231485226737664
MID52,SID52,67,2017-03-08 06:22:00,3.667,25,2.00947374938349
MID51,SID51,67,2017-03-08 06:22:00,3.300,30,2.034931774061281
MID50,SID50,67,2017-03-08 06:22:00,1.833,26,2.438720244941629
MID69,SID69,67,2017-03-08 06:22:00,3.667,30,2.3041560734985236
MID68,SID68,67,2017-03-08 06:22:00,2.567,33,2.335707610878069
MID67,SID67,67,2017-03-08 06:22:00,3.300,31,2.1441095785764013
MID66,SID66,67,2017-03-08 06:22:00,2.200,26,2.1409573683463536
MID65,SID65,67,2017-03-08 06:22:00,3.300,26,2.4797625150619815
MID64,SID64,67,2017-03-08 06:22:00,2.933,28,2.21800345470413
MID63,SID63,67,2017-03-08 06:22:00,2.200,33,2.4099244480018553
MID62,SID62,67,2017-03-08 06:22:00,3.667,25,2.244838645525458
MID61,SID61,67,2017-03-08 06:22:00,3.300,27,2.081144545404497
MID60,SID60,67,2017-03-08 06:22:00,3.300,30,2.3064871856440528
MID39,SID39,67,2017-03-08 06:22:00,2.933,34,2.1019083565798726
MID38,SID38,67,2017-03-08 06:22:00,2.567,28,2.211529502865023
MID37,SID37,67,2017-03-08 06:22:00,2.933,32,2.3250534169590518
MID36,SID36,67,2017-03-08 06:22:00,3.300,32,2.197424330254322
MID35,SID35,67,2017-03-08 06:22:00,3.300,29,2.124751627789098
MID34,SID34,67,2017-03-08 06:22:00,1.833,25,2.0975450089036345
MID33,SID33,67,2017-03-08 06:22:00,3.667,33,2.1623229893841702
MID32,SID32,67,2017-03-08 06:22:00,3.300,32,2.3885713642989725
MID31,SID31,67,2017-03-08 06:22:00,1.833,32,2.417458531287406
MID30,SID30,67,2017-03-08 06:22:00,2.567,29,2.0630636588149067
MID49,SID49,67,2017-03-08 06:22:00,2.567,34,2.4007291379343942
MID48,SID48,67,2017-03-08 06:22:00,3.300,25,2.2338768531788116
MID47,SID47,67,2017-03-08 06:22:00,2.567,32,2.347585282468756
MID46,SID46,67,2017-03-08 06:22:00,2.933,26,2.2838371193539935
MID45,SID45,67,2017-03-08 06:22:00,2.567,27,2.288644989928063
MID44,SID44,67,2017-03-08 06:22:00,1.833,29,2.422503297027891
MID43,SID43,67,2017-03-08 06:22:00,2.200,26,2.3444045041447246
MID42,SID42,67,2017-03-08 06:22:00,3.300,30,2.307592773479815
MID41,SID41,67,2017-03-08 06:22:00,3.300,29,2.4441663864589485
MID40,SID40,67,2017-03-08 06:22:00,3.667,30,2.031351009961644
MID19,SID19,67,2017-03-08 06:22:10,2.956,32,2.3263776624215255
MID18,SID18,67,2017-03-08 06:22:10,2.586,31,2.039277172915494
MID17,SID17,67,2017-03-08 06:22:10,2.956,32,2.252184221006765
MID16,SID16,67,2017-03-08 06:22:10,2.586,32,2.302840280944454
MID15,SID15,67,2017-03-08 06:22:10,1.847,31,2.3429198001034997
MID14,SID14,67,2017-03-08 06:22:10,2.956,30,2.359130867344012
MID13,SID13,67,2017-03-08 06:22:10,3.325,25,2.0437084179317173
MID12,SID12,67,2017-03-08 06:22:10,2.956,31,2.2458156999376717
MID11,SID11,67,2017-03-08 06:22:10,3.694,25,2.2313395259847786
MID99,SID99,67,2017-03-08 06:22:10,2.586,34,2.0179674023378404
MID10,SID10,67,2017-03-08 06:22:10,1.847,31,2.498932281394644
MID98,SID98,67,2017-03-08 06:22:10,3.325,28,2.03091220363457
MID97,SID97,67,2017-03-08 06:22:10,1.847,33,2.248151882900465
MID96,SID96,67,2017-03-08 06:22:10,3.325,25,2.1042125559357743
MID95,SID95,67,2017-03-08 06:22:10,3.694,26,2.454439835409292
MID94,SID94,67,2017-03-08 06:22:10,3.694,32,2.2098742030162075
MID93,SID93,67,2017-03-08 06:22:10,3.694,32,2.4129400342203304
MID92,SID92,67,2017-03-08 06:22:10,2.586,27,2.402340822846231
MID91,SID91,67,2017-03-08 06:22:10,3.694,25,2.1260235568542747
MID4,SID4,67,2017-03-08 06:22:10,1.847,33,2.268002247383107
MID5,SID5,67,2017-03-08 06:22:10,2.956,26,2.079166167260142
MID6,SID6,67,2017-03-08 06:22:10,2.217,28,2.3126598684026134
MID7,SID7,67,2017-03-08 06:22:10,3.694,30,2.3103528400374618
MID1,SID1,67,2017-03-08 06:22:10,2.586,25,2.4295599021737724
MID2,SID2,67,2017-03-08 06:22:10,3.694,30,2.230698132422572
MID3,SID3,67,2017-03-08 06:22:10,3.325,32,2.3168829040124286
MID29,SID29,67,2017-03-08 06:22:10,3.325,26,2.0336988097819026
MID28,SID28,67,2017-03-08 06:22:10,2.586,29,2.3564533493727327
MID27,SID27,67,2017-03-08 06:22:10,2.217,25,2.1779681605160937
MID26,SID26,67,2017-03-08 06:22:10,2.217,27,2.18189270722419
MID8,SID8,67,2017-03-08 06:22:10,2.586,27,2.4379642831356296
MID25,SID25,67,2017-03-08 06:22:10,1.847,32,2.488818568776462
MID9,SID9,67,2017-03-08 06:22:10,2.956,32,2.479524098448181
MID24,SID24,67,2017-03-08 06:22:10,1.847,34,2.184397161849578
MID23,SID23,67,2017-03-08 06:22:10,2.956,32,2.0246614703287253
MID22,SID22,67,2017-03-08 06:22:10,2.586,31,2.0623544364180777
MID21,SID21,67,2017-03-08 06:22:10,2.217,33,2.0260779822886605
MID20,SID20,67,2017-03-08 06:22:10,2.586,25,2.119353695448841
MID100,SID100,67,2017-03-08 06:22:10,2.956,27,2.032687494400583
MID79,SID79,67,2017-03-08 06:22:10,1.847,31,2.2565604533197425
MID78,SID78,67,2017-03-08 06:22:10,2.956,32,2.494613399648102
MID77,SID77,67,2017-03-08 06:22:10,1.847,34,2.222522119893277
MID76,SID76,67,2017-03-08 06:22:10,2.217,32,2.2457882126468762
MID75,SID75,67,2017-03-08 06:22:10,2.586,32,2.141969065620405
MID74,SID74,67,2017-03-08 06:22:10,2.956,25,2.172708176111849
MID73,SID73,67,2017-03-08 06:22:10,2.217,29,2.3220191907081005
MID72,SID72,67,2017-03-08 06:22:10,3.694,30,2.401880558217067
MID71,SID71,67,2017-03-08 06:22:10,2.217,29,2.0888587024606706
MID70,SID70,67,2017-03-08 06:22:10,2.217,28,2.191234648820456
MID90,SID90,67,2017-03-08 06:22:10,2.956,25,2.440230562243051
MID89,SID89,67,2017-03-08 06:22:10,3.694,26,2.395291419097708
MID88,SID88,67,2017-03-08 06:22:10,2.956,25,2.028433567766503
MID87,SID87,67,2017-03-08 06:22:10,3.325,26,2.2449502916106594
MID86,SID86,67,2017-03-08 06:22:10,2.217,26,2.491032931421407
MID85,SID85,67,2017-03-08 06:22:10,3.694,33,2.3177716532473873
MID84,SID84,67,2017-03-08 06:22:10,2.217,26,2.0777565302348093
MID83,SID83,67,2017-03-08 06:22:10,2.217,30,2.0152956531142117
MID82,SID82,67,2017-03-08 06:22:10,3.325,29,2.0010008993525332
MID81,SID81,67,2017-03-08 06:22:10,3.325,27,2.3777569119912454
MID80,SID80,67,2017-03-08 06:22:10,3.325,29,2.380052846135674
MID59,SID59,67,2017-03-08 06:22:10,2.217,31,2.069024487906936
MID58,SID58,67,2017-03-08 06:22:10,2.217,34,2.2190907603519934
MID57,SID57,67,2017-03-08 06:22:10,3.694,25,2.4427279434506346
MID56,SID56,67,2017-03-08 06:22:10,1.847,31,2.0357802459440357
MID55,SID55,67,2017-03-08 06:22:10,2.956,28,2.4736724255796916
MID54,SID54,67,2017-03-08 06:22:10,1.847,32,2.250159235670544
MID53,SID53,67,2017-03-08 06:22:10,2.586,29,2.3439937192895153
MID52,SID52,67,2017-03-08 06:22:10,3.694,33,2.2542734349534306
MID51,SID51,67,2017-03-08 06:22:10,3.325,32,2.080761093639049
MID50,SID50,67,2017-03-08 06:22:10,1.847,28,2.401319554388626
MID69,SID69,67,2017-03-08 06:22:10,3.694,26,2.294343286156341
MID68,SID68,67,2017-03-08 06:22:10,2.586,26,2.4546913397866637
MID67,SID67,67,2017-03-08 06:22:10,3.325,29,2.3577491637056003
MID66,SID66,67,2017-03-08 06:22:10,2.217,29,2.140410837283072
MID65,SID65,67,2017-03-08 06:22:10,3.325,33,2.4721993732496834
MID64,SID64,67,2017-03-08 06:22:10,2.956,32,2.390511748524916
MID63,SID63,67,2017-03-08 06:22:10,2.217,29,2.4936341296367406
MID62,SID62,67,2017-03-08 06:22:10,3.694,30,2.336489058006008
MID61,SID61,67,2017-03-08 06:22:10,3.325,32,2.4697192099710135
MID60,SID60,67,2017-03-08 06:22:10,3.325,31,2.4771286803034323
MID39,SID39,67,2017-03-08 06:22:10,2.956,33,2.1483726692277125
MID38,SID38,67,2017-03-08 06:22:10,2.586,32,2.235235216493315
MID37,SID37,67,2017-03-08 06:22:10,2.956,25,2.353004193763119
MID36,SID36,67,2017-03-08 06:22:10,3.325,33,2.2598695570197584
MID35,SID35,67,2017-03-08 06:22:10,3.325,31,2.0240838551882763
MID34,SID34,67,2017-03-08 06:22:10,1.847,28,2.249212582331748
MID33,SID33,67,2017-03-08 06:22:10,3.694,28,2.3378796250578486
MID32,SID32,67,2017-03-08 06:22:10,3.325,28,2.3138007945775345
MID31,SID31,67,2017-03-08 06:22:10,1.847,26,2.127886658276073
MID30,SID30,67,2017-03-08 06:22:10,2.586,26,2.1658409507421004
MID49,SID49,67,2017-03-08 06:22:10,2.586,29,2.421260551742709
MID48,SID48,67,2017-03-08 06:22:10,3.325,27,2.499964647149923
MID47,SID47,67,2017-03-08 06:22:10,2.586,31,2.4842732051353122
MID46,SID46,67,2017-03-08 06:22:10,2.956,31,2.116303999555351
MID45,SID45,67,2017-03-08 06:22:10,2.586,33,2.3782943933643583
MID44,SID44,67,2017-03-08 06:22:10,1.847,34,2.481682339757643
MID43,SID43,67,2017-03-08 06:22:10,2.217,31,2.276527717750696
MID42,SID42,67,2017-03-08 06:22:10,3.325,34,2.1480131309875867
MID41,SID41,67,2017-03-08 06:22:10,3.325,29,2.2376313692810106
MID40,SID40,67,2017-03-08 06:22:10,3.694,28,2.433126813033158
MID19,SID19,67,2017-03-08 06:22:20,2.978,32,2.1893144482982696
MID18,SID18,67,2017-03-08 06:22:20,2.606,30,2.275584828963058
MID17,SID17,67,2017-03-08 06:22:20,2.978,28,2.407058830744985
MID16,SID16,67,2017-03-08 06:22:20,2.606,25,2.229175533020189
MID15,SID15,67,2017-03-08 06:22:20,1.861,31,2.1503961363489013
MID14,SID14,67,2017-03-08 06:22:20,2.978,34,2.4573648528093135
MID13,SID13,67,2017-03-08 06:22:20,3.350,26,2.4693882353268433
MID12,SID12,67,2017-03-08 06:22:20,2.978,31,2.0247388386358516
MID11,SID11,67,2017-03-08 06:22:20,3.722,31,2.032822054264446
MID99,SID99,67,2017-03-08 06:22:20,2.606,32,2.0163140814280203
MID10,SID10,67,2017-03-08 06:22:20,1.861,27,2.1576454024036655
MID98,SID98,67,2017-03-08 06:22:20,3.350,26,2.4539106042380143
MID97,SID97,67,2017-03-08 06:22:20,1.861,28,2.0755119134631603
MID96,SID96,67,2017-03-08 06:22:20,3.350,29,2.395345860907082
MID95,SID95,67,2017-03-08 06:22:20,3.722,33,2.468777972036413
MID94,SID94,67,2017-03-08 06:22:20,3.722,28,2.3882218827729886
MID93,SID93,67,2017-03-08 06:22:20,3.722,32,2.340607055445805
MID92,SID92,67,2017-03-08 06:22:20,2.606,32,2.3160513098018605
MID91,SID91,67,2017-03-08 06:22:20,3.722,33,2.3401887994226733
MID4,SID4,67,2017-03-08 06:22:20,1.861,25,2.4204144467978055
MID5,SID5,67,2017-03-08 06:22:20,2.978,33,2.3719874517425295
MID6,SID6,67,2017-03-08 06:22:20,2.233,30,2.2558857776511587
MID7,SID7,67,2017-03-08 06:22:20,3.722,28,2.007308061991405
MID1,SID1,67,2017-03-08 06:22:20,2.606,28,2.273998664814392
MID2,SID2,67,2017-03-08 06:22:20,3.722,27,2.0122500849294
MID3,SID3,67,2017-03-08 06:22:20,3.350,29,2.1306367541651725
MID29,SID29,67,2017-03-08 06:22:20,3.350,25,2.448184809818465
MID28,SID28,67,2017-03-08 06:22:20,2.606,27,2.0977298242184315
MID27,SID27,67,2017-03-08 06:22:20,2.233,29,2.109374382776394
MID26,SID26,67,2017-03-08 06:22:20,2.233,26,2.1463425859522314
MID8,SID8,67,2017-03-08 06:22:20,2.606,28,2.427965164758001
MID25,SID25,67,2017-03-08 06:22:20,1.861,26,2.1748256343664916
MID9,SID9,67,2017-03-08 06:22:20,2.978,25,2.459165566693223
MID24,SID24,67,2017-03-08 06:22:20,1.861,29,2.289211585438627
MID23,SID23,67,2017-03-08 06:22:20,2.978,26,2.2912325291798523
MID22,SID22,67,2017-03-08 06:22:20,2.606,28,2.259548169167193
MID21,SID21,67,2017-03-08 06:22:20,2.233,27,2.35584325846358
MID20,SID20,67,2017-03-08 06:22:20,2.606,31,2.0356566280733714
MID100,SID100,67,2017-03-08 06:22:20,2.978,25,2.2263775503875283
MID79,SID79,67,2017-03-08 06:22:20,1.861,27,2.1745160776953876
MID78,SID78,67,2017-03-08 06:22:20,2.978,28,2.0889860616619136
MID77,SID77,67,2017-03-08 06:22:20,1.861,32,2.0699069865438746
MID76,SID76,67,2017-03-08 06:22:20,2.233,26,2.0024840455757693
MID75,SID75,67,2017-03-08 06:22:20,2.606,26,2.3969834524207596
MID74,SID74,67,2017-03-08 06:22:20,2.978,30,2.1358737835164923
MID73,SID73,67,2017-03-08 06:22:20,2.233,34,2.1237265448679197
MID72,SID72,67,2017-03-08 06:22:20,3.722,25,2.3032016968969513
MID71,SID71,67,2017-03-08 06:22:20,2.233,32,2.4916780791003497
MID70,SID70,67,2017-03-08 06:22:20,2.233,30,2.3568506143769112
MID90,SID90,67,2017-03-08 06:22:20,2.978,31,2.3724666222957502
MID89,SID89,67,2017-03-08 06:22:20,3.722,32,2.460843779483149
MID88,SID88,67,2017-03-08 06:22:20,2.978,25,2.161846791498961
MID87,SID87,67,2017-03-08 06:22:20,3.350,26,2.36176458302087
MID86,SID86,67,2017-03-08 06:22:20,2.233,30,2.314935177540125
MID85,SID85,67,2017-03-08 06:22:20,3.722,27,2.1762225765484873
MID84,SID84,67,2017-03-08 06:22:20,2.233,33,2.4026924720192286
MID83,SID83,67,2017-03-08 06:22:20,2.233,25,2.3564312346838685
MID82,SID82,67,2017-03-08 06:22:20,3.350,29,2.3964554526667485
MID81,SID81,67,2017-03-08 06:22:20,3.350,28,2.1212468962031465
MID80,SID80,67,2017-03-08 06:22:20,3.350,30,2.1419311874564917
MID59,SID59,67,2017-03-08 06:22:20,2.233,29,2.3676627866256785
MID58,SID58,67,2017-03-08 06:22:20,2.233,31,2.4053471789636327
MID57,SID57,67,2017-03-08 06:22:20,3.722,26,2.2221881185451964
MID56,SID56,67,2017-03-08 06:22:20,1.861,34,2.2187621384180836
MID55,SID55,67,2017-03-08 06:22:20,2.978,29,2.343941171809348
MID54,SID54,67,2017-03-08 06:22:20,1.861,28,2.2110177759383265
MID53,SID53,67,2017-03-08 06:22:20,2.606,33,2.484461192747457
MID52,SID52,67,2017-03-08 06:22:20,3.722,28,2.041556912257348
MID51,SID51,67,2017-03-08 06:22:20,3.350,28,2.2451350191396435
MID50,SID50,67,2017-03-08 06:22:20,1.861,32,2.3648904228160124
MID69,SID69,67,2017-03-08 06:22:20,3.722,25,2.3100447011676284
MID68,SID68,67,2017-03-08 06:22:20,2.606,33,2.1184434633920364
MID67,SID67,67,2017-03-08 06:22:20,3.350,28,2.247570012401007
MID66,SID66,67,2017-03-08 06:22:20,2.233,31,2.048560179999023
MID65,SID65,67,2017-03-08 06:22:20,3.350,34,2.371101719178123
MID64,SID64,67,2017-03-08 06:22:20,2.978,31,2.072919036088992
MID63,SID63,67,2017-03-08 06:22:20,2.233,27,2.4910599230137795
MID62,SID62,67,2017-03-08 06:22:20,3.722,27,2.061536426984689
MID61,SID61,67,2017-03-08 06:22:20,3.350,26,2.3560627780645054
MID60,SID60,67,2017-03-08 06:22:20,3.350,32,2.438011163686753
MID39,SID39,67,2017-03-08 06:22:20,2.978,26,2.490160982958919
MID38,SID38,67,2017-03-08 06:22:20,2.606,33,2.215346233862684
MID37,SID37,67,2017-03-08 06:22:20,2.978,31,2.217125256565483
MID36,SID36,67,2017-03-08 06:22:20,3.350,25,2.0889276914447805
MID35,SID35,67,2017-03-08 06:22:20,3.350,28,2.0504640514703714
MID34,SID34,67,2017-03-08 06:22:20,1.861,28,2.3578112074391617
MID33,SID33,67,2017-03-08 06:22:20,3.722,25,2.368503495720077
MID32,SID32,67,2017-03-08 06:22:20,3.350,28,2.191298806818233
MID31,SID31,67,2017-03-08 06:22:20,1.861,33,2.074115051563097
MID30,SID30,67,2017-03-08 06:22:20,2.606,30,2.4023971627441867
MID49,SID49,67,2017-03-08 06:22:20,2.606,28,2.284681206763527
MID48,SID48,67,2017-03-08 06:22:20,3.350,28,2.418793800544387
MID47,SID47,67,2017-03-08 06:22:20,2.606,34,2.052538812311192
MID46,SID46,67,2017-03-08 06:22:20,2.978,25,2.257339067115439
MID45,SID45,67,2017-03-08 06:22:20,2.606,25,2.1986868102004884
MID44,SID44,67,2017-03-08 06:22:20,1.861,34,2.4726572085932745
MID43,SID43,67,2017-03-08 06:22:20,2.233,28,2.430886987004381
MID42,SID42,67,2017-03-08 06:22:20,3.350,28,2.303747545792344
MID41,SID41,67,2017-03-08 06:22:20,3.350,31,2.450879977131337
MID40,SID40,67,2017-03-08 06:22:20,3.722,29,2.267270784994664
MID19,SID19,67,2017-03-08 06:22:30,3.000,34,2.166752159981089
MID18,SID18,67,2017-03-08 06:22:30,2.625,28,2.4427145857356685
MID17,SID17,67,2017-03-08 06:22:30,3.000,32,2.3758529971662243
MID16,SID16,67,2017-03-08 06:22:30,2.625,28,2.4060401918046637
MID15,SID15,67,2017-03-08 06:22:30,1.875,25,2.4437532613581303
MID14,SID14,67,2017-03-08 06:22:30,3.000,33,2.4984626985886775
MID13,SID13,67,2017-03-08 06:22:30,3.375,30,2.1224629601674825
MID12,SID12,67,2017-03-08 06:22:30,3.000,33,2.2831055358646104
MID11,SID11,67,2017-03-08 06:22:30,3.750,29,2.1213589366565353
MID99,SID99,67,2017-03-08 06:22:30,2.625,31,2.4064133735133733
MID10,SID10,67,2017-03-08 06:22:30,1.875,32,2.3145548460264145
MID98,SID98,67,2017-03-08 06:22:30,3.375,26,2.1809117899419452
MID97,SID97,67,2017-03-08 06:22:30,1.875,34,2.2627523172532293
MID96,SID96,67,2017-03-08 06:22:30,3.375,31,2.3239648543679543
MID95,SID95,67,2017-03-08 06:22:30,3.750,25,2.4874086208814696
MID94,SID94,67,2017-03-08 06:22:30,3.750,26,2.2177287326765542
MID93,SID93,67,2017-03-08 06:22:30,3.750,30,2.0707160986054585
MID92,SID92,67,2017-03-08 06:22:30,2.625,28,2.187772137953759
MID91,SID91,67,2017-03-08 06:22:30,3.750,25,2.4092185845807386
MID4,SID4,67,2017-03-08 06:22:30,1.875,34,2.2915482153875413
MID5,SID5,67,2017-03-08 06:22:30,3.000,31,2.1369628445771456
MID6,SID6,67,2017-03-08 06:22:30,2.250,29,2.4000293277002203
MID7,SID7,67,2017-03-08 06:22:30,3.750,33,2.193267847318726
MID1,SID1,67,2017-03-08 06:22:30,2.625,26,2.004894669454837
MID2,SID2,67,2017-03-08 06:22:30,3.750,26,2.2219069087329086
MID3,SID3,67,2017-03-08 06:22:30,3.375,25,2.0063417488522424
MID29,SID29,67,2017-03-08 06:22:30,3.375,25,2.4260788412352827
MID28,SID28,67,2017-03-08 06:22:30,2.625,31,2.2256833915279706
MID27,SID27,67,2017-03-08 06:22:30,2.250,25,2.0200833440233295
MID26,SID26,67,2017-03-08 06:22:30,2.250,25,2.420299467177467
MID8,SID8,67,2017-03-08 06:22:30,2.625,31,2.476629389943394
MID25,SID25,67,2017-03-08 06:22:30,1.875,29,2.179909733606307
MID9,SID9,67,2017-03-08 06:22:30,3.000,25,2.243023254956936
MID24,SID24,67,2017-03-08 06:22:30,1.875,34,2.2239451100088394
MID23,SID23,67,2017-03-08 06:22:30,3.000,32,2.100061565284576
MID22,SID22,67,2017-03-08 06:22:30,2.625,25,2.390403130186875
MID21,SID21,67,2017-03-08 06:22:30,2.250,34,2.1587572309493193
MID20,SID20,67,2017-03-08 06:22:30,2.625,27,2.2987616336641157
MID100,SID100,67,2017-03-08 06:22:30,3.000,32,2.1224162752034292
MID79,SID79,67,2017-03-08 06:22:30,1.875,25,2.3376031051730584
MID78,SID78,67,2017-03-08 06:22:30,3.000,33,2.0150451849883937
MID77,SID77,67,2017-03-08 06:22:30,1.875,29,2.0678407280792586
MID76,SID76,67,2017-03-08 06:22:30,2.250,31,2.2195108910142625
MID75,SID75,67,2017-03-08 06:22:30,2.625,32,2.2630992496938944
MID74,SID74,67,2017-03-08 06:22:30,3.000,31,2.3433124325648214
MID73,SID73,67,2017-03-08 06:22:30,2.250,31,2.485645480164201
MID72,SID72,67,2017-03-08 06:22:30,3.750,33,2.447324402677382
MID71,SID71,67,2017-03-08 06:22:30,2.250,32,2.3210387204228224
MID70,SID70,67,2017-03-08 06:22:30,2.250,30,2.443528705499991
MID90,SID90,67,2017-03-08 06:22:30,3.000,30,2.2909317486346903
MID89,SID89,67,2017-03-08 06:22:30,3.750,27,2.481772844659774
MID88,SID88,67,2017-03-08 06:22:30,3.000,26,2.3098876066707246
MID87,SID87,67,2017-03-08 06:22:30,3.375,28,2.4557097949790285
MID86,SID86,67,2017-03-08 06:22:30,2.250,27,2.0968512272711846
MID85,SID85,67,2017-03-08 06:22:30,3.750,26,2.1679459418557263
MID84,SID84,67,2017-03-08 06:22:30,2.250,26,2.0326130730549865
MID83,SID83,67,2017-03-08 06:22:30,2.250,34,2.0176578449727143
MID82,SID82,67,2017-03-08 06:22:30,3.375,33,2.284393560547536
MID81,SID81,67,2017-03-08 06:22:30,3.375,31,2.294812986846228
MID80,SID80,67,2017-03-08 06:22:30,3.375,33,2.2411866054109364
MID59,SID59,67,2017-03-08 06:22:30,2.250,32,2.216814626521486
MID58,SID58,67,2017-03-08 06:22:30,2.250,34,2.16451790573889
MID57,SID57,67,2017-03-08 06:22:30,3.750,29,2.4980630406002837
MID56,SID56,67,2017-03-08 06:22:30,1.875,32,2.371937950377354
MID55,SID55,67,2017-03-08 06:22:30,3.000,32,2.037110516755482
MID54,SID54,67,2017-03-08 06:22:30,1.875,28,2.1385527041816217
MID53,SID53,67,2017-03-08 06:22:30,2.625,26,2.206361648565899
MID52,SID52,67,2017-03-08 06:22:30,3.750,25,2.27121292460615
MID51,SID51,67,2017-03-08 06:22:30,3.375,26,2.1478218157491984
MID50,SID50,67,2017-03-08 06:22:30,1.875,33,2.240682277369959
MID69,SID69,67,2017-03-08 06:22:30,3.750,27,2.1868775550054886
MID68,SID68,67,2017-03-08 06:22:30,2.625,31,2.1771169067497245
MID67,SID67,67,2017-03-08 06:22:30,3.375,28,2.1818558632810663
MID66,SID66,67,2017-03-08 06:22:30,2.250,31,2.038753313213469
MID65,SID65,67,2017-03-08 06:22:30,3.375,34,2.219066950660042
MID64,SID64,67,2017-03-08 06:22:30,3.000,25,2.090479832110236
MID63,SID63,67,2017-03-08 06:22:30,2.250,34,2.2215280532648647
MID62,SID62,67,2017-03-08 06:22:30,3.750,30,2.3992348455247536
MID61,SID61,67,2017-03-08 06:22:30,3.375,29,2.0261223098363637
MID60,SID60,67,2017-03-08 06:22:30,3.375,30,2.246893437129523
MID39,SID39,67,2017-03-08 06:22:30,3.000,34,2.3164474232981056
MID38,SID38,67,2017-03-08 06:22:30,2.625,27,2.4904370439716463
MID37,SID37,67,2017-03-08 06:22:30,3.000,33,2.084973024340033
MID36,SID36,67,2017-03-08 06:22:30,3.375,32,2.2452337596736123
MID35,SID35,67,2017-03-08 06:22:30,3.375,29,2.3992825154172555
MID34,SID34,67,2017-03-08 06:22:30,1.875,27,2.2050833380896804
MID33,SID33,67,2017-03-08 06:22:30,3.750,27,2.0802601119295354
MID32,SID32,67,2017-03-08 06:22:30,3.375,25,2.3768292474239403
MID31,SID31,67,2017-03-08 06:22:30,1.875,30,2.4982391998593703
MID30,SID30,67,2017-03-08 06:22:30,2.625,34,2.074023532925018
MID49,SID49,67,2017-03-08 06:22:30,2.625,25,2.0342940188287857
MID48,SID48,67,2017-03-08 06:22:30,3.375,26,2.0439834779684407
MID47,SID47,67,2017-03-08 06:22:30,2.625,33,2.333578596592205
MID46,SID46,67,2017-03-08 06:22:30,3.000,31,2.377339717073192
MID45,SID45,67,2017-03-08 06:22:30,2.625,26,2.2521555966074347
MID44,SID44,67,2017-03-08 06:22:30,1.875,29,2.348176038568854
MID43,SID43,67,2017-03-08 06:22:30,2.250,30,2.4088229005457125
MID42,SID42,67,2017-03-08 06:22:30,3.375,27,2.413460734679148
MID41,SID41,67,2017-03-08 06:22:30,3.375,26,2.1171350715647113
MID40,SID40,67,2017-03-08 06:22:30,3.750,30,2.267034068836116
MID19,SID19,67,2017-03-08 06:22:40,3.022,25,2.349989523462611
MID18,SID18,67,2017-03-08 06:22:40,2.644,34,2.001198316832966
MID17,SID17,67,2017-03-08 06:22:40,3.022,25,2.2798319301457366
MID16,SID16,67,2017-03-08 06:22:40,2.644,32,2.3486117714342925
MID15,SID15,67,2017-03-08 06:22:40,1.889,28,2.3688730867077044
MID14,SID14,67,2017-03-08 06:22:40,3.022,30,2.190673636277215
MID13,SID13,67,2017-03-08 06:22:40,3.400,29,2.4048450555036562
MID12,SID12,67,2017-03-08 06:22:40,3.022,30,2.0006935581964367
MID11,SID11,67,2017-03-08 06:22:40,3.778,31,2.2961565339711845
MID99,SID99,67,2017-03-08 06:22:40,2.644,27,2.160355009842952
MID10,SID10,67,2017-03-08 06:22:40,1.889,27,2.2386787580794185
MID98,SID98,67,2017-03-08 06:22:40,3.400,26,2.005813320159501
MID97,SID97,67,2017-03-08 06:22:40,1.889,34,2.035564887515935
MID96,SID96,67,2017-03-08 06:22:40,3.400,28,2.2261445615832107
MID95,SID95,67,2017-03-08 06:22:40,3.778,30,2.368778000018419
MID94,SID94,67,2017-03-08 06:22:40,3.778,27,2.358838109680739
MID93,SID93,67,2017-03-08 06:22:40,3.778,34,2.0901450401749364
MID92,SID92,67,2017-03-08 06:22:40,2.644,27,2.21763443324492
MID91,SID91,67,2017-03-08 06:22:40,3.778,26,2.372224911692153
MID4,SID4,67,2017-03-08 06:22:40,1.889,31,2.138475420458044
MID5,SID5,67,2017-03-08 06:22:40,3.022,25,2.27525566744272
MID6,SID6,67,2017-03-08 06:22:40,2.267,27,2.3679258623622195
MID7,SID7,67,2017-03-08 06:22:40,3.778,25,2.0778987245523153
MID1,SID1,67,2017-03-08 06:22:40,2.644,30,2.464670613573177
MID2,SID2,67,2017-03-08 06:22:40,3.778,31,2.1571122372739002
MID3,SID3,67,2017-03-08 06:22:40,3.400,33,2.1686380113695947
MID29,SID29,67,2017-03-08 06:22:40,3.400,31,2.475305242586447
MID28,SID28,67,2017-03-08 06:22:40,2.644,34,2.02797127603859
MID27,SID27,67,2017-03-08 06:22:40,2.267,27,2.171695947781038
MID26,SID26,67,2017-03-08 06:22:40,2.267,34,2.118642442396086
MID8,SID8,67,2017-03-08 06:22:40,2.644,28,2.3851822743596203
MID25,SID25,67,2017-03-08 06:22:40,1.889,34,2.3996898499682593
MID9,SID9,67,2017-03-08 06:22:40,3.022,33,2.3778720837140135
MID24,SID24,67,2017-03-08 06:22:40,1.889,26,2.15915045572063
MID23,SID23,67,2017-03-08 06:22:40,3.022,25,2.476146435609844
MID22,SID22,67,2017-03-08 06:22:40,2.644,34,2.4736979610662977
MID21,SID21,67,2017-03-08 06:22:40,2.267,33,2.282638403832278
MID20,SID20,67,2017-03-08 06:22:40,2.644,28,2.4373359679006756
MID100,SID100,67,2017-03-08 06:22:40,3.022,32,2.021915056583875
MID79,SID79,67,2017-03-08 06:22:40,1.889,25,2.435915547767267
MID78,SID78,67,2017-03-08 06:22:40,3.022,28,2.2515706054982836
MID77,SID77,67,2017-03-08 06:22:40,1.889,29,2.488076725214428
MID76,SID76,67,2017-03-08 06:22:40,2.267,29,2.117206864073774
MID75,SID75,67,2017-03-08 06:22:40,2.644,29,2.4690563123692826
MID74,SID74,67,2017-03-08 06:22:40,3.022,27,2.2265851746688767
MID73,SID73,67,2017-03-08 06:22:40,2.267,30,2.1503312087785824
MID72,SID72,67,2017-03-08 06:22:40,3.778,34,2.253265797407436
MID71,SID71,67,2017-03-08 06:22:40,2.267,33,2.017468479936428
MID70,SID70,67,2017-03-08 06:22:40,2.267,30,2.0487013314126545
MID90,SID90,67,2017-03-08 06:22:40,3.022,31,2.0606845636263262
MID89,SID89,67,2017-03-08 06:22:40,3.778,28,2.180183358222521
MID88,SID88,67,2017-03-08 06:22:40,3.022,29,2.1570544067368806
MID87,SID87,67,2017-03-08 06:22:40,3.400,29,2.36095710760247
MID86,SID86,67,2017-03-08 06:22:40,2.267,32,2.3212044892904475
MID85,SID85,67,2017-03-08 06:22:40,3.778,33,2.2529580122569883
MID84,SID84,67,2017-03-08 06:22:40,2.267,31,2.38702039036491
MID83,SID83,67,2017-03-08 06:22:40,2.267,29,2.3405093206210292
MID82,SID82,67,2017-03-08 06:22:40,3.400,29,2.4603858026933505
MID81,SID81,67,2017-03-08 06:22:40,3.400,29,2.1532358893370356
MID80,SID80,67,2017-03-08 06:22:40,3.400,25,2.143216887153758
MID59,SID59,67,2017-03-08 06:22:40,2.267,25,2.2020600445521388
MID58,SID58,67,2017-03-08 06:22:40,2.267,31,2.4504157161734303
MID57,SID57,67,2017-03-08 06:22:40,3.778,33,2.2706092539883795
MID56,SID56,67,2017-03-08 06:22:40,1.889,26,2.42377442756435
MID55,SID55,67,2017-03-08 06:22:40,3.022,30,2.0201739358770068
MID54,SID54,67,2017-03-08 06:22:40,1.889,29,2.1264314773908692
MID53,SID53,67,2017-03-08 06:22:40,2.644,27,2.113562512444303
MID52,SID52,67,2017-03-08 06:22:40,3.778,25,2.009130737156966
MID51,SID51,67,2017-03-08 06:22:40,3.400,31,2.050480174326441
MID50,SID50,67,2017-03-08 06:22:40,1.889,28,2.2862903993953707
MID69,SID69,67,2017-03-08 06:22:40,3.778,25,2.43364859701929
MID68,SID68,67,2017-03-08 06:22:40,2.644,26,2.151927602858788
MID67,SID67,67,2017-03-08 06:22:40,3.400,28,2.187036017065809
MID66,SID66,67,2017-03-08 06:22:40,2.267,25,2.199174036613263
MID65,SID65,67,2017-03-08 06:22:40,3.400,29,2.142233088213929
MID64,SID64,67,2017-03-08 06:22:40,3.022,27,2.075654324987816
MID63,SID63,67,2017-03-08 06:22:40,2.267,31,2.3647799025580447
MID62,SID62,67,2017-03-08 06:22:40,3.778,33,2.0873264769482924
MID61,SID61,67,2017-03-08 06:22:40,3.400,33,2.0981654472043814
MID60,SID60,67,2017-03-08 06:22:40,3.400,25,2.103619626397157
MID39,SID39,67,2017-03-08 06:22:40,3.022,31,2.4205522879298473
MID38,SID38,67,2017-03-08 06:22:40,2.644,25,2.173307917045218
MID37,SID37,67,2017-03-08 06:22:40,3.022,32,2.26456120993437
MID36,SID36,67,2017-03-08 06:22:40,3.400,33,2.224571201585337
MID35,SID35,67,2017-03-08 06:22:40,3.400,31,2.4735377507485077
MID34,SID34,67,2017-03-08 06:22:40,1.889,25,2.352969979763909
MID33,SID33,67,2017-03-08 06:22:40,3.778,34,2.1988007365531956
MID32,SID32,67,2017-03-08 06:22:40,3.400,27,2.497998195612435
MID31,SID31,67,2017-03-08 06:22:40,1.889,26,2.016800816535796
MID30,SID30,67,2017-03-08 06:22:40,2.644,34,2.1883637090618326
MID49,SID49,67,2017-03-08 06:22:40,2.644,25,2.2928374029680576
MID48,SID48,67,2017-03-08 06:22:40,3.400,25,2.3841550829462106
MID47,SID47,67,2017-03-08 06:22:40,2.644,28,2.2580462541875606
MID46,SID46,67,2017-03-08 06:22:40,3.022,26,2.053536054592458
MID45,SID45,67,2017-03-08 06:22:40,2.644,28,2.0744544398029094
MID44,SID44,67,2017-03-08 06:22:40,1.889,30,2.0409674821755126
MID43,SID43,67,2017-03-08 06:22:40,2.267,31,2.2606913482907904
MID42,SID42,67,2017-03-08 06:22:40,3.400,29,2.392669423586911
MID41,SID41,67,2017-03-08 06:22:40,3.400,25,2.4036990463811434
MID40,SID40,67,2017-03-08 06:22:40,3.778,30,2.2623547435083187
MID19,SID19,67,2017-03-08 06:22:50,3.044,29,2.1512839213143256
MID18,SID18,67,2017-03-08 06:22:50,2.664,29,2.139434508687528
MID17,SID17,67,2017-03-08 06:22:50,3.044,25,2.200052319729303
MID16,SID16,67,2017-03-08 06:22:50,2.664,25,2.2761728127590244
MID15,SID15,67,2017-03-08 06:22:50,1.903,31,2.295111485415971
MID14,SID14,67,2017-03-08 06:22:50,3.044,26,2.1250460494127092
MID13,SID13,67,2017-03-08 06:22:50,3.425,31,2.207131036374423
MID12,SID12,67,2017-03-08 06:22:50,3.044,32,2.0057117377712523
MID11,SID11,67,2017-03-08 06:22:50,3.806,25,2.099880235792112
MID99,SID99,67,2017-03-08 06:22:50,2.664,30,2.1716916045462487
MID10,SID10,67,2017-03-08 06:22:50,1.903,33,2.004136654571017
MID98,SID98,67,2017-03-08 06:22:50,3.425,27,2.060457578305507
MID97,SID97,67,2017-03-08 06:22:50,1.903,32,2.1437438526075714
MID96,SID96,67,2017-03-08 06:22:50,3.425,26,2.2406665777767096
MID95,SID95,67,2017-03-08 06:22:50,3.806,28,2.0159832993158133
MID94,SID94,67,2017-03-08 06:22:50,3.806,26,2.1536997688050112
MID93,SID93,67,2017-03-08 06:22:50,3.806,31,2.189192172764592
MID92,SID92,67,2017-03-08 06:22:50,2.664,31,2.1318211551907438
MID91,SID91,67,2017-03-08 06:22:50,3.806,28,2.13160440711801
MID4,SID4,67,2017-03-08 06:22:50,1.903,26,2.3481520505954148
MID5,SID5,67,2017-03-08 06:22:50,3.044,31,2.006373021142152
MID6,SID6,67,2017-03-08 06:22:50,2.283,25,2.0394798818638478
MID7,SID7,67,2017-03-08 06:22:50,3.806,25,2.451355493954235
MID1,SID1,67,2017-03-08 06:22:50,2.664,34,2.4785034604054936
MID2,SID2,67,2017-03-08 06:22:50,3.806,33,2.1595912719024466
MID3,SID3,67,2017-03-08 06:22:50,3.425,26,2.4847482725059127
MID29,SID29,67,2017-03-08 06:22:50,3.425,29,2.0372579569900804
MID28,SID28,67,2017-03-08 06:22:50,2.664,30,2.464105583210936
MID27,SID27,67,2017-03-08 06:22:50,2.283,28,2.1958872712256645
MID26,SID26,67,2017-03-08 06:22:50,2.283,32,2.378559305253974
MID8,SID8,67,2017-03-08 06:22:50,2.664,27,2.2756076432432675
MID25,SID25,67,2017-03-08 06:22:50,1.903,34,2.1379089917218383
MID9,SID9,67,2017-03-08 06:22:50,3.044,26,2.3430261560236967
MID24,SID24,67,2017-03-08 06:22:50,1.903,27,2.2371433569556247
MID23,SID23,67,2017-03-08 06:22:50,3.044,28,2.450181105857255
MID22,SID22,67,2017-03-08 06:22:50,2.664,25,2.1992662404040813
MID21,SID21,67,2017-03-08 06:22:50,2.283,26,2.0141294729435435
MID20,SID20,67,2017-03-08 06:22:50,2.664,29,2.465105854285559
MID100,SID100,67,2017-03-08 06:22:50,3.044,31,2.2374893503726914
MID79,SID79,67,2017-03-08 06:22:50,1.903,28,2.3643567177446316
MID78,SID78,67,2017-03-08 06:22:50,3.044,33,2.131513486044442
MID77,SID77,67,2017-03-08 06:22:50,1.903,30,2.1365193264611415
MID76,SID76,67,2017-03-08 06:22:50,2.283,27,2.1258785408963896
MID75,SID75,67,2017-03-08 06:22:50,2.664,26,2.3871636314360236
MID74,SID74,67,2017-03-08 06:22:50,3.044,34,2.2457365289240103
MID73,SID73,67,2017-03-08 06:22:50,2.283,31,2.4895537147665525
MID72,SID72,67,2017-03-08 06:22:50,3.806,32,2.242192677853071
MID71,SID71,67,2017-03-08 06:22:50,2.283,30,2.2973600499719615
MID70,SID70,67,2017-03-08 06:22:50,2.283,31,2.2734901516173283
MID90,SID90,67,2017-03-08 06:22:50,3.044,29,2.135074141438094
MID89,SID89,67,2017-03-08 06:22:50,3.806,28,2.49325782092857
MID88,SID88,67,2017-03-08 06:22:50,3.044,26,2.1574415486546705
MID87,SID87,67,2017-03-08 06:22:50,3.425,26,2.360289295389764
MID86,SID86,67,2017-03-08 06:22:50,2.283,30,2.0213053605914584
MID85,SID85,67,2017-03-08 06:22:50,3.806,31,2.4603691471207902
MID84,SID84,67,2017-03-08 06:22:50,2.283,25,2.075805357265264
MID83,SID83,67,2017-03-08 06:22:50,2.283,29,2.3065209803416558
MID82,SID82,67,2017-03-08 06:22:50,3.425,32,2.4501784049549657
MID81,SID81,67,2017-03-08 06:22:50,3.425,31,2.114585587068392
MID80,SID80,67,2017-03-08 06:22:50,3.425,25,2.110152661739965
MID59,SID59,67,2017-03-08 06:22:50,2.283,33,2.237076464846389
MID58,SID58,67,2017-03-08 06:22:50,2.283,33,2.02743668051931
MID57,SID57,67,2017-03-08 06:22:50,3.806,29,2.413999282250653
MID56,SID56,67,2017-03-08 06:22:50,1.903,28,2.2968071115454305
MID55,SID55,67,2017-03-08 06:22:50,3.044,34,2.307390170428244
MID54,SID54,67,2017-03-08 06:22:50,1.903,25,2.4460319132201125
MID53,SID53,67,2017-03-08 06:22:50,2.664,29,2.11795072152148
MID52,SID52,67,2017-03-08 06:22:50,3.806,31,2.0325194955181516
MID51,SID51,67,2017-03-08 06:22:50,3.425,28,2.2765473275035064
MID50,SID50,67,2017-03-08 06:22:50,1.903,25,2.1853977608960693
MID69,SID69,67,2017-03-08 06:22:50,3.806,25,2.2238007140875355
MID68,SID68,67,2017-03-08 06:22:50,2.664,29,2.3528999846878893
MID67,SID67,67,2017-03-08 06:22:50,3.425,28,2.28427800776394
MID66,SID66,67,2017-03-08 06:22:50,2.283,33,2.1226260479772887
MID65,SID65,67,2017-03-08 06:22:50,3.425,30,2.4110265927821874
MID64,SID64,67,2017-03-08 06:22:50,3.044,31,2.2935217643143355
MID63,SID63,67,2017-03-08 06:22:50,2.283,31,2.0035818496444526
MID62,SID62,67,2017-03-08 06:22:50,3.806,30,2.0044935970972118
MID61,SID61,67,2017-03-08 06:22:50,3.425,32,2.3692018974682485
MID60,SID60,67,2017-03-08 06:22:50,3.425,32,2.3144147755953117
MID39,SID39,67,2017-03-08 06:22:50,3.044,30,2.289299975964947
MID38,SID38,67,2017-03-08 06:22:50,2.664,31,2.1608268467358624
MID37,SID37,67,2017-03-08 06:22:50,3.044,29,2.10873375879935
MID36,SID36,67,2017-03-08 06:22:50,3.425,25,2.309474919207425
MID35,SID35,67,2017-03-08 06:22:50,3.425,30,2.2705704952506878
MID34,SID34,67,2017-03-08 06:22:50,1.903,28,2.134993249843869
MID33,SID33,67,2017-03-08 06:22:50,3.806,32,2.1743700641775425
MID32,SID32,67,2017-03-08 06:22:50,3.425,26,2.4157001968433582
MID31,SID31,67,2017-03-08 06:22:50,1.903,30,2.0568703560687625
MID30,SID30,67,2017-03-08 06:22:50,2.664,31,2.2131346705576402
MID49,SID49,67,2017-03-08 06:22:50,2.664,31,2.3747504399322605
MID48,SID48,67,2017-03-08 06:22:50,3.425,28,2.146029966809963
MID47,SID47,67,2017-03-08 06:22:50,2.664,32,2.2862810487555603
MID46,SID46,67,2017-03-08 06:22:50,3.044,32,2.4824589353171844
MID45,SID45,67,2017-03-08 06:22:50,2.664,26,2.126442361517701
MID44,SID44,67,2017-03-08 06:22:50,1.903,30,2.101479612600348
MID43,SID43,67,2017-03-08 06:22:50,2.283,32,2.270208375489135
MID42,SID42,67,2017-03-08 06:22:50,3.425,32,2.2439287995960235
MID41,SID41,67,2017-03-08 06:22:50,3.425,32,2.351206353573957
MID40,SID40,67,2017-03-08 06:22:50,3.806,28,2.0644883005140575
MID19,SID19,67,2017-03-08 06:23:00,3.067,33,2.3089455305058184
MID18,SID18,67,2017-03-08 06:23:00,2.683,34,2.3282154364464507
MID17,SID17,67,2017-03-08 06:23:00,3.067,30,2.1098914261830157
MID16,SID16,67,2017-03-08 06:23:00,2.683,29,2.470536116938915
MID15,SID15,67,2017-03-08 06:23:00,1.917,30,2.2547074592467142
MID14,SID14,67,2017-03-08 06:23:00,3.067,34,2.408787731983413
MID13,SID13,67,2017-03-08 06:23:00,3.450,31,2.3764642428472205
MID12,SID12,67,2017-03-08 06:23:00,3.067,25,2.0346218981911797
MID11,SID11,67,2017-03-08 06:23:00,3.833,30,2.2901984257563823
MID99,SID99,67,2017-03-08 06:23:00,2.683,29,2.213300794010472
MID10,SID10,67,2017-03-08 06:23:00,1.917,27,2.2519991356365803
MID98,SID98,67,2017-03-08 06:23:00,3.450,32,2.360492360548929
MID97,SID97,67,2017-03-08 06:23:00,1.917,33,2.283891944030322
MID96,SID96,67,2017-03-08 06:23:00,3.450,27,2.158964002970259
MID95,SID95,67,2017-03-08 06:23:00,3.833,26,2.4031355208084
MID94,SID94,67,2017-03-08 06:23:00,3.833,29,2.4305644504282737
MID93,SID93,67,2017-03-08 06:23:00,3.833,31,2.312358830665109
MID92,SID92,67,2017-03-08 06:23:00,2.683,30,2.458695722005375
MID91,SID91,67,2017-03-08 06:23:00,3.833,25,2.3735248728699525
MID4,SID4,67,2017-03-08 06:23:00,1.917,30,2.2635989329150448
MID5,SID5,67,2017-03-08 06:23:00,3.067,31,2.1258466913252403
MID6,SID6,67,2017-03-08 06:23:00,2.300,33,2.22832366213904
MID7,SID7,67,2017-03-08 06:23:00,3.833,31,2.202482892811129
MID1,SID1,67,2017-03-08 06:23:00,2.683,33,2.33430224005319
MID2,SID2,67,2017-03-08 06:23:00,3.833,28,2.349549364570948
MID3,SID3,67,2017-03-08 06:23:00,3.450,28,2.313972848469825
MID29,SID29,67,2017-03-08 06:23:00,3.450,27,2.4830154797131727
MID28,SID28,67,2017-03-08 06:23:00,2.683,32,2.4004228972328483
MID27,SID27,67,2017-03-08 06:23:00,2.300,33,2.100387162306696
MID26,SID26,67,2017-03-08 06:23:00,2.300,34,2.3790501532387043
MID8,SID8,67,2017-03-08 06:23:00,2.683,28,2.4081054163336706
MID25,SID25,67,2017-03-08 06:23:00,1.917,34,2.2538857560147214
MID9,SID9,67,2017-03-08 06:23:00,3.067,27,2.282871436098139
MID24,SID24,67,2017-03-08 06:23:00,1.917,30,2.347823277056994
MID23,SID23,67,2017-03-08 06:23:00,3.067,29,2.3589300039977794
MID22,SID22,67,2017-03-08 06:23:00,2.683,27,2.3742826676283126
MID21,SID21,67,2017-03-08 06:23:00,2.300,31,2.1694199747350718
MID20,SID20,67,2017-03-08 06:23:00,2.683,30,2.2462473374428513
MID100,SID100,67,2017-03-08 06:23:00,3.067,28,2.1202288057629968
MID79,SID79,67,2017-03-08 06:23:00,1.917,33,2.4148290971412014
MID78,SID78,67,2017-03-08 06:23:00,3.067,29,2.314987079586607
MID77,SID77,67,2017-03-08 06:23:00,1.917,30,2.038579084756506
MID76,SID76,67,2017-03-08 06:23:00,2.300,30,2.04343534132859
MID75,SID75,67,2017-03-08 06:23:00,2.683,29,2.272921903791905
MID74,SID74,67,2017-03-08 06:23:00,3.067,27,2.4794805999978857
MID73,SID73,67,2017-03-08 06:23:00,2.300,32,2.0660314089534033
MID72,SID72,67,2017-03-08 06:23:00,3.833,31,2.048017982107331
MID71,SID71,67,2017-03-08 06:23:00,2.300,27,2.0817330495575272
MID70,SID70,67,2017-03-08 06:23:00,2.300,34,2.2400911475684415
MID90,SID90,67,2017-03-08 06:23:00,3.067,28,2.0246911710857103
MID89,SID89,67,2017-03-08 06:23:00,3.833,31,2.1756917102788504
MID88,SID88,67,2017-03-08 06:23:00,3.067,27,2.2321272298651826
MID87,SID87,67,2017-03-08 06:23:00,3.450,28,2.222317293327874
MID86,SID86,67,2017-03-08 06:23:00,2.300,32,2.15193263314653
MID85,SID85,67,2017-03-08 06:23:00,3.833,30,2.0281202037624224
MID84,SID84,67,2017-03-08 06:23:00,2.300,32,2.381750116257966
MID83,SID83,67,2017-03-08 06:23:00,2.300,34,2.148541251393681
MID82,SID82,67,2017-03-08 06:23:00,3.450,29,2.2647478401289254
MID81,SID81,67,2017-03-08 06:23:00,3.450,29,2.192593164681316
MID80,SID80,67,2017-03-08 06:23:00,3.450,27,2.2020423316059565
MID59,SID59,67,2017-03-08 06:23:00,2.300,26,2.1612135127032
MID58,SID58,67,2017-03-08 06:23:00,2.300,32,2.0027379346349123
MID57,SID57,67,2017-03-08 06:23:00,3.833,27,2.293853674424615
MID56,SID56,67,2017-03-08 06:23:00,1.917,31,2.38492251113069
MID55,SID55,67,2017-03-08 06:23:00,3.067,26,2.474125642628674
MID54,SID54,67,2017-03-08 06:23:00,1.917,34,2.2236824895424845
MID53,SID53,67,2017-03-08 06:23:00,2.683,34,2.3602949460793035
MID52,SID52,67,2017-03-08 06:23:00,3.833,25,2.302505184899863
MID51,SID51,67,2017-03-08 06:23:00,3.450,27,2.027073439028717
MID50,SID50,67,2017-03-08 06:23:00,1.917,31,2.2540161324873154
MID69,SID69,67,2017-03-08 06:23:00,3.833,28,2.081568353838838
MID68,SID68,67,2017-03-08 06:23:00,2.683,29,2.4469495825058796
MID67,SID67,67,2017-03-08 06:23:00,3.450,32,2.1474461542998573
MID66,SID66,67,2017-03-08 06:23:00,2.300,30,2.2463722598033407
MID65,SID65,67,2017-03-08 06:23:00,3.450,30,2.4853043628396634
MID64,SID64,67,2017-03-08 06:23:00,3.067,34,2.1470977537093163
MID63,SID63,67,2017-03-08 06:23:00,2.300,28,2.471905895849223
MID62,SID62,67,2017-03-08 06:23:00,3.833,28,2.2130190540460806
MID61,SID61,67,2017-03-08 06:23:00,3.450,25,2.3587846931645395
MID60,SID60,67,2017-03-08 06:23:00,3.450,30,2.089832264944388
MID39,SID39,67,2017-03-08 06:23:00,3.067,32,2.3252189205028007
MID38,SID38,67,2017-03-08 06:23:00,2.683,31,2.352853324940661
MID37,SID37,67,2017-03-08 06:23:00,3.067,29,2.1026357034557726
MID36,SID36,67,2017-03-08 06:23:00,3.450,31,2.2733202366145226
MID35,SID35,67,2017-03-08 06:23:00,3.450,33,2.399563613810027
MID34,SID34,67,2017-03-08 06:23:00,1.917,30,2.049408053859136
MID33,SID33,67,2017-03-08 06:23:00,3.833,33,2.0859012759917466
MID32,SID32,67,2017-03-08 06:23:00,3.450,26,2.170513158650287
MID31,SID31,67,2017-03-08 06:23:00,1.917,28,2.4666664792217743
MID30,SID30,67,2017-03-08 06:23:00,2.683,34,2.450589330343597
MID49,SID49,67,2017-03-08 06:23:00,2.683,33,2.4846312410431284
MID48,SID48,67,2017-03-08 06:23:00,3.450,31,2.46893109993177
MID47,SID47,67,2017-03-08 06:23:00,2.683,26,2.3254608512894888
MID46,SID46,67,2017-03-08 06:23:00,3.067,30,2.411454976735572
MID45,SID45,67,2017-03-08 06:23:00,2.683,27,2.140475523341689
MID44,SID44,67,2017-03-08 06:23:00,1.917,32,2.4878506006470085
MID43,SID43,67,2017-03-08 06:23:00,2.300,33,2.243163975176356
MID42,SID42,67,2017-03-08 06:23:00,3.450,27,2.405316129735366
MID41,SID41,67,2017-03-08 06:23:00,3.450,34,2.3644415637804435
MID40,SID40,67,2017-03-08 06:23:00,3.833,30,2.0112807818970677
MID19,SID19,67,2017-03-08 06:23:10,3.089,27,2.047637200898458
MID18,SID18,67,2017-03-08 06:23:10,2.703,28,2.058813366929852
MID17,SID17,67,2017-03-08 06:23:10,3.089,25,2.48973851322091
MID16,SID16,67,2017-03-08 06:23:10,2.703,26,2.3684653038748062
MID15,SID15,67,2017-03-08 06:23:10,1.931,26,2.19432665163108
MID14,SID14,67,2017-03-08 06:23:10,3.089,27,2.2638443508294617
MID13,SID13,67,2017-03-08 06:23:10,3.475,30,2.494074556306283
MID12,SID12,67,2017-03-08 06:23:10,3.089,28,2.4463766182964606
MID11,SID11,67,2017-03-08 06:23:10,3.861,31,2.1325325008432316
MID99,SID99,67,2017-03-08 06:23:10,2.703,29,2.1293984799945695
MID10,SID10,67,2017-03-08 06:23:10,1.931,31,2.3846950937854117
MID98,SID98,67,2017-03-08 06:23:10,3.475,34,2.3888014762498195
MID97,SID97,67,2017-03-08 06:23:10,1.931,27,2.0538933822470904
MID96,SID96,67,2017-03-08 06:23:10,3.475,28,2.2013949535756883
MID95,SID95,67,2017-03-08 06:23:10,3.861,34,2.011867039895957
MID94,SID94,67,2017-03-08 06:23:10,3.861,32,2.458083778255141
MID93,SID93,67,2017-03-08 06:23:10,3.861,29,2.1225531042377246
MID92,SID92,67,2017-03-08 06:23:10,2.703,25,2.08464064282321
MID91,SID91,67,2017-03-08 06:23:10,3.861,30,2.1071506845968946
MID4,SID4,67,2017-03-08 06:23:10,1.931,33,2.1889663096049734
MID5,SID5,67,2017-03-08 06:23:10,3.089,27,2.344620466948226
MID6,SID6,67,2017-03-08 06:23:10,2.317,28,2.4276876030782053
MID7,SID7,67,2017-03-08 06:23:10,3.861,29,2.2283348688122073
MID1,SID1,67,2017-03-08 06:23:10,2.703,29,2.448948548397084
MID2,SID2,67,2017-03-08 06:23:10,3.861,33,2.1507186126973625
MID3,SID3,67,2017-03-08 06:23:10,3.475,25,2.3570920695335547
MID29,SID29,67,2017-03-08 06:23:10,3.475,34,2.3183120485242346
MID28,SID28,67,2017-03-08 06:23:10,2.703,29,2.206455940235231
MID27,SID27,67,2017-03-08 06:23:10,2.317,29,2.0829502004988996
MID26,SID26,67,2017-03-08 06:23:10,2.317,27,2.0818937024512842
MID8,SID8,67,2017-03-08 06:23:10,2.703,34,2.42097808446709
MID25,SID25,67,2017-03-08 06:23:10,1.931,34,2.403437587256408
MID9,SID9,67,2017-03-08 06:23:10,3.089,31,2.241659783093088
MID24,SID24,67,2017-03-08 06:23:10,1.931,26,2.4526660917929077
MID23,SID23,67,2017-03-08 06:23:10,3.089,26,2.1076432314187175
MID22,SID22,67,2017-03-08 06:23:10,2.703,32,2.4703358603256893
MID21,SID21,67,2017-03-08 06:23:10,2.317,26,2.043540442845265
MID20,SID20,67,2017-03-08 06:23:10,2.703,25,2.3048191301351726
MID100,SID100,67,2017-03-08 06:23:10,3.089,34,2.034285100501282
MID79,SID79,67,2017-03-08 06:23:10,1.931,30,2.0416911356160825
MID78,SID78,67,2017-03-08 06:23:10,3.089,30,2.0614556242561597
MID77,SID77,67,2017-03-08 06:23:10,1.931,29,2.3264184054628965
MID76,SID76,67,2017-03-08 06:23:10,2.317,27,2.1634916901660723
MID75,SID75,67,2017-03-08 06:23:10,2.703,33,2.3940487617141173
MID74,SID74,67,2017-03-08 06:23:10,3.089,25,2.2223148810117213
MID73,SID73,67,2017-03-08 06:23:10,2.317,31,2.377745416150646
MID72,SID72,67,2017-03-08 06:23:10,3.861,29,2.296138913081417
MID71,SID71,67,2017-03-08 06:23:10,2.317,26,2.492822774745628
MID70,SID70,67,2017-03-08 06:23:10,2.317,31,2.4712949305095058
MID90,SID90,67,2017-03-08 06:23:10,3.089,25,2.267403942189099
MID89,SID89,67,2017-03-08 06:23:10,3.861,30,2.258376019891355
MID88,SID88,67,2017-03-08 06:23:10,3.089,26,2.2054624990138496
MID87,SID87,67,2017-03-08 06:23:10,3.475,27,2.0710984219886015
MID86,SID86,67,2017-03-08 06:23:10,2.317,33,2.230499470522278
MID85,SID85,67,2017-03-08 06:23:10,3.861,34,2.1072561880744947
MID84,SID84,67,2017-03-08 06:23:10,2.317,30,2.3795643710574605
MID83,SID83,67,2017-03-08 06:23:10,2.317,34,2.2884846255041857
MID82,SID82,67,2017-03-08 06:23:10,3.475,32,2.1382048195303986
MID81,SID81,67,2017-03-08 06:23:10,3.475,27,2.0853149838606613
MID80,SID80,67,2017-03-08 06:23:10,3.475,32,2.37890395900521
MID59,SID59,67,2017-03-08 06:23:10,2.317,27,2.231476703533892
MID58,SID58,67,2017-03-08 06:23:10,2.317,26,2.219065997342628
MID57,SID57,67,2017-03-08 06:23:10,3.861,31,2.4142290324576954
MID56,SID56,67,2017-03-08 06:23:10,1.931,34,2.4221380684154408
MID55,SID55,67,2017-03-08 06:23:10,3.089,26,2.2753434020591867
MID54,SID54,67,2017-03-08 06:23:10,1.931,26,2.038765690549487
MID53,SID53,67,2017-03-08 06:23:10,2.703,25,2.1045476975484543
MID52,SID52,67,2017-03-08 06:23:10,3.861,34,2.304595374817964
MID51,SID51,67,2017-03-08 06:23:10,3.475,33,2.268302003440131
MID50,SID50,67,2017-03-08 06:23:10,1.931,26,2.1759432454649197
MID69,SID69,67,2017-03-08 06:23:10,3.861,28,2.016890566888307
MID68,SID68,67,2017-03-08 06:23:10,2.703,32,2.0014913514271893
MID67,SID67,67,2017-03-08 06:23:10,3.475,27,2.3306708017920617
MID66,SID66,67,2017-03-08 06:23:10,2.317,33,2.0554378910413957
MID65,SID65,67,2017-03-08 06:23:10,3.475,27,2.011054527556544
MID64,SID64,67,2017-03-08 06:23:10,3.089,33,2.4553130431800074
MID63,SID63,67,2017-03-08 06:23:10,2.317,30,2.3291094854070957
MID62,SID62,67,2017-03-08 06:23:10,3.861,32,2.2055052124781476
MID61,SID61,67,2017-03-08 06:23:10,3.475,25,2.3496116235385043
MID60,SID60,67,2017-03-08 06:23:10,3.475,25,2.4021386376014786
MID39,SID39,67,2017-03-08 06:23:10,3.089,28,2.1306319094056207
MID38,SID38,67,2017-03-08 06:23:10,2.703,28,2.0521830973173456
MID37,SID37,67,2017-03-08 06:23:10,3.089,34,2.443042258920961
MID36,SID36,67,2017-03-08 06:23:10,3.475,27,2.3330814204808203
MID35,SID35,67,2017-03-08 06:23:10,3.475,33,2.128434624764253
MID34,SID34,67,2017-03-08 06:23:10,1.931,25,2.245242142046675
MID33,SID33,67,2017-03-08 06:23:10,3.861,30,2.3584494542051897
MID32,SID32,67,2017-03-08 06:23:10,3.475,27,2.4528511329559235
MID31,SID31,67,2017-03-08 06:23:10,1.931,26,2.406313474666984
MID30,SID30,67,2017-03-08 06:23:10,2.703,34,2.467410445874972
MID49,SID49,67,2017-03-08 06:23:10,2.703,33,2.158261100000459
MID48,SID48,67,2017-03-08 06:23:10,3.475,34,2.3201127984249243
MID47,SID47,67,2017-03-08 06:23:10,2.703,34,2.1780113924310225
MID46,SID46,67,2017-03-08 06:23:10,3.089,33,2.419216674381424
MID45,SID45,67,2017-03-08 06:23:10,2.703,29,2.322984689515648
MID44,SID44,67,2017-03-08 06:23:10,1.931,32,2.1868830435247273
MID43,SID43,67,2017-03-08 06:23:10,2.317,34,2.1397262377571513
MID42,SID42,67,2017-03-08 06:23:10,3.475,32,2.1562064991689214
MID41,SID41,67,2017-03-08 06:23:10,3.475,33,2.2225192131978977
MID40,SID40,67,2017-03-08 06:23:10,3.861,33,2.029423737036435
MID19,SID19,67,2017-03-08 06:23:20,3.111,27,2.309531318924445
MID18,SID18,67,2017-03-08 06:23:20,2.722,29,2.4692013813941425
MID17,SID17,67,2017-03-08 06:23:20,3.111,31,2.0658498319275544
MID16,SID16,67,2017-03-08 06:23:20,2.722,32,2.0922009627113187
MID15,SID15,67,2017-03-08 06:23:20,1.944,31,2.4344047673707863
MID14,SID14,67,2017-03-08 06:23:20,3.111,33,2.113733040372921
MID13,SID13,67,2017-03-08 06:23:20,3.500,34,2.408152483327653
MID12,SID12,67,2017-03-08 06:23:20,3.111,26,2.182914282756683
MID11,SID11,67,2017-03-08 06:23:20,3.889,26,2.23867030723714
MID99,SID99,67,2017-03-08 06:23:20,2.722,26,2.227721120481914
MID10,SID10,67,2017-03-08 06:23:20,1.944,29,2.047718109088475
MID98,SID98,67,2017-03-08 06:23:20,3.500,32,2.4654010821292904
MID97,SID97,67,2017-03-08 06:23:20,1.944,25,2.0763914399841568
MID96,SID96,67,2017-03-08 06:23:20,3.500,33,2.1396919734637616
MID95,SID95,67,2017-03-08 06:23:20,3.889,31,2.1351711675085556
MID94,SID94,67,2017-03-08 06:23:20,3.889,25,2.409143684994288
MID93,SID93,67,2017-03-08 06:23:20,3.889,30,2.4517231019727004
MID92,SID92,67,2017-03-08 06:23:20,2.722,33,2.0452059381496808
MID91,SID91,67,2017-03-08 06:23:20,3.889,28,2.3183797937143384
MID4,SID4,67,2017-03-08 06:23:20,1.944,28,2.406179266361624
MID5,SID5,67,2017-03-08 06:23:20,3.111,28,2.1678179640958386
MID6,SID6,67,2017-03-08 06:23:20,2.333,25,2.0700800454385053
MID7,SID7,67,2017-03-08 06:23:20,3.889,25,2.091835416478372
MID1,SID1,67,2017-03-08 06:23:20,2.722,26,2.2546384625065135
MID2,SID2,67,2017-03-08 06:23:20,3.889,26,2.2898217270107075
MID3,SID3,67,2017-03-08 06:23:20,3.500,27,2.392164100027938
MID29,SID29,67,2017-03-08 06:23:20,3.500,25,2.0211385813978477
MID28,SID28,67,2017-03-08 06:23:20,2.722,34,2.0159995334627414
MID27,SID27,67,2017-03-08 06:23:20,2.333,26,2.2600743444480385
MID26,SID26,67,2017-03-08 06:23:20,2.333,25,2.084261818560655
MID8,SID8,67,2017-03-08 06:23:20,2.722,30,2.0988508065939104
MID25,SID25,67,2017-03-08 06:23:20,1.944,31,2.1486090638140536
MID9,SID9,67,2017-03-08 06:23:20,3.111,27,2.071999321018601
MID24,SID24,67,2017-03-08 06:23:20,1.944,25,2.4983513376970055
MID23,SID23,67,2017-03-08 06:23:20,3.111,31,2.2325579795439965
MID22,SID22,67,2017-03-08 06:23:20,2.722,33,2.336810986272311
MID21,SID21,67,2017-03-08 06:23:20,2.333,34,2.3638573361764963
MID20,SID20,67,2017-03-08 06:23:20,2.722,34,2.1413005591406775
MID100,SID100,67,2017-03-08 06:23:20,3.111,30,2.1897310164946644
MID79,SID79,67,2017-03-08 06:23:20,1.944,30,2.153322318838321
MID78,SID78,67,2017-03-08 06:23:20,3.111,29,2.3307417815563674
MID77,SID77,67,2017-03-08 06:23:20,1.944,29,2.238563913203977
MID76,SID76,67,2017-03-08 06:23:20,2.333,30,2.099784459134743
MID75,SID75,67,2017-03-08 06:23:20,2.722,32,2.0271684746774237
MID74,SID74,67,2017-03-08 06:23:20,3.111,34,2.4145874333424526
MID73,SID73,67,2017-03-08 06:23:20,2.333,33,2.2321091937090403
MID72,SID72,67,2017-03-08 06:23:20,3.889,29,2.109349637308183
MID71,SID71,67,2017-03-08 06:23:20,2.333,31,2.059556113321773
MID70,SID70,67,2017-03-08 06:23:20,2.333,30,2.3462057079672243
MID90,SID90,67,2017-03-08 06:23:20,3.111,26,2.158933124617635
MID89,SID89,67,2017-03-08 06:23:20,3.889,30,2.091343243786803
MID88,SID88,67,2017-03-08 06:23:20,3.111,33,2.2150295931314132
MID87,SID87,67,2017-03-08 06:23:20,3.500,28,2.383805522463139
MID86,SID86,67,2017-03-08 06:23:20,2.333,27,2.3011680039205076
MID85,SID85,67,2017-03-08 06:23:20,3.889,32,2.1965306128488598
MID84,SID84,67,2017-03-08 06:23:20,2.333,32,2.339045034826846
MID83,SID83,67,2017-03-08 06:23:20,2.333,34,2.437959302131584
MID82,SID82,67,2017-03-08 06:23:20,3.500,25,2.2562879427258835
MID81,SID81,67,2017-03-08 06:23:20,3.500,34,2.0321475730804095
MID80,SID80,67,2017-03-08 06:23:20,3.500,31,2.040513007046327
MID59,SID59,67,2017-03-08 06:23:20,2.333,25,2.4736951792547313
MID58,SID58,67,2017-03-08 06:23:20,2.333,34,2.343460629323407
MID57,SID57,67,2017-03-08 06:23:20,3.889,29,2.1472215476458847
MID56,SID56,67,2017-03-08 06:23:20,1.944,29,2.1644255501086667
MID55,SID55,67,2017-03-08 06:23:20,3.111,27,2.4201885030241757
MID54,SID54,67,2017-03-08 06:23:20,1.944,32,2.3823255273874753
MID53,SID53,67,2017-03-08 06:23:20,2.722,33,2.1329682606609244
MID52,SID52,67,2017-03-08 06:23:20,3.889,27,2.1411006767829117
MID51,SID51,67,2017-03-08 06:23:20,3.500,34,2.3822411509263275
MID50,SID50,67,2017-03-08 06:23:20,1.944,26,2.4368282766061586
MID69,SID69,67,2017-03-08 06:23:20,3.889,28,2.2848375327066717
MID68,SID68,67,2017-03-08 06:23:20,2.722,30,2.2439541011583133
MID67,SID67,67,2017-03-08 06:23:20,3.500,28,2.110479650017013
MID66,SID66,67,2017-03-08 06:23:20,2.333,34,2.3335592345954406
MID65,SID65,67,2017-03-08 06:23:20,3.500,25,2.1042215940397413
MID64,SID64,67,2017-03-08 06:23:20,3.111,33,2.15155277275849
MID63,SID63,67,2017-03-08 06:23:20,2.333,30,2.0166782878169776
MID62,SID62,67,2017-03-08 06:23:20,3.889,28,2.325814187947199
MID61,SID61,67,2017-03-08 06:23:20,3.500,25,2.2691061630663736
MID60,SID60,67,2017-03-08 06:23:20,3.500,33,2.217859623715835
MID39,SID39,67,2017-03-08 06:23:20,3.111,26,2.1741603941722807
MID38,SID38,67,2017-03-08 06:23:20,2.722,32,2.1213917651239056
MID37,SID37,67,2017-03-08 06:23:20,3.111,29,2.2227076697903114
MID36,SID36,67,2017-03-08 06:23:20,3.500,25,2.4300860223807432
MID35,SID35,67,2017-03-08 06:23:20,3.500,27,2.476356313118939
MID34,SID34,67,2017-03-08 06:23:20,1.944,34,2.033696630683459
MID33,SID33,67,2017-03-08 06:23:20,3.889,31,2.2788849608651236
MID32,SID32,67,2017-03-08 06:23:20,3.500,33,2.264396222346653
MID31,SID31,67,2017-03-08 06:23:20,1.944,27,2.3492163900905405
MID30,SID30,67,2017-03-08 06:23:20,2.722,28,2.231560731791676
MID49,SID49,67,2017-03-08 06:23:20,2.722,34,2.4427709856005415
MID48,SID48,67,2017-03-08 06:23:20,3.500,34,2.329558208932505
MID47,SID47,67,2017-03-08 06:23:20,2.722,30,2.0164625007383203
MID46,SID46,67,2017-03-08 06:23:20,3.111,28,2.045007890880672
MID45,SID45,67,2017-03-08 06:23:20,2.722,32,2.215105348765565
MID44,SID44,67,2017-03-08 06:23:20,1.944,28,2.4554576618975186
MID43,SID43,67,2017-03-08 06:23:20,2.333,31,2.2092158623294518
MID42,SID42,67,2017-03-08 06:23:20,3.500,34,2.2987860107354274
MID41,SID41,67,2017-03-08 06:23:20,3.500,29,2.478384960868019
MID40,SID40,67,2017-03-08 06:23:20,3.889,26,2.069583181620855
MID19,SID19,67,2017-03-08 06:23:30,3.133,31,2.15126811522285
MID18,SID18,67,2017-03-08 06:23:30,2.742,30,2.293630722866988
MID17,SID17,67,2017-03-08 06:23:30,3.133,26,2.093639697023991
MID16,SID16,67,2017-03-08 06:23:30,2.742,28,2.021776791528064
MID15,SID15,67,2017-03-08 06:23:30,1.958,28,2.42578590102244
MID14,SID14,67,2017-03-08 06:23:30,3.133,28,2.4106361979510122
MID13,SID13,67,2017-03-08 06:23:30,3.525,29,2.2321659242263743
MID12,SID12,67,2017-03-08 06:23:30,3.133,27,2.0757564406134943
MID11,SID11,67,2017-03-08 06:23:30,3.917,27,2.0066913727328557
MID99,SID99,67,2017-03-08 06:23:30,2.742,32,2.433796449604762
MID10,SID10,67,2017-03-08 06:23:30,1.958,26,2.1406374647997723
MID98,SID98,67,2017-03-08 06:23:30,3.525,33,2.1117110735856444
MID97,SID97,67,2017-03-08 06:23:30,1.958,29,2.3329255214927387
MID96,SID96,67,2017-03-08 06:23:30,3.525,33,2.14765005085532
MID95,SID95,67,2017-03-08 06:23:30,3.917,25,2.436453063227174
MID94,SID94,67,2017-03-08 06:23:30,3.917,31,2.3387167624191303
MID93,SID93,67,2017-03-08 06:23:30,3.917,27,2.2984756796533685
MID92,SID92,67,2017-03-08 06:23:30,2.742,25,2.3952666434141916
MID91,SID91,67,2017-03-08 06:23:30,3.917,33,2.3957421392729197
MID4,SID4,67,2017-03-08 06:23:30,1.958,33,2.1760407106055775
MID5,SID5,67,2017-03-08 06:23:30,3.133,30,2.3508509760258085
MID6,SID6,67,2017-03-08 06:23:30,2.350,29,2.433408161769938
MID7,SID7,67,2017-03-08 06:23:30,3.917,27,2.0825559684255803
MID1,SID1,67,2017-03-08 06:23:30,2.742,28,2.2439614673157315
MID2,SID2,67,2017-03-08 06:23:30,3.917,30,2.1314740182635865
MID3,SID3,67,2017-03-08 06:23:30,3.525,30,2.3667260835753607
MID29,SID29,67,2017-03-08 06:23:30,3.525,31,2.2510683929649344
MID28,SID28,67,2017-03-08 06:23:30,2.742,30,2.041926657314059
MID27,SID27,67,2017-03-08 06:23:30,2.350,27,2.1233592464987345
MID26,SID26,67,2017-03-08 06:23:30,2.350,34,2.02858600529321
MID8,SID8,67,2017-03-08 06:23:30,2.742,28,2.2559655001795997
MID25,SID25,67,2017-03-08 06:23:30,1.958,26,2.304938355932529
MID9,SID9,67,2017-03-08 06:23:30,3.133,31,2.4881739769869924
MID24,SID24,67,2017-03-08 06:23:30,1.958,28,2.2321746383069248
MID23,SID23,67,2017-03-08 06:23:30,3.133,29,2.132081993663147
MID22,SID22,67,2017-03-08 06:23:30,2.742,32,2.2600004227118786
MID21,SID21,67,2017-03-08 06:23:30,2.350,30,2.0803029811324145
MID20,SID20,67,2017-03-08 06:23:30,2.742,26,2.226005382733925
MID100,SID100,67,2017-03-08 06:23:30,3.133,32,2.1155215726114975
MID79,SID79,67,2017-03-08 06:23:30,1.958,34,2.1026827133775345
MID78,SID78,67,2017-03-08 06:23:30,3.133,25,2.205834925749976
MID77,SID77,67,2017-03-08 06:23:30,1.958,31,2.1384751899713645
MID76,SID76,67,2017-03-08 06:23:30,2.350,25,2.4040301116158207
MID75,SID75,67,2017-03-08 06:23:30,2.742,25,2.139940500920573
MID74,SID74,67,2017-03-08 06:23:30,3.133,30,2.253846281407833
MID73,SID73,67,2017-03-08 06:23:30,2.350,30,2.308805833864508
MID72,SID72,67,2017-03-08 06:23:30,3.917,26,2.421887654461065
MID71,SID71,67,2017-03-08 06:23:30,2.350,27,2.182167985855171
MID70,SID70,67,2017-03-08 06:23:30,2.350,30,2.0027058300244343
MID90,SID90,67,2017-03-08 06:23:30,3.133,31,2.3229225867624437
MID89,SID89,67,2017-03-08 06:23:30,3.917,28,2.288703267727674
MID88,SID88,67,2017-03-08 06:23:30,3.133,32,2.4858762101725143
MID87,SID87,67,2017-03-08 06:23:30,3.525,33,2.343920863072853
MID86,SID86,67,2017-03-08 06:23:30,2.350,33,2.26155186578835
MID85,SID85,67,2017-03-08 06:23:30,3.917,25,2.0752976550495523
MID84,SID84,67,2017-03-08 06:23:30,2.350,27,2.389421784192609
MID83,SID83,67,2017-03-08 06:23:30,2.350,34,2.160657697021569
MID82,SID82,67,2017-03-08 06:23:30,3.525,30,2.2653422679618354
MID81,SID81,67,2017-03-08 06:23:30,3.525,29,2.059120222198951
MID80,SID80,67,2017-03-08 06:23:30,3.525,27,2.3599470910532236
MID59,SID59,67,2017-03-08 06:23:30,2.350,32,2.4450911721916078
MID58,SID58,67,2017-03-08 06:23:30,2.350,34,2.081549350933536
MID57,SID57,67,2017-03-08 06:23:30,3.917,34,2.067438762760004
MID56,SID56,67,2017-03-08 06:23:30,1.958,25,2.1453240089257477
MID55,SID55,67,2017-03-08 06:23:30,3.133,34,2.026645731898507
MID54,SID54,67,2017-03-08 06:23:30,1.958,28,2.386925220718007
MID53,SID53,67,2017-03-08 06:23:30,2.742,27,2.004677936380482
MID52,SID52,67,2017-03-08 06:23:30,3.917,26,2.0289165748794145
MID51,SID51,67,2017-03-08 06:23:30,3.525,31,2.258715811410126
MID50,SID50,67,2017-03-08 06:23:30,1.958,32,2.416490060425955
MID69,SID69,67,2017-03-08 06:23:30,3.917,31,2.3210559370073827
MID68,SID68,67,2017-03-08 06:23:30,2.742,34,2.4579057447519697
MID67,SID67,67,2017-03-08 06:23:30,3.525,31,2.242523957680133
MID66,SID66,67,2017-03-08 06:23:30,2.350,34,2.1442297007313926
MID65,SID65,67,2017-03-08 06:23:30,3.525,25,2.076970471295537
MID64,SID64,67,2017-03-08 06:23:30,3.133,29,2.0602104367943253
MID63,SID63,67,2017-03-08 06:23:30,2.350,28,2.0532038807573754
MID62,SID62,67,2017-03-08 06:23:30,3.917,27,2.2750799542801365
MID61,SID61,67,2017-03-08 06:23:30,3.525,26,2.257215064694442
MID60,SID60,67,2017-03-08 06:23:30,3.525,27,2.4612011868969703
MID39,SID39,67,2017-03-08 06:23:30,3.133,27,2.4946099594951603
MID38,SID38,67,2017-03-08 06:23:30,2.742,31,2.105719265334846
MID37,SID37,67,2017-03-08 06:23:30,3.133,30,2.3662314941720415
MID36,SID36,67,2017-03-08 06:23:30,3.525,25,2.0801041131347615
MID35,SID35,67,2017-03-08 06:23:30,3.525,29,2.4939325354232764
MID34,SID34,67,2017-03-08 06:23:30,1.958,32,2.4672944280598808
MID33,SID33,67,2017-03-08 06:23:30,3.917,29,2.1497185394745113
MID32,SID32,67,2017-03-08 06:23:30,3.525,33,2.168173877767946
MID31,SID31,67,2017-03-08 06:23:30,1.958,32,2.3389090717840832
MID30,SID30,67,2017-03-08 06:23:30,2.742,27,2.3340679732395557
MID49,SID49,67,2017-03-08 06:23:30,2.742,28,2.1788201285064392
MID48,SID48,67,2017-03-08 06:23:30,3.525,34,2.284449964564448
MID47,SID47,67,2017-03-08 06:23:30,2.742,27,2.121254968244776
MID46,SID46,67,2017-03-08 06:23:30,3.133,27,2.0598401234622394
MID45,SID45,67,2017-03-08 06:23:30,2.742,32,2.1101310347964892
MID44,SID44,67,2017-03-08 06:23:30,1.958,31,2.056463732476989
MID43,SID43,67,2017-03-08 06:23:30,2.350,29,2.1550743482169117
MID42,SID42,67,2017-03-08 06:23:30,3.525,27,2.083637215917966
MID41,SID41,67,2017-03-08 06:23:30,3.525,28,2.3264357290089595
MID40,SID40,67,2017-03-08 06:23:30,3.917,29,2.2010331229997675
MID19,SID19,67,2017-03-08 06:23:40,3.156,34,2.118272534124166
MID18,SID18,67,2017-03-08 06:23:40,2.761,27,2.3983845685309415
MID17,SID17,67,2017-03-08 06:23:40,3.156,29,2.3062989279231427
MID16,SID16,67,2017-03-08 06:23:40,2.761,33,2.278660831534826
MID15,SID15,67,2017-03-08 06:23:40,1.972,28,2.3485065310166693
MID14,SID14,67,2017-03-08 06:23:40,3.156,29,2.1716712112221135
MID13,SID13,67,2017-03-08 06:23:40,3.550,31,2.2657759342890422
MID12,SID12,67,2017-03-08 06:23:40,3.156,28,2.413747094877407
MID11,SID11,67,2017-03-08 06:23:40,3.944,25,2.1472048972788262
MID99,SID99,67,2017-03-08 06:23:40,2.761,34,2.184134463167328
MID10,SID10,67,2017-03-08 06:23:40,1.972,30,2.2893694026188074
MID98,SID98,67,2017-03-08 06:23:40,3.550,25,2.4469557557550528
MID97,SID97,67,2017-03-08 06:23:40,1.972,25,2.1033329893227175
MID96,SID96,67,2017-03-08 06:23:40,3.550,31,2.222573996410016
MID95,SID95,67,2017-03-08 06:23:40,3.944,34,2.2283691197727116
MID94,SID94,67,2017-03-08 06:23:40,3.944,30,2.406163817506902
MID93,SID93,67,2017-03-08 06:23:40,3.944,29,2.4589533771073917
MID92,SID92,67,2017-03-08 06:23:40,2.761,26,2.404808781992715
MID91,SID91,67,2017-03-08 06:23:40,3.944,26,2.2706604030589603
MID4,SID4,67,2017-03-08 06:23:40,1.972,32,2.1714959389960655
MID5,SID5,67,2017-03-08 06:23:40,3.156,31,2.3504414381952485
MID6,SID6,67,2017-03-08 06:23:40,2.367,34,2.4703124871467104
MID7,SID7,67,2017-03-08 06:23:40,3.944,33,2.47477924590596
MID1,SID1,67,2017-03-08 06:23:40,2.761,30,2.4238348277527537
MID2,SID2,67,2017-03-08 06:23:40,3.944,34,2.2854693192485063
MID3,SID3,67,2017-03-08 06:23:40,3.550,29,2.218788540078894
MID29,SID29,67,2017-03-08 06:23:40,3.550,30,2.31671869386714
MID28,SID28,67,2017-03-08 06:23:40,2.761,33,2.0711817863604396
MID27,SID27,67,2017-03-08 06:23:40,2.367,31,2.013127184187084
MID26,SID26,67,2017-03-08 06:23:40,2.367,25,2.078275301681636
MID8,SID8,67,2017-03-08 06:23:40,2.761,29,2.277851231920062
MID25,SID25,67,2017-03-08 06:23:40,1.972,31,2.4233160388216017
MID9,SID9,67,2017-03-08 06:23:40,3.156,34,2.0781430694069276
MID24,SID24,67,2017-03-08 06:23:40,1.972,32,2.1446299943439584
MID23,SID23,67,2017-03-08 06:23:40,3.156,28,2.331435446012856
MID22,SID22,67,2017-03-08 06:23:40,2.761,25,2.315278619482893
MID21,SID21,67,2017-03-08 06:23:40,2.367,26,2.175893148353788
MID20,SID20,67,2017-03-08 06:23:40,2.761,34,2.4912825282923454
MID100,SID100,67,2017-03-08 06:23:40,3.156,25,2.2558774281901024
MID79,SID79,67,2017-03-08 06:23:40,1.972,28,2.0561152420369555
MID78,SID78,67,2017-03-08 06:23:40,3.156,28,2.3392579559076685
MID77,SID77,67,2017-03-08 06:23:40,1.972,25,2.338353897863578
MID76,SID76,67,2017-03-08 06:23:40,2.367,25,2.290590632330664
MID75,SID75,67,2017-03-08 06:23:40,2.761,31,2.164926359030062
MID74,SID74,67,2017-03-08 06:23:40,3.156,33,2.4672857180244048
MID73,SID73,67,2017-03-08 06:23:40,2.367,30,2.4902564289003677
MID72,SID72,67,2017-03-08 06:23:40,3.944,30,2.099105543941704
MID71,SID71,67,2017-03-08 06:23:40,2.367,31,2.3949789240423804
MID70,SID70,67,2017-03-08 06:23:40,2.367,26,2.189777300127397
MID90,SID90,67,2017-03-08 06:23:40,3.156,31,2.1077854207146935
MID89,SID89,67,2017-03-08 06:23:40,3.944,33,2.3929784838839208
MID88,SID88,67,2017-03-08 06:23:40,3.156,34,2.0979212848079
MID87,SID87,67,2017-03-08 06:23:40,3.550,34,2.2084560488961666
MID86,SID86,67,2017-03-08 06:23:40,2.367,32,2.0147628113945695
MID85,SID85,67,2017-03-08 06:23:40,3.944,32,2.2964191916036913
MID84,SID84,67,2017-03-08 06:23:40,2.367,33,2.4183748944077186
MID83,SID83,67,2017-03-08 06:23:40,2.367,28,2.2880282252147746
MID82,SID82,67,2017-03-08 06:23:40,3.550,31,2.3728752194901515
MID81,SID81,67,2017-03-08 06:23:40,3.550,25,2.455212478873401
MID80,SID80,67,2017-03-08 06:23:40,3.550,27,2.2077840224502085
MID59,SID59,67,2017-03-08 06:23:40,2.367,34,2.340438917930655
MID58,SID58,67,2017-03-08 06:23:40,2.367,31,2.40993548397176
MID57,SID57,67,2017-03-08 06:23:40,3.944,26,2.309110676828712
MID56,SID56,67,2017-03-08 06:23:40,1.972,27,2.475442900554131
MID55,SID55,67,2017-03-08 06:23:40,3.156,29,2.3549754742069573
MID54,SID54,67,2017-03-08 06:23:40,1.972,27,2.3857762851702797
MID53,SID53,67,2017-03-08 06:23:40,2.761,27,2.406767936533805
MID52,SID52,67,2017-03-08 06:23:40,3.944,29,2.3879873208297795
MID51,SID51,67,2017-03-08 06:23:40,3.550,34,2.0096784870506785
MID50,SID50,67,2017-03-08 06:23:40,1.972,34,2.1321011454250853
MID69,SID69,67,2017-03-08 06:23:40,3.944,32,2.1099634856333305
MID68,SID68,67,2017-03-08 06:23:40,2.761,31,2.174963141890343
MID67,SID67,67,2017-03-08 06:23:40,3.550,34,2.3255480249311704
MID66,SID66,67,2017-03-08 06:23:40,2.367,26,2.4883166940313517
MID65,SID65,67,2017-03-08 06:23:40,3.550,29,2.0781438044954434
MID64,SID64,67,2017-03-08 06:23:40,3.156,29,2.0564524805941433
MID63,SID63,67,2017-03-08 06:23:40,2.367,27,2.1494539140960938
MID62,SID62,67,2017-03-08 06:23:40,3.944,27,2.27891618427659
MID61,SID61,67,2017-03-08 06:23:40,3.550,28,2.217574938412252
MID60,SID60,67,2017-03-08 06:23:40,3.550,26,2.2587403199632976
MID39,SID39,67,2017-03-08 06:23:40,3.156,32,2.3955270746920734
MID38,SID38,67,2017-03-08 06:23:40,2.761,29,2.162484100712267
MID37,SID37,67,2017-03-08 06:23:40,3.156,28,2.2503410756183375
MID36,SID36,67,2017-03-08 06:23:40,3.550,30,2.1340697371909982
MID35,SID35,67,2017-03-08 06:23:40,3.550,31,2.450445947707748
MID34,SID34,67,2017-03-08 06:23:40,1.972,29,2.1090584525149136
MID33,SID33,67,2017-03-08 06:23:40,3.944,33,2.3724023826148706
MID32,SID32,67,2017-03-08 06:23:40,3.550,32,2.2324071651588744
MID31,SID31,67,2017-03-08 06:23:40,1.972,33,2.125051078049348
MID30,SID30,67,2017-03-08 06:23:40,2.761,25,2.1302542761456307
MID49,SID49,67,2017-03-08 06:23:40,2.761,25,2.25206186865211
MID48,SID48,67,2017-03-08 06:23:40,3.550,33,2.2964016935441993
MID47,SID47,67,2017-03-08 06:23:40,2.761,31,2.4601568992845615
MID46,SID46,67,2017-03-08 06:23:40,3.156,34,2.421420493442338
MID45,SID45,67,2017-03-08 06:23:40,2.761,28,2.419404079211802
MID44,SID44,67,2017-03-08 06:23:40,1.972,33,2.3468133258466777
MID43,SID43,67,2017-03-08 06:23:40,2.367,31,2.2254339644561374
MID42,SID42,67,2017-03-08 06:23:40,3.550,29,2.0156868704717175
MID41,SID41,67,2017-03-08 06:23:40,3.550,29,2.197145531105633
MID40,SID40,67,2017-03-08 06:23:40,3.944,30,2.071076229806213
MID19,SID19,67,2017-03-08 06:23:50,3.178,34,2.485493598656217
MID18,SID18,67,2017-03-08 06:23:50,2.781,27,2.444539013482798
MID17,SID17,67,2017-03-08 06:23:50,3.178,31,2.314451626327225
MID16,SID16,67,2017-03-08 06:23:50,2.781,30,2.1066261204963683
MID15,SID15,67,2017-03-08 06:23:50,1.986,28,2.385733196292717
MID14,SID14,67,2017-03-08 06:23:50,3.178,34,2.4599388966482003
MID13,SID13,67,2017-03-08 06:23:50,3.575,25,2.1124672282079207
MID12,SID12,67,2017-03-08 06:23:50,3.178,25,2.435948637779685
MID11,SID11,67,2017-03-08 06:23:50,3.972,34,2.1134636023550817
MID99,SID99,67,2017-03-08 06:23:50,2.781,30,2.150656598690463
MID10,SID10,67,2017-03-08 06:23:50,1.986,27,2.0356628018946927
MID98,SID98,67,2017-03-08 06:23:50,3.575,26,2.14622202496779
MID97,SID97,67,2017-03-08 06:23:50,1.986,33,2.4516635430004254
MID96,SID96,67,2017-03-08 06:23:50,3.575,27,2.28443763454612
MID95,SID95,67,2017-03-08 06:23:50,3.972,34,2.4280492222512535
MID94,SID94,67,2017-03-08 06:23:50,3.972,33,2.0817567935643835
MID93,SID93,67,2017-03-08 06:23:50,3.972,30,2.354132112235323
MID92,SID92,67,2017-03-08 06:23:50,2.781,28,2.1997641734956996
MID91,SID91,67,2017-03-08 06:23:50,3.972,28,2.0966039411746404
MID4,SID4,67,2017-03-08 06:23:50,1.986,34,2.421990248254011
MID5,SID5,67,2017-03-08 06:23:50,3.178,33,2.3818074391932056
MID6,SID6,67,2017-03-08 06:23:50,2.383,29,2.1777221463388203
MID7,SID7,67,2017-03-08 06:23:50,3.972,31,2.2897967863411863
MID1,SID1,67,2017-03-08 06:23:50,2.781,32,2.423607724657915
MID2,SID2,67,2017-03-08 06:23:50,3.972,28,2.2476211262697974
MID3,SID3,67,2017-03-08 06:23:50,3.575,32,2.0400391595942917
MID29,SID29,67,2017-03-08 06:23:50,3.575,32,2.3259971606754304
MID28,SID28,67,2017-03-08 06:23:50,2.781,27,2.257472178301493
MID27,SID27,67,2017-03-08 06:23:50,2.383,25,2.4209549170111857
MID26,SID26,67,2017-03-08 06:23:50,2.383,25,2.1824452416889835
MID8,SID8,67,2017-03-08 06:23:50,2.781,31,2.1214136335944898
MID25,SID25,67,2017-03-08 06:23:50,1.986,31,2.174889150369718
MID9,SID9,67,2017-03-08 06:23:50,3.178,26,2.054159015726078
MID24,SID24,67,2017-03-08 06:23:50,1.986,26,2.4518353515257982
MID23,SID23,67,2017-03-08 06:23:50,3.178,33,2.3310539083038835
MID22,SID22,67,2017-03-08 06:23:50,2.781,28,2.3316174070130375
MID21,SID21,67,2017-03-08 06:23:50,2.383,27,2.4640035683889305
MID20,SID20,67,2017-03-08 06:23:50,2.781,28,2.2437021089653513
MID100,SID100,67,2017-03-08 06:23:50,3.178,31,2.2262989206773502
MID79,SID79,67,2017-03-08 06:23:50,1.986,26,2.128997132609402
MID78,SID78,67,2017-03-08 06:23:50,3.178,31,2.207152673523834
MID77,SID77,67,2017-03-08 06:23:50,1.986,31,2.1958028605082136
MID76,SID76,67,2017-03-08 06:23:50,2.383,26,2.375839246118456
MID75,SID75,67,2017-03-08 06:23:50,2.781,26,2.0663790356304657
MID74,SID74,67,2017-03-08 06:23:50,3.178,30,2.416417562649212
MID73,SID73,67,2017-03-08 06:23:50,2.383,30,2.4069385238777494
MID72,SID72,67,2017-03-08 06:23:50,3.972,33,2.2045352333463586
MID71,SID71,67,2017-03-08 06:23:50,2.383,31,2.267619288095987
MID70,SID70,67,2017-03-08 06:23:50,2.383,25,2.0331490436106594
MID90,SID90,67,2017-03-08 06:23:50,3.178,25,2.2687739345289004
MID89,SID89,67,2017-03-08 06:23:50,3.972,31,2.247781948410695
MID88,SID88,67,2017-03-08 06:23:50,3.178,30,2.2518578795473725
MID87,SID87,67,2017-03-08 06:23:50,3.575,28,2.361956973823899
MID86,SID86,67,2017-03-08 06:23:50,2.383,30,2.4644759109262235
MID85,SID85,67,2017-03-08 06:23:50,3.972,25,2.2534311825912456
MID84,SID84,67,2017-03-08 06:23:50,2.383,31,2.123777333281679
MID83,SID83,67,2017-03-08 06:23:50,2.383,25,2.0783678172909887
MID82,SID82,67,2017-03-08 06:23:50,3.575,28,2.2615815490128313
MID81,SID81,67,2017-03-08 06:23:50,3.575,25,2.3101629470785348
MID80,SID80,67,2017-03-08 06:23:50,3.575,27,2.2095215368600907
MID59,SID59,67,2017-03-08 06:23:50,2.383,28,2.1556240613808497
MID58,SID58,67,2017-03-08 06:23:50,2.383,31,2.161352410115291
MID57,SID57,67,2017-03-08 06:23:50,3.972,31,2.40092657692378
MID56,SID56,67,2017-03-08 06:23:50,1.986,32,2.0349119480239435
MID55,SID55,67,2017-03-08 06:23:50,3.178,27,2.370312163827338
MID54,SID54,67,2017-03-08 06:23:50,1.986,29,2.230546570818578
MID53,SID53,67,2017-03-08 06:23:50,2.781,30,2.119740840265579
MID52,SID52,67,2017-03-08 06:23:50,3.972,32,2.4480808557861624
MID51,SID51,67,2017-03-08 06:23:50,3.575,30,2.032827456435256
MID50,SID50,67,2017-03-08 06:23:50,1.986,32,2.3822373480575583
MID69,SID69,67,2017-03-08 06:23:50,3.972,29,2.2597220596675385
MID68,SID68,67,2017-03-08 06:23:50,2.781,26,2.0328135985679374
MID67,SID67,67,2017-03-08 06:23:50,3.575,33,2.0771812180454727
MID66,SID66,67,2017-03-08 06:23:50,2.383,30,2.219566189009479
MID65,SID65,67,2017-03-08 06:23:50,3.575,25,2.390746557035915
MID64,SID64,67,2017-03-08 06:23:50,3.178,32,2.042918301683556
MID63,SID63,67,2017-03-08 06:23:50,2.383,25,2.0498084719255774
MID62,SID62,67,2017-03-08 06:23:50,3.972,32,2.4823786265608154
MID61,SID61,67,2017-03-08 06:23:50,3.575,33,2.301012326546194
MID60,SID60,67,2017-03-08 06:23:50,3.575,34,2.106475329285111
MID39,SID39,67,2017-03-08 06:23:50,3.178,29,2.34273771012399
MID38,SID38,67,2017-03-08 06:23:50,2.781,31,2.1189679560975123
MID37,SID37,67,2017-03-08 06:23:50,3.178,28,2.2746918514292003
MID36,SID36,67,2017-03-08 06:23:50,3.575,31,2.2347990699397497
MID35,SID35,67,2017-03-08 06:23:50,3.575,29,2.4314570589362723
MID34,SID34,67,2017-03-08 06:23:50,1.986,25,2.2532912696712213
MID33,SID33,67,2017-03-08 06:23:50,3.972,25,2.0710550800627057
MID32,SID32,67,2017-03-08 06:23:50,3.575,33,2.0091636788194345
MID31,SID31,67,2017-03-08 06:23:50,1.986,32,2.2328191608942767
MID30,SID30,67,2017-03-08 06:23:50,2.781,31,2.108141567319515
MID49,SID49,67,2017-03-08 06:23:50,2.781,32,2.3886346182822296
MID48,SID48,67,2017-03-08 06:23:50,3.575,33,2.1985751154586044
MID47,SID47,67,2017-03-08 06:23:50,2.781,31,2.119515592787848
MID46,SID46,67,2017-03-08 06:23:50,3.178,29,2.135410970959125
MID45,SID45,67,2017-03-08 06:23:50,2.781,31,2.365540389932918
MID44,SID44,67,2017-03-08 06:23:50,1.986,30,2.1161758773953516
MID43,SID43,67,2017-03-08 06:23:50,2.383,27,2.4123072650765605
MID42,SID42,67,2017-03-08 06:23:50,3.575,28,2.2861187100083646
MID41,SID41,67,2017-03-08 06:23:50,3.575,30,2.434889050954353
MID40,SID40,67,2017-03-08 06:23:50,3.972,25,2.1293423336794532
MID19,SID19,67,2017-03-08 06:24:00,3.200,33,2.095667450476474
MID18,SID18,67,2017-03-08 06:24:00,2.800,33,2.429002269760302
MID17,SID17,67,2017-03-08 06:24:00,3.200,27,2.345874605647686
MID16,SID16,67,2017-03-08 06:24:00,2.800,29,2.2060851368102403
MID15,SID15,67,2017-03-08 06:24:00,2.000,32,2.4337729148978573
MID14,SID14,67,2017-03-08 06:24:00,3.200,34,2.2893926467710974
MID13,SID13,67,2017-03-08 06:24:00,3.600,25,2.390857366474752
MID12,SID12,67,2017-03-08 06:24:00,3.200,31,2.4360707389291107
MID11,SID11,67,2017-03-08 06:24:00,4.000,31,2.480540177391149
MID99,SID99,67,2017-03-08 06:24:00,2.800,31,2.342494913880654
MID10,SID10,67,2017-03-08 06:24:00,2.000,34,2.0007184241855005
MID98,SID98,67,2017-03-08 06:24:00,3.600,31,2.243050376216873
MID97,SID97,67,2017-03-08 06:24:00,2.000,27,2.4763333729270016
MID96,SID96,67,2017-03-08 06:24:00,3.600,32,2.237228177740482
MID95,SID95,67,2017-03-08 06:24:00,4.000,25,2.334873892091528
MID94,SID94,67,2017-03-08 06:24:00,4.000,28,2.4367398710419828
MID93,SID93,67,2017-03-08 06:24:00,4.000,27,2.252192363926369
MID92,SID92,67,2017-03-08 06:24:00,2.800,27,2.378020899041943
MID91,SID91,67,2017-03-08 06:24:00,4.000,33,2.4312199131076393
MID4,SID4,67,2017-03-08 06:24:00,2.000,25,2.0849654430120483
MID5,SID5,67,2017-03-08 06:24:00,3.200,32,2.4630736660058936
MID6,SID6,67,2017-03-08 06:24:00,2.400,32,2.3830129428696982
MID7,SID7,67,2017-03-08 06:24:00,4.000,33,2.1559888404150414
MID1,SID1,67,2017-03-08 06:24:00,2.800,28,2.0719680486451155
MID2,SID2,67,2017-03-08 06:24:00,4.000,32,2.192341596643901
MID3,SID3,67,2017-03-08 06:24:00,3.600,31,2.2696588376087803
MID29,SID29,67,2017-03-08 06:24:00,3.600,32,2.415857248737498
MID28,SID28,67,2017-03-08 06:24:00,2.800,31,2.4704992345251324
MID27,SID27,67,2017-03-08 06:24:00,2.400,32,2.439750375905386
MID26,SID26,67,2017-03-08 06:24:00,2.400,31,2.097436682096847
MID8,SID8,67,2017-03-08 06:24:00,2.800,27,2.2815688756037398
MID25,SID25,67,2017-03-08 06:24:00,2.000,26,2.144575249422523
MID9,SID9,67,2017-03-08 06:24:00,3.200,32,2.4070107735987465
MID24,SID24,67,2017-03-08 06:24:00,2.000,29,2.2826584122088907
MID23,SID23,67,2017-03-08 06:24:00,3.200,32,2.266499160902128
MID22,SID22,67,2017-03-08 06:24:00,2.800,33,2.4125132927306643
MID21,SID21,67,2017-03-08 06:24:00,2.400,30,2.2748131133756497
MID20,SID20,67,2017-03-08 06:24:00,2.800,30,2.459830834449267
MID100,SID100,67,2017-03-08 06:24:00,3.200,25,2.481751045956396
MID79,SID79,67,2017-03-08 06:24:00,2.000,27,2.1472709922051827
MID78,SID78,67,2017-03-08 06:24:00,3.200,26,2.057114240999743
MID77,SID77,67,2017-03-08 06:24:00,2.000,31,2.3841666277300555
MID76,SID76,67,2017-03-08 06:24:00,2.400,33,2.041922305192723
MID75,SID75,67,2017-03-08 06:24:00,2.800,30,2.108971566354076
MID74,SID74,67,2017-03-08 06:24:00,3.200,32,2.0266586235187285
MID73,SID73,67,2017-03-08 06:24:00,2.400,27,2.369263244726149
MID72,SID72,67,2017-03-08 06:24:00,4.000,30,2.0041236159406095
MID71,SID71,67,2017-03-08 06:24:00,2.400,32,2.4485526104057627
MID70,SID70,67,2017-03-08 06:24:00,2.400,28,2.0980268002031015
MID90,SID90,67,2017-03-08 06:24:00,3.200,33,2.3791887369820417
MID89,SID89,67,2017-03-08 06:24:00,4.000,28,2.043845228127592
MID88,SID88,67,2017-03-08 06:24:00,3.200,34,2.194656787158705
MID87,SID87,67,2017-03-08 06:24:00,3.600,32,2.313735847490905
MID86,SID86,67,2017-03-08 06:24:00,2.400,26,2.493456186228221
MID85,SID85,67,2017-03-08 06:24:00,4.000,30,2.1269831969097073
MID84,SID84,67,2017-03-08 06:24:00,2.400,26,2.080330085799349
MID83,SID83,67,2017-03-08 06:24:00,2.400,25,2.027115023713459
MID82,SID82,67,2017-03-08 06:24:00,3.600,32,2.3494713207585423
MID81,SID81,67,2017-03-08 06:24:00,3.600,30,2.1128909447808217
MID80,SID80,67,2017-03-08 06:24:00,3.600,29,2.194483513923003
MID59,SID59,67,2017-03-08 06:24:00,2.400,31,2.469305937469218
MID58,SID58,67,2017-03-08 06:24:00,2.400,26,2.2127102731455497
MID57,SID57,67,2017-03-08 06:24:00,4.000,27,2.0693405324978213
MID56,SID56,67,2017-03-08 06:24:00,2.000,32,2.218445065474359
MID55,SID55,67,2017-03-08 06:24:00,3.200,29,2.242218236727241
MID54,SID54,67,2017-03-08 06:24:00,2.000,33,2.1209699217438907
MID53,SID53,67,2017-03-08 06:24:00,2.800,28,2.3100852797301936
MID52,SID52,67,2017-03-08 06:24:00,4.000,32,2.0207868277402574
MID51,SID51,67,2017-03-08 06:24:00,3.600,34,2.3071876217865923
MID50,SID50,67,2017-03-08 06:24:00,2.000,25,2.2143226419319535
MID69,SID69,67,2017-03-08 06:24:00,4.000,26,2.362846869626001
MID68,SID68,67,2017-03-08 06:24:00,2.800,32,2.4108135442395864
MID67,SID67,67,2017-03-08 06:24:00,3.600,26,2.2182951306205085
MID66,SID66,67,2017-03-08 06:24:00,2.400,26,2.3355564597225795
MID65,SID65,67,2017-03-08 06:24:00,3.600,31,2.0874903892983734
MID64,SID64,67,2017-03-08 06:24:00,3.200,34,2.3293676029391857
MID63,SID63,67,2017-03-08 06:24:00,2.400,29,2.4452348899360863
MID62,SID62,67,2017-03-08 06:24:00,4.000,26,2.3297087130378866
MID61,SID61,67,2017-03-08 06:24:00,3.600,26,2.1403064937369414
MID60,SID60,67,2017-03-08 06:24:00,3.600,25,2.4473661839738945
MID39,SID39,67,2017-03-08 06:24:00,3.200,27,2.175329248022731
MID38,SID38,67,2017-03-08 06:24:00,2.800,33,2.1515077582117392
MID37,SID37,67,2017-03-08 06:24:00,3.200,27,2.0474252756061335
MID36,SID36,67,2017-03-08 06:24:00,3.600,33,2.1491596003615303
MID35,SID35,67,2017-03-08 06:24:00,3.600,33,2.3168486415622387
MID34,SID34,67,2017-03-08 06:24:00,2.000,27,2.0675780301590305
MID33,SID33,67,2017-03-08 06:24:00,4.000,33,2.2836583303347395
MID32,SID32,67,2017-03-08 06:24:00,3.600,28,2.4454033053052564
MID31,SID31,67,2017-03-08 06:24:00,2.000,27,2.0193754127777552
MID30,SID30,67,2017-03-08 06:24:00,2.800,26,2.345739792189755
MID49,SID49,67,2017-03-08 06:24:00,2.800,26,2.2619714596855545
MID48,SID48,67,2017-03-08 06:24:00,3.600,30,2.302683159244072
MID47,SID47,67,2017-03-08 06:24:00,2.800,34,2.0545577564657975
MID46,SID46,67,2017-03-08 06:24:00,3.200,26,2.3483321778814954
MID45,SID45,67,2017-03-08 06:24:00,2.800,34,2.4850535717622613
MID44,SID44,67,2017-03-08 06:24:00,2.000,29,2.2224736234552265
MID43,SID43,67,2017-03-08 06:24:00,2.400,30,2.120459284319297
MID42,SID42,67,2017-03-08 06:24:00,3.600,27,2.0376416967714333
MID41,SID41,67,2017-03-08 06:24:00,3.600,27,2.2336010182872172
MID40,SID40,67,2017-03-08 06:24:00,4.000,30,2.261313674224729
MID19,SID19,67,2017-03-08 06:24:10,3.222,28,2.009325600638432
MID18,SID18,67,2017-03-08 06:24:10,2.819,32,2.049144968766899
MID17,SID17,67,2017-03-08 06:24:10,3.222,27,2.1476355735411734
MID16,SID16,67,2017-03-08 06:24:10,2.819,27,2.260895963253117
MID15,SID15,67,2017-03-08 06:24:10,2.014,27,2.3347724260088425
MID14,SID14,67,2017-03-08 06:24:10,3.222,28,2.0401319795680273
MID13,SID13,67,2017-03-08 06:24:10,3.625,32,2.201521307967341
MID12,SID12,67,2017-03-08 06:24:10,3.222,28,2.164444199532913
MID11,SID11,67,2017-03-08 06:24:10,4.028,34,2.4021680418267364
MID99,SID99,67,2017-03-08 06:24:10,2.819,33,2.1705288254255675
MID10,SID10,67,2017-03-08 06:24:10,2.014,33,2.000072166809082
MID98,SID98,67,2017-03-08 06:24:10,3.625,31,2.229060187143777
MID97,SID97,67,2017-03-08 06:24:10,2.014,34,2.117802974529246
MID96,SID96,67,2017-03-08 06:24:10,3.625,34,2.048918827236715
MID95,SID95,67,2017-03-08 06:24:10,4.028,32,2.3530747108834644
MID94,SID94,67,2017-03-08 06:24:10,4.028,33,2.412730421667473
MID93,SID93,67,2017-03-08 06:24:10,4.028,31,2.000810192014703
MID92,SID92,67,2017-03-08 06:24:10,2.819,32,2.3845158961569974
MID91,SID91,67,2017-03-08 06:24:10,4.028,33,2.2019537054244833
MID4,SID4,67,2017-03-08 06:24:10,2.014,33,2.19440949987752
MID5,SID5,67,2017-03-08 06:24:10,3.222,26,2.299893075798505
MID6,SID6,67,2017-03-08 06:24:10,2.417,33,2.21940303139602
MID7,SID7,67,2017-03-08 06:24:10,4.028,28,2.076654328555052
MID1,SID1,67,2017-03-08 06:24:10,2.819,30,2.0793760395246657
MID2,SID2,67,2017-03-08 06:24:10,4.028,31,2.3513508714844926
MID3,SID3,67,2017-03-08 06:24:10,3.625,33,2.41931143786947
MID29,SID29,67,2017-03-08 06:24:10,3.625,30,2.067100013623463
MID28,SID28,67,2017-03-08 06:24:10,2.819,32,2.1907736618811393
MID27,SID27,67,2017-03-08 06:24:10,2.417,30,2.273743591131798
MID26,SID26,67,2017-03-08 06:24:10,2.417,32,2.221506899008716
MID8,SID8,67,2017-03-08 06:24:10,2.819,29,2.092643616732993
MID25,SID25,67,2017-03-08 06:24:10,2.014,31,2.322351222992321
MID9,SID9,67,2017-03-08 06:24:10,3.222,29,2.1343466811109075
MID24,SID24,67,2017-03-08 06:24:10,2.014,29,2.081006583830334
MID23,SID23,67,2017-03-08 06:24:10,3.222,26,2.2420473025429892
MID22,SID22,67,2017-03-08 06:24:10,2.819,33,2.121123296154154
MID21,SID21,67,2017-03-08 06:24:10,2.417,26,2.3429297831972575
MID20,SID20,67,2017-03-08 06:24:10,2.819,25,2.1843310897400414
MID100,SID100,67,2017-03-08 06:24:10,3.222,27,2.3078574944694483
MID79,SID79,67,2017-03-08 06:24:10,2.014,29,2.417092097917621
MID78,SID78,67,2017-03-08 06:24:10,3.222,33,2.447757227073405
MID77,SID77,67,2017-03-08 06:24:10,2.014,26,2.0539276166658276
MID76,SID76,67,2017-03-08 06:24:10,2.417,30,2.067886442285198
MID75,SID75,67,2017-03-08 06:24:10,2.819,34,2.4992534850180186
MID74,SID74,67,2017-03-08 06:24:10,3.222,28,2.1177500237503057
MID73,SID73,67,2017-03-08 06:24:10,2.417,30,2.0700094197253702
MID72,SID72,67,2017-03-08 06:24:10,4.028,29,2.17265533697058
MID71,SID71,67,2017-03-08 06:24:10,2.417,27,2.168534077463642
MID70,SID70,67,2017-03-08 06:24:10,2.417,28,2.442515202478702
MID90,SID90,67,2017-03-08 06:24:10,3.222,28,2.2581316148205732
MID89,SID89,67,2017-03-08 06:24:10,4.028,31,2.2731295896556345
MID88,SID88,67,2017-03-08 06:24:10,3.222,29,2.2666966957615386
MID87,SID87,67,2017-03-08 06:24:10,3.625,31,2.2763276677564215
MID86,SID86,67,2017-03-08 06:24:10,2.417,31,2.3470978693803817
MID85,SID85,67,2017-03-08 06:24:10,4.028,32,2.4691084862200396
MID84,SID84,67,2017-03-08 06:24:10,2.417,31,2.4263381940558233
MID83,SID83,67,2017-03-08 06:24:10,2.417,29,2.379120930987286
MID82,SID82,67,2017-03-08 06:24:10,3.625,29,2.325914650202347
MID81,SID81,67,2017-03-08 06:24:10,3.625,29,2.3080535674741833
MID80,SID80,67,2017-03-08 06:24:10,3.625,32,2.108826482727497
MID59,SID59,67,2017-03-08 06:24:10,2.417,30,2.4766818544799856
MID58,SID58,67,2017-03-08 06:24:10,2.417,29,2.3898334143988915
MID57,SID57,67,2017-03-08 06:24:10,4.028,30,2.320103639101507
MID56,SID56,67,2017-03-08 06:24:10,2.014,34,2.0063316809678726
MID55,SID55,67,2017-03-08 06:24:10,3.222,34,2.079079901592246
MID54,SID54,67,2017-03-08 06:24:10,2.014,30,2.3992713803293606
MID53,SID53,67,2017-03-08 06:24:10,2.819,33,2.4501366491196266
MID52,SID52,67,2017-03-08 06:24:10,4.028,27,2.4206215105655056
MID51,SID51,67,2017-03-08 06:24:10,3.625,27,2.4019667986212547
MID50,SID50,67,2017-03-08 06:24:10,2.014,29,2.457962298669392
MID69,SID69,67,2017-03-08 06:24:10,4.028,33,2.4500743846077975
MID68,SID68,67,2017-03-08 06:24:10,2.819,32,2.47639258090101
MID67,SID67,67,2017-03-08 06:24:10,3.625,30,2.1899405418904836
MID66,SID66,67,2017-03-08 06:24:10,2.417,34,2.181328123222565
MID65,SID65,67,2017-03-08 06:24:10,3.625,32,2.3048914081940364
MID64,SID64,67,2017-03-08 06:24:10,3.222,28,2.000120720210304
MID63,SID63,67,2017-03-08 06:24:10,2.417,34,2.42235425253872
MID62,SID62,67,2017-03-08 06:24:10,4.028,30,2.4871857454306054
MID61,SID61,67,2017-03-08 06:24:10,3.625,29,2.4793984478175917
MID60,SID60,67,2017-03-08 06:24:10,3.625,32,2.430131343355301
MID39,SID39,67,2017-03-08 06:24:10,3.222,27,2.1330352299501443
MID38,SID38,67,2017-03-08 06:24:10,2.819,28,2.0813502389745837
MID37,SID37,67,2017-03-08 06:24:10,3.222,26,2.3067914227898036
MID36,SID36,67,2017-03-08 06:24:10,3.625,33,2.1911027260867115
MID35,SID35,67,2017-03-08 06:24:10,3.625,34,2.0777445512987334
MID34,SID34,67,2017-03-08 06:24:10,2.014,26,2.0703789521205893
MID33,SID33,67,2017-03-08 06:24:10,4.028,30,2.2022667059888708
MID32,SID32,67,2017-03-08 06:24:10,3.625,28,2.3229550554128626
MID31,SID31,67,2017-03-08 06:24:10,2.014,33,2.0255589859860903
MID30,SID30,67,2017-03-08 06:24:10,2.819,27,2.2692978522405043
MID49,SID49,67,2017-03-08 06:24:10,2.819,28,2.024787047116079
MID48,SID48,67,2017-03-08 06:24:10,3.625,27,2.2802182629767125
MID47,SID47,67,2017-03-08 06:24:10,2.819,32,2.086575337235462
MID46,SID46,67,2017-03-08 06:24:10,3.222,30,2.078079791299135
MID45,SID45,67,2017-03-08 06:24:10,2.819,27,2.2357333572681455
MID44,SID44,67,2017-03-08 06:24:10,2.014,32,2.420112871708246
MID43,SID43,67,2017-03-08 06:24:10,2.417,33,2.100663209153116
MID42,SID42,67,2017-03-08 06:24:10,3.625,25,2.0491876195276153
MID41,SID41,67,2017-03-08 06:24:10,3.625,32,2.1063903150979075
MID40,SID40,67,2017-03-08 06:24:10,4.028,25,2.463917181765999
MID19,SID19,67,2017-03-08 06:24:20,3.244,34,2.0583274140571626
MID18,SID18,67,2017-03-08 06:24:20,2.839,31,2.4233412506484977
MID17,SID17,67,2017-03-08 06:24:20,3.244,26,2.2319630029058475
MID16,SID16,67,2017-03-08 06:24:20,2.839,27,2.2334134450503313
MID15,SID15,67,2017-03-08 06:24:20,2.028,26,2.1391203728250345
MID14,SID14,67,2017-03-08 06:24:20,3.244,28,2.481514578363667
MID13,SID13,67,2017-03-08 06:24:20,3.650,28,2.2619820848364918
MID12,SID12,67,2017-03-08 06:24:20,3.244,26,2.063321833120744
MID11,SID11,67,2017-03-08 06:24:20,4.056,33,2.3053336560321114
MID99,SID99,67,2017-03-08 06:24:20,2.839,25,2.1329942306011995
MID10,SID10,67,2017-03-08 06:24:20,2.028,25,2.027665752094968
MID98,SID98,67,2017-03-08 06:24:20,3.650,31,2.3289930532729692
MID97,SID97,67,2017-03-08 06:24:20,2.028,34,2.1403963962873926
MID96,SID96,67,2017-03-08 06:24:20,3.650,32,2.311362420174993
MID95,SID95,67,2017-03-08 06:24:20,4.056,32,2.241432995641536
MID94,SID94,67,2017-03-08 06:24:20,4.056,33,2.074354617955935
MID93,SID93,67,2017-03-08 06:24:20,4.056,26,2.2191647223203383
MID92,SID92,67,2017-03-08 06:24:20,2.839,33,2.056830736784648
MID91,SID91,67,2017-03-08 06:24:20,4.056,26,2.19372854835043
MID4,SID4,67,2017-03-08 06:24:20,2.028,33,2.4736479426732774
MID5,SID5,67,2017-03-08 06:24:20,3.244,25,2.4637472053922256
MID6,SID6,67,2017-03-08 06:24:20,2.433,34,2.4024899206165005
MID7,SID7,67,2017-03-08 06:24:20,4.056,34,2.492684777452817
MID1,SID1,67,2017-03-08 06:24:20,2.839,29,2.0003701759921086
MID2,SID2,67,2017-03-08 06:24:20,4.056,33,2.218932278901678
MID3,SID3,67,2017-03-08 06:24:20,3.650,34,2.4790948749935513
MID29,SID29,67,2017-03-08 06:24:20,3.650,30,2.058370427040404
MID28,SID28,67,2017-03-08 06:24:20,2.839,34,2.0756395971305857
MID27,SID27,67,2017-03-08 06:24:20,2.433,33,2.2123039126889235
MID26,SID26,67,2017-03-08 06:24:20,2.433,29,2.32787487132768
MID8,SID8,67,2017-03-08 06:24:20,2.839,33,2.4905387569585575
MID25,SID25,67,2017-03-08 06:24:20,2.028,29,2.0889110603236873
MID9,SID9,67,2017-03-08 06:24:20,3.244,32,2.2856111025828176
MID24,SID24,67,2017-03-08 06:24:20,2.028,34,2.2125385535307727
MID23,SID23,67,2017-03-08 06:24:20,3.244,33,2.477460843764072
MID22,SID22,67,2017-03-08 06:24:20,2.839,33,2.2513174530583866
MID21,SID21,67,2017-03-08 06:24:20,2.433,25,2.005585877450594
MID20,SID20,67,2017-03-08 06:24:20,2.839,33,2.404838842611392
MID100,SID100,67,2017-03-08 06:24:20,3.244,31,2.2368446099754022
MID79,SID79,67,2017-03-08 06:24:20,2.028,26,2.3260264184698514
MID78,SID78,67,2017-03-08 06:24:20,3.244,29,2.310703618785064
MID77,SID77,67,2017-03-08 06:24:20,2.028,32,2.4308774371916
MID76,SID76,67,2017-03-08 06:24:20,2.433,27,2.4866682015669537
MID75,SID75,67,2017-03-08 06:24:20,2.839,30,2.015795629433756
MID74,SID74,67,2017-03-08 06:24:20,3.244,26,2.099757222253227
MID73,SID73,67,2017-03-08 06:24:20,2.433,33,2.2734920620656434
MID72,SID72,67,2017-03-08 06:24:20,4.056,27,2.4160636513039107
MID71,SID71,67,2017-03-08 06:24:20,2.433,25,2.1887738636312837
MID70,SID70,67,2017-03-08 06:24:20,2.433,30,2.008165055764645
MID90,SID90,67,2017-03-08 06:24:20,3.244,34,2.268297650572776
MID89,SID89,67,2017-03-08 06:24:20,4.056,25,2.2627992313710767
MID88,SID88,67,2017-03-08 06:24:20,3.244,30,2.2740957091797402
MID87,SID87,67,2017-03-08 06:24:20,3.650,26,2.3664511743563286
MID86,SID86,67,2017-03-08 06:24:20,2.433,34,2.363537418103467
MID85,SID85,67,2017-03-08 06:24:20,4.056,29,2.127854703276017
MID84,SID84,67,2017-03-08 06:24:20,2.433,27,2.1005380277750345
MID83,SID83,67,2017-03-08 06:24:20,2.433,28,2.4299241498438513
MID82,SID82,67,2017-03-08 06:24:20,3.650,27,2.3702337072216055
MID81,SID81,67,2017-03-08 06:24:20,3.650,31,2.0835121433324515
MID80,SID80,67,2017-03-08 06:24:20,3.650,33,2.1834690009076794
MID59,SID59,67,2017-03-08 06:24:20,2.433,25,2.4962123920751145
MID58,SID58,67,2017-03-08 06:24:20,2.433,34,2.3620113668460334
MID57,SID57,67,2017-03-08 06:24:20,4.056,27,2.285826591036929
MID56,SID56,67,2017-03-08 06:24:20,2.028,28,2.4082408697077042
MID55,SID55,67,2017-03-08 06:24:20,3.244,29,2.128817167339271
MID54,SID54,67,2017-03-08 06:24:20,2.028,25,2.02036388062907
MID53,SID53,67,2017-03-08 06:24:20,2.839,29,2.290364737338021
MID52,SID52,67,2017-03-08 06:24:20,4.056,29,2.087423671882532
MID51,SID51,67,2017-03-08 06:24:20,3.650,31,2.257494117445288
MID50,SID50,67,2017-03-08 06:24:20,2.028,33,2.1483977348674297
MID69,SID69,67,2017-03-08 06:24:20,4.056,30,2.2681610192238084
MID68,SID68,67,2017-03-08 06:24:20,2.839,28,2.209840807324006
MID67,SID67,67,2017-03-08 06:24:20,3.650,27,2.130982455647065
MID66,SID66,67,2017-03-08 06:24:20,2.433,30,2.277915009302614
MID65,SID65,67,2017-03-08 06:24:20,3.650,27,2.1254865916662578
MID64,SID64,67,2017-03-08 06:24:20,3.244,33,2.257036210072524
MID63,SID63,67,2017-03-08 06:24:20,2.433,26,2.436679111159747
MID62,SID62,67,2017-03-08 06:24:20,4.056,28,2.2370352662468025
MID61,SID61,67,2017-03-08 06:24:20,3.650,33,2.4411777669529875
MID60,SID60,67,2017-03-08 06:24:20,3.650,28,2.4399676271052915
MID39,SID39,67,2017-03-08 06:24:20,3.244,27,2.205131391056564
MID38,SID38,67,2017-03-08 06:24:20,2.839,33,2.4251587010370383
MID37,SID37,67,2017-03-08 06:24:20,3.244,34,2.1059744122162853
MID36,SID36,67,2017-03-08 06:24:20,3.650,34,2.319239892901678
MID35,SID35,67,2017-03-08 06:24:20,3.650,30,2.3783266208930987
MID34,SID34,67,2017-03-08 06:24:20,2.028,29,2.0990543616157145
MID33,SID33,67,2017-03-08 06:24:20,4.056,26,2.0207388032362497
MID32,SID32,67,2017-03-08 06:24:20,3.650,30,2.0669880506360996
MID31,SID31,67,2017-03-08 06:24:20,2.028,30,2.4938849734115336
MID30,SID30,67,2017-03-08 06:24:20,2.839,33,2.136672108116255
MID49,SID49,67,2017-03-08 06:24:20,2.839,27,2.3041336546256397
MID48,SID48,67,2017-03-08 06:24:20,3.650,34,2.3487445295653506
MID47,SID47,67,2017-03-08 06:24:20,2.839,31,2.368197710794404
MID46,SID46,67,2017-03-08 06:24:20,3.244,33,2.3922898676243856
MID45,SID45,67,2017-03-08 06:24:20,2.839,29,2.415483922862361
MID44,SID44,67,2017-03-08 06:24:20,2.028,32,2.0404488722252307
MID43,SID43,67,2017-03-08 06:24:20,2.433,31,2.3353136445950344
MID42,SID42,67,2017-03-08 06:24:20,3.650,31,2.1521022585633647
MID41,SID41,67,2017-03-08 06:24:20,3.650,31,2.199164266586898
MID40,SID40,67,2017-03-08 06:24:20,4.056,28,2.393453134358745
MID19,SID19,67,2017-03-08 06:24:30,3.267,32,2.44585332156444
MID18,SID18,67,2017-03-08 06:24:30,2.858,25,2.4524650347077652
MID17,SID17,67,2017-03-08 06:24:30,3.267,28,2.4412134357425783
MID16,SID16,67,2017-03-08 06:24:30,2.858,31,2.2320415543139522
MID15,SID15,67,2017-03-08 06:24:30,2.042,26,2.2526874076741623
MID14,SID14,67,2017-03-08 06:24:30,3.267,31,2.23839386956835
MID13,SID13,67,2017-03-08 06:24:30,3.675,31,2.439401538330018
MID12,SID12,67,2017-03-08 06:24:30,3.267,25,2.18150644409381
MID11,SID11,67,2017-03-08 06:24:30,4.083,31,2.3907033433372304
MID99,SID99,67,2017-03-08 06:24:30,2.858,28,2.063698130362475
MID10,SID10,67,2017-03-08 06:24:30,2.042,34,2.408145903083422
MID98,SID98,67,2017-03-08 06:24:30,3.675,32,2.4814784409032793
MID97,SID97,67,2017-03-08 06:24:30,2.042,29,2.198577057673065
MID96,SID96,67,2017-03-08 06:24:30,3.675,32,2.158832927441636
MID95,SID95,67,2017-03-08 06:24:30,4.083,31,2.2239763086187416
MID94,SID94,67,2017-03-08 06:24:30,4.083,31,2.098287332482612
MID93,SID93,67,2017-03-08 06:24:30,4.083,33,2.435635311327342
MID92,SID92,67,2017-03-08 06:24:30,2.858,34,2.092452965991611
MID91,SID91,67,2017-03-08 06:24:30,4.083,34,2.3802526603015806
MID4,SID4,67,2017-03-08 06:24:30,2.042,28,2.124301828268213
MID5,SID5,67,2017-03-08 06:24:30,3.267,28,2.385393141191249
MID6,SID6,67,2017-03-08 06:24:30,2.450,30,2.211504418284586
MID7,SID7,67,2017-03-08 06:24:30,4.083,30,2.097090066688455
MID1,SID1,67,2017-03-08 06:24:30,2.858,27,2.406333373792919
MID2,SID2,67,2017-03-08 06:24:30,4.083,27,2.3718458888654483
MID3,SID3,67,2017-03-08 06:24:30,3.675,28,2.3466210096609412
MID29,SID29,67,2017-03-08 06:24:30,3.675,34,2.119963939397264
MID28,SID28,67,2017-03-08 06:24:30,2.858,34,2.4538694255577154
MID27,SID27,67,2017-03-08 06:24:30,2.450,30,2.18422395855685
MID26,SID26,67,2017-03-08 06:24:30,2.450,33,2.069491520852282
MID8,SID8,67,2017-03-08 06:24:30,2.858,30,2.382808205823889
MID25,SID25,67,2017-03-08 06:24:30,2.042,33,2.3805092390070404
MID9,SID9,67,2017-03-08 06:24:30,3.267,25,2.4913544581032694
MID24,SID24,67,2017-03-08 06:24:30,2.042,31,2.210319910588377
MID23,SID23,67,2017-03-08 06:24:30,3.267,26,2.3822232755138293
MID22,SID22,67,2017-03-08 06:24:30,2.858,25,2.0668878191899958
MID21,SID21,67,2017-03-08 06:24:30,2.450,28,2.0764784805722556
MID20,SID20,67,2017-03-08 06:24:30,2.858,34,2.253477776889633
MID100,SID100,67,2017-03-08 06:24:30,3.267,26,2.4890394650540375
MID79,SID79,67,2017-03-08 06:24:30,2.042,34,2.094985342998752
MID78,SID78,67,2017-03-08 06:24:30,3.267,32,2.361748927311964
MID77,SID77,67,2017-03-08 06:24:30,2.042,26,2.3580666495579496
MID76,SID76,67,2017-03-08 06:24:30,2.450,34,2.215962390487209
MID75,SID75,67,2017-03-08 06:24:30,2.858,30,2.012199240648089
MID74,SID74,67,2017-03-08 06:24:30,3.267,34,2.1444022530435243
MID73,SID73,67,2017-03-08 06:24:30,2.450,34,2.4979768137690463
MID72,SID72,67,2017-03-08 06:24:30,4.083,29,2.2763664240014
MID71,SID71,67,2017-03-08 06:24:30,2.450,31,2.1042811874183185
MID70,SID70,67,2017-03-08 06:24:30,2.450,30,2.102257803065958
MID90,SID90,67,2017-03-08 06:24:30,3.267,34,2.472579967980209
MID89,SID89,67,2017-03-08 06:24:30,4.083,26,2.4137748336772833
MID88,SID88,67,2017-03-08 06:24:30,3.267,33,2.2581566299090188
MID87,SID87,67,2017-03-08 06:24:30,3.675,27,2.0134975021909
MID86,SID86,67,2017-03-08 06:24:30,2.450,30,2.4431777368934227
MID85,SID85,67,2017-03-08 06:24:30,4.083,29,2.4214925348769514
MID84,SID84,67,2017-03-08 06:24:30,2.450,32,2.207730523627097
MID83,SID83,67,2017-03-08 06:24:30,2.450,26,2.37640111434464
MID82,SID82,67,2017-03-08 06:24:30,3.675,26,2.203411937195345
MID81,SID81,67,2017-03-08 06:24:30,3.675,34,2.3735128411455495
MID80,SID80,67,2017-03-08 06:24:30,3.675,25,2.350161111701679
MID59,SID59,67,2017-03-08 06:24:30,2.450,34,2.44328195556013
MID58,SID58,67,2017-03-08 06:24:30,2.450,33,2.4100109290622536
MID57,SID57,67,2017-03-08 06:24:30,4.083,28,2.000492715269805
MID56,SID56,67,2017-03-08 06:24:30,2.042,29,2.2914403334548847
MID55,SID55,67,2017-03-08 06:24:30,3.267,26,2.170809366377104
MID54,SID54,67,2017-03-08 06:24:30,2.042,30,2.31965697292876
MID53,SID53,67,2017-03-08 06:24:30,2.858,28,2.0202248001152867
MID52,SID52,67,2017-03-08 06:24:30,4.083,30,2.314772359812201
MID51,SID51,67,2017-03-08 06:24:30,3.675,29,2.173590102349613
MID50,SID50,67,2017-03-08 06:24:30,2.042,26,2.162856381998042
MID69,SID69,67,2017-03-08 06:24:30,4.083,31,2.237862501067598
MID68,SID68,67,2017-03-08 06:24:30,2.858,25,2.0203087289233546
MID67,SID67,67,2017-03-08 06:24:30,3.675,27,2.1871925867070297
MID66,SID66,67,2017-03-08 06:24:30,2.450,28,2.1655362957141913
MID65,SID65,67,2017-03-08 06:24:30,3.675,33,2.3743397781358064
MID64,SID64,67,2017-03-08 06:24:30,3.267,30,2.216602422110454
MID63,SID63,67,2017-03-08 06:24:30,2.450,26,2.2322808630375652
MID62,SID62,67,2017-03-08 06:24:30,4.083,29,2.383456659242845
MID61,SID61,67,2017-03-08 06:24:30,3.675,31,2.0594090457506917
MID60,SID60,67,2017-03-08 06:24:30,3.675,31,2.4896865910170614
MID39,SID39,67,2017-03-08 06:24:30,3.267,28,2.4615203466082667
MID38,SID38,67,2017-03-08 06:24:30,2.858,25,2.1647795479983576
MID37,SID37,67,2017-03-08 06:24:30,3.267,33,2.2580476285932853
MID36,SID36,67,2017-03-08 06:24:30,3.675,27,2.251340724657975
MID35,SID35,67,2017-03-08 06:24:30,3.675,33,2.485908157195136
MID34,SID34,67,2017-03-08 06:24:30,2.042,31,2.107026961488896
MID33,SID33,67,2017-03-08 06:24:30,4.083,29,2.0943349112077527
MID32,SID32,67,2017-03-08 06:24:30,3.675,31,2.1876461072637503
MID31,SID31,67,2017-03-08 06:24:30,2.042,28,2.263517268445698
MID30,SID30,67,2017-03-08 06:24:30,2.858,26,2.052327467243623
MID49,SID49,67,2017-03-08 06:24:30,2.858,29,2.4250925530781675
MID48,SID48,67,2017-03-08 06:24:30,3.675,27,2.1956469194895822
MID47,SID47,67,2017-03-08 06:24:30,2.858,30,2.254738183328827
MID46,SID46,67,2017-03-08 06:24:30,3.267,31,2.1996731029556935
MID45,SID45,67,2017-03-08 06:24:30,2.858,30,2.3996164713338786
MID44,SID44,67,2017-03-08 06:24:30,2.042,32,2.1459392561548554
MID43,SID43,67,2017-03-08 06:24:30,2.450,32,2.2416286643298875
MID42,SID42,67,2017-03-08 06:24:30,3.675,33,2.2645935906962347
MID41,SID41,67,2017-03-08 06:24:30,3.675,31,2.220774503581899
MID40,SID40,67,2017-03-08 06:24:30,4.083,33,2.284466452056208
MID19,SID19,67,2017-03-08 06:24:40,3.289,31,2.456955457287436
MID18,SID18,67,2017-03-08 06:24:40,2.878,26,2.2925605745121054
MID17,SID17,67,2017-03-08 06:24:40,3.289,25,2.351173685273966
MID16,SID16,67,2017-03-08 06:24:40,2.878,27,2.253720002509801
MID15,SID15,67,2017-03-08 06:24:40,2.056,25,2.449189894379018
MID14,SID14,67,2017-03-08 06:24:40,3.289,32,2.150537621139246
MID13,SID13,67,2017-03-08 06:24:40,3.700,30,2.0788512760879088
MID12,SID12,67,2017-03-08 06:24:40,3.289,27,2.4152373193788623
MID11,SID11,67,2017-03-08 06:24:40,4.111,33,2.2376497321742743
MID99,SID99,67,2017-03-08 06:24:40,2.878,31,2.2572049545916304
MID10,SID10,67,2017-03-08 06:24:40,2.056,33,2.4718948012178346
MID98,SID98,67,2017-03-08 06:24:40,3.700,31,2.3245512736808025
MID97,SID97,67,2017-03-08 06:24:40,2.056,32,2.4140920707810367
MID96,SID96,67,2017-03-08 06:24:40,3.700,34,2.1285675804451802
MID95,SID95,67,2017-03-08 06:24:40,4.111,32,2.0015167691989224
MID94,SID94,67,2017-03-08 06:24:40,4.111,26,2.0289014519835886
MID93,SID93,67,2017-03-08 06:24:40,4.111,27,2.0757078563020706
MID92,SID92,67,2017-03-08 06:24:40,2.878,26,2.2137894604170634
MID91,SID91,67,2017-03-08 06:24:40,4.111,31,2.1398621074304245
MID4,SID4,67,2017-03-08 06:24:40,2.056,28,2.1021894731572948
MID5,SID5,67,2017-03-08 06:24:40,3.289,29,2.4661434496338126
MID6,SID6,67,2017-03-08 06:24:40,2.467,28,2.2556040537887885
MID7,SID7,67,2017-03-08 06:24:40,4.111,30,2.4574765506093894
MID1,SID1,67,2017-03-08 06:24:40,2.878,33,2.1837880659123994
MID2,SID2,67,2017-03-08 06:24:40,4.111,25,2.360117517547754
MID3,SID3,67,2017-03-08 06:24:40,3.700,32,2.419716983534078
MID29,SID29,67,2017-03-08 06:24:40,3.700,30,2.224936365568688
MID28,SID28,67,2017-03-08 06:24:40,2.878,30,2.328568564440998
MID27,SID27,67,2017-03-08 06:24:40,2.467,30,2.33109188875018
MID26,SID26,67,2017-03-08 06:24:40,2.467,30,2.063934868249063
MID8,SID8,67,2017-03-08 06:24:40,2.878,28,2.073396789390188
MID25,SID25,67,2017-03-08 06:24:40,2.056,26,2.1848507055668076
MID9,SID9,67,2017-03-08 06:24:40,3.289,28,2.125892921882993
MID24,SID24,67,2017-03-08 06:24:40,2.056,33,2.388601722082764
MID23,SID23,67,2017-03-08 06:24:40,3.289,25,2.0823392140272734
MID22,SID22,67,2017-03-08 06:24:40,2.878,31,2.092985033072389
MID21,SID21,67,2017-03-08 06:24:40,2.467,30,2.4182210621842675
MID20,SID20,67,2017-03-08 06:24:40,2.878,31,2.0769625409416985
MID100,SID100,67,2017-03-08 06:24:40,3.289,28,2.3812510491910426
MID79,SID79,67,2017-03-08 06:24:40,2.056,29,2.1410571082357275
MID78,SID78,67,2017-03-08 06:24:40,3.289,28,2.058611448253417
MID77,SID77,67,2017-03-08 06:24:40,2.056,29,2.039341352160594
MID76,SID76,67,2017-03-08 06:24:40,2.467,30,2.1072292664169536
MID75,SID75,67,2017-03-08 06:24:40,2.878,28,2.227131440732017
MID74,SID74,67,2017-03-08 06:24:40,3.289,31,2.092406246222817
MID73,SID73,67,2017-03-08 06:24:40,2.467,25,2.4389911601746137
MID72,SID72,67,2017-03-08 06:24:40,4.111,31,2.2131722683223334
MID71,SID71,67,2017-03-08 06:24:40,2.467,29,2.4788391114452026
MID70,SID70,67,2017-03-08 06:24:40,2.467,32,2.4728398530822675
MID90,SID90,67,2017-03-08 06:24:40,3.289,31,2.3213454977674686
MID89,SID89,67,2017-03-08 06:24:40,4.111,31,2.289466940335442
MID88,SID88,67,2017-03-08 06:24:40,3.289,32,2.1423538537437836
MID87,SID87,67,2017-03-08 06:24:40,3.700,28,2.2489975115041663
MID86,SID86,67,2017-03-08 06:24:40,2.467,29,2.4129039633568174
MID85,SID85,67,2017-03-08 06:24:40,4.111,25,2.427448383809212
MID84,SID84,67,2017-03-08 06:24:40,2.467,26,2.4301969790853617
MID83,SID83,67,2017-03-08 06:24:40,2.467,33,2.429021985284826
MID82,SID82,67,2017-03-08 06:24:40,3.700,26,2.0310662380034374
MID81,SID81,67,2017-03-08 06:24:40,3.700,25,2.0814595263998545
MID80,SID80,67,2017-03-08 06:24:40,3.700,29,2.1951248566881603
MID59,SID59,67,2017-03-08 06:24:40,2.467,26,2.4022412516474523
MID58,SID58,67,2017-03-08 06:24:40,2.467,34,2.088444732280874
MID57,SID57,67,2017-03-08 06:24:40,4.111,32,2.3447977216072
MID56,SID56,67,2017-03-08 06:24:40,2.056,29,2.415531493840932
MID55,SID55,67,2017-03-08 06:24:40,3.289,34,2.107413333416484
MID54,SID54,67,2017-03-08 06:24:40,2.056,30,2.001688442606209
MID53,SID53,67,2017-03-08 06:24:40,2.878,33,2.183897027620943
MID52,SID52,67,2017-03-08 06:24:40,4.111,31,2.2513605628028297
MID51,SID51,67,2017-03-08 06:24:40,3.700,27,2.1393876515066723
MID50,SID50,67,2017-03-08 06:24:40,2.056,25,2.034715725546981
MID69,SID69,67,2017-03-08 06:24:40,4.111,27,2.0459699252288375
MID68,SID68,67,2017-03-08 06:24:40,2.878,33,2.315833177283796
MID67,SID67,67,2017-03-08 06:24:40,3.700,34,2.3950079205036
MID66,SID66,67,2017-03-08 06:24:40,2.467,26,2.336405546036721
MID65,SID65,67,2017-03-08 06:24:40,3.700,25,2.3225801164782043
MID64,SID64,67,2017-03-08 06:24:40,3.289,25,2.195637584974401
MID63,SID63,67,2017-03-08 06:24:40,2.467,32,2.1284347774340033
MID62,SID62,67,2017-03-08 06:24:40,4.111,28,2.41271970333367
MID61,SID61,67,2017-03-08 06:24:40,3.700,32,2.240351815012156
MID60,SID60,67,2017-03-08 06:24:40,3.700,32,2.2923185602263727
MID39,SID39,67,2017-03-08 06:24:40,3.289,27,2.0659107894228383
MID38,SID38,67,2017-03-08 06:24:40,2.878,34,2.016916994063588
MID37,SID37,67,2017-03-08 06:24:40,3.289,28,2.3484060881238324
MID36,SID36,67,2017-03-08 06:24:40,3.700,34,2.134474773911156
MID35,SID35,67,2017-03-08 06:24:40,3.700,33,2.2658632551361393
MID34,SID34,67,2017-03-08 06:24:40,2.056,30,2.0096778166895803
MID33,SID33,67,2017-03-08 06:24:40,4.111,27,2.2513502610206038
MID32,SID32,67,2017-03-08 06:24:40,3.700,32,2.4022034684734273
MID31,SID31,67,2017-03-08 06:24:40,2.056,26,2.477844358102083
MID30,SID30,67,2017-03-08 06:24:40,2.878,26,2.342665989125577
MID49,SID49,67,2017-03-08 06:24:40,2.878,28,2.247892282592624
MID48,SID48,67,2017-03-08 06:24:40,3.700,25,2.249404530761816
MID47,SID47,67,2017-03-08 06:24:40,2.878,34,2.4105915113559617
MID46,SID46,67,2017-03-08 06:24:40,3.289,27,2.3366962991107783
MID45,SID45,67,2017-03-08 06:24:40,2.878,28,2.2231459017251742
MID44,SID44,67,2017-03-08 06:24:40,2.056,28,2.056859244648037
MID43,SID43,67,2017-03-08 06:24:40,2.467,26,2.2392925680694424
MID42,SID42,67,2017-03-08 06:24:40,3.700,31,2.365073683649024
MID41,SID41,67,2017-03-08 06:24:40,3.700,30,2.2134853813571986
MID40,SID40,67,2017-03-08 06:24:40,4.111,26,2.1468059025824915
MID19,SID19,67,2017-03-08 06:24:50,3.311,29,2.015252823977432
MID18,SID18,67,2017-03-08 06:24:50,2.897,25,2.4633494684123756
MID17,SID17,67,2017-03-08 06:24:50,3.311,29,2.3778020421965413
MID16,SID16,67,2017-03-08 06:24:50,2.897,28,2.422442940869191
MID15,SID15,67,2017-03-08 06:24:50,2.069,28,2.0823896302146405
MID14,SID14,67,2017-03-08 06:24:50,3.311,28,2.2138385421967275
MID13,SID13,67,2017-03-08 06:24:50,3.725,27,2.0844637119507436
MID12,SID12,67,2017-03-08 06:24:50,3.311,30,2.0626448830452593
MID11,SID11,67,2017-03-08 06:24:50,4.139,26,2.4728821428189454
MID99,SID99,67,2017-03-08 06:24:50,2.897,27,2.455949792066279
MID10,SID10,67,2017-03-08 06:24:50,2.069,34,2.1751657444390013
MID98,SID98,67,2017-03-08 06:24:50,3.725,27,2.360275719726466
MID97,SID97,67,2017-03-08 06:24:50,2.069,32,2.3130249372964977
MID96,SID96,67,2017-03-08 06:24:50,3.725,32,2.4889991283014625
MID95,SID95,67,2017-03-08 06:24:50,4.139,32,2.241159631372124
MID94,SID94,67,2017-03-08 06:24:50,4.139,28,2.4043734521802773
MID93,SID93,67,2017-03-08 06:24:50,4.139,31,2.2006178047335134
MID92,SID92,67,2017-03-08 06:24:50,2.897,29,2.4607159924213504
MID91,SID91,67,2017-03-08 06:24:50,4.139,32,2.1681517681785567
MID4,SID4,67,2017-03-08 06:24:50,2.069,26,2.257820095598161
MID5,SID5,67,2017-03-08 06:24:50,3.311,32,2.1180857837802423
MID6,SID6,67,2017-03-08 06:24:50,2.483,28,2.470091959591814
MID7,SID7,67,2017-03-08 06:24:50,4.139,25,2.175438193067898
MID1,SID1,67,2017-03-08 06:24:50,2.897,28,2.158393762672375
MID2,SID2,67,2017-03-08 06:24:50,4.139,30,2.1382825323618793
MID3,SID3,67,2017-03-08 06:24:50,3.725,31,2.3681635577939453
MID29,SID29,67,2017-03-08 06:24:50,3.725,25,2.1903248468405714
MID28,SID28,67,2017-03-08 06:24:50,2.897,34,2.3074769603202423
MID27,SID27,67,2017-03-08 06:24:50,2.483,30,2.021586184701521
MID26,SID26,67,2017-03-08 06:24:50,2.483,30,2.4779595857640064
MID8,SID8,67,2017-03-08 06:24:50,2.897,30,2.15142164482482
MID25,SID25,67,2017-03-08 06:24:50,2.069,27,2.1966368928566364
MID9,SID9,67,2017-03-08 06:24:50,3.311,27,2.2956591796373744
MID24,SID24,67,2017-03-08 06:24:50,2.069,28,2.4644377375134114
MID23,SID23,67,2017-03-08 06:24:50,3.311,27,2.3962480916881277
MID22,SID22,67,2017-03-08 06:24:50,2.897,29,2.289418611497335
MID21,SID21,67,2017-03-08 06:24:50,2.483,27,2.4866183109660347
MID20,SID20,67,2017-03-08 06:24:50,2.897,26,2.0012841243477495
MID100,SID100,67,2017-03-08 06:24:50,3.311,32,2.2793748059832564
MID79,SID79,67,2017-03-08 06:24:50,2.069,34,2.242367057936546
MID78,SID78,67,2017-03-08 06:24:50,3.311,33,2.192143264740778
MID77,SID77,67,2017-03-08 06:24:50,2.069,32,2.123612670542952
MID76,SID76,67,2017-03-08 06:24:50,2.483,26,2.24605796745511
MID75,SID75,67,2017-03-08 06:24:50,2.897,30,2.31585678321883
MID74,SID74,67,2017-03-08 06:24:50,3.311,32,2.1837632365684283
MID73,SID73,67,2017-03-08 06:24:50,2.483,34,2.0694707666135317
MID72,SID72,67,2017-03-08 06:24:50,4.139,32,2.2347944414533267
MID71,SID71,67,2017-03-08 06:24:50,2.483,27,2.0552358925827665
MID70,SID70,67,2017-03-08 06:24:50,2.483,30,2.254510779578015
MID90,SID90,67,2017-03-08 06:24:50,3.311,31,2.294697714979693
MID89,SID89,67,2017-03-08 06:24:50,4.139,31,2.395640690464366
MID88,SID88,67,2017-03-08 06:24:50,3.311,28,2.1407180640555414
MID87,SID87,67,2017-03-08 06:24:50,3.725,26,2.440318528132759
MID86,SID86,67,2017-03-08 06:24:50,2.483,30,2.448793110139107
MID85,SID85,67,2017-03-08 06:24:50,4.139,32,2.4924395304295444
MID84,SID84,67,2017-03-08 06:24:50,2.483,31,2.031798141345408
MID83,SID83,67,2017-03-08 06:24:50,2.483,27,2.10941695611555
MID82,SID82,67,2017-03-08 06:24:50,3.725,29,2.413079852342319
MID81,SID81,67,2017-03-08 06:24:50,3.725,28,2.1699893032225197
MID80,SID80,67,2017-03-08 06:24:50,3.725,34,2.2795933858615496
MID59,SID59,67,2017-03-08 06:24:50,2.483,32,2.3480145566710244
MID58,SID58,67,2017-03-08 06:24:50,2.483,27,2.2310292587948126
MID57,SID57,67,2017-03-08 06:24:50,4.139,33,2.0177106055963825
MID56,SID56,67,2017-03-08 06:24:50,2.069,26,2.174987705316643
MID55,SID55,67,2017-03-08 06:24:50,3.311,25,2.3992279421296674
MID54,SID54,67,2017-03-08 06:24:50,2.069,29,2.3218802410992416
MID53,SID53,67,2017-03-08 06:24:50,2.897,28,2.0181145252977015
MID52,SID52,67,2017-03-08 06:24:50,4.139,34,2.177053458970819
MID51,SID51,67,2017-03-08 06:24:50,3.725,32,2.449725768246922
MID50,SID50,67,2017-03-08 06:24:50,2.069,29,2.4425838504567916
MID69,SID69,67,2017-03-08 06:24:50,4.139,29,2.23546741016347
MID68,SID68,67,2017-03-08 06:24:50,2.897,31,2.408558257523241
MID67,SID67,67,2017-03-08 06:24:50,3.725,28,2.101977778546551
MID66,SID66,67,2017-03-08 06:24:50,2.483,27,2.350998066725
MID65,SID65,67,2017-03-08 06:24:50,3.725,28,2.1458348501980873
MID64,SID64,67,2017-03-08 06:24:50,3.311,29,2.462230927854306
MID63,SID63,67,2017-03-08 06:24:50,2.483,32,2.026146333621151
MID62,SID62,67,2017-03-08 06:24:50,4.139,26,2.128170508699469
MID61,SID61,67,2017-03-08 06:24:50,3.725,30,2.483027896109763
MID60,SID60,67,2017-03-08 06:24:50,3.725,26,2.0055496368166765
MID39,SID39,67,2017-03-08 06:24:50,3.311,32,2.2337788359493866
MID38,SID38,67,2017-03-08 06:24:50,2.897,34,2.108208755325025
MID37,SID37,67,2017-03-08 06:24:50,3.311,30,2.108411967988707
MID36,SID36,67,2017-03-08 06:24:50,3.725,26,2.2449470135930385
MID35,SID35,67,2017-03-08 06:24:50,3.725,31,2.391476570644025
MID34,SID34,67,2017-03-08 06:24:50,2.069,28,2.145611342410835
MID33,SID33,67,2017-03-08 06:24:50,4.139,33,2.077240632467505
MID32,SID32,67,2017-03-08 06:24:50,3.725,28,2.1760976658843654
MID31,SID31,67,2017-03-08 06:24:50,2.069,31,2.1002983424324255
MID30,SID30,67,2017-03-08 06:24:50,2.897,34,2.2842702541807753
MID49,SID49,67,2017-03-08 06:24:50,2.897,27,2.372696803239663
MID48,SID48,67,2017-03-08 06:24:50,3.725,29,2.0508736612602596
MID47,SID47,67,2017-03-08 06:24:50,2.897,28,2.078668549751942
MID46,SID46,67,2017-03-08 06:24:50,3.311,28,2.135346180222879
MID45,SID45,67,2017-03-08 06:24:50,2.897,30,2.2530327031819706
MID44,SID44,67,2017-03-08 06:24:50,2.069,25,2.0794574626081634
MID43,SID43,67,2017-03-08 06:24:50,2.483,26,2.0623459783375973
MID42,SID42,67,2017-03-08 06:24:50,3.725,28,2.0199419975837696
MID41,SID41,67,2017-03-08 06:24:50,3.725,31,2.3455238895775112
MID40,SID40,67,2017-03-08 06:24:50,4.139,25,2.306551475877887
MID19,SID19,67,2017-03-08 06:25:00,3.333,29,2.3534932955107024
MID18,SID18,67,2017-03-08 06:25:00,2.917,30,2.2046936706302858
MID17,SID17,67,2017-03-08 06:25:00,3.333,28,2.479804151958006
MID16,SID16,67,2017-03-08 06:25:00,2.917,33,2.192528842806138
MID15,SID15,67,2017-03-08 06:25:00,2.083,31,2.161905695582999
MID14,SID14,67,2017-03-08 06:25:00,3.333,30,2.276479479898409
MID13,SID13,67,2017-03-08 06:25:00,3.750,29,2.0151754098048804
MID12,SID12,67,2017-03-08 06:25:00,3.333,32,2.191613449974133
MID11,SID11,67,2017-03-08 06:25:00,4.167,30,2.47481105620924
MID99,SID99,67,2017-03-08 06:25:00,2.917,30,2.497856684621779
MID10,SID10,67,2017-03-08 06:25:00,2.083,25,2.2029483178932825
MID98,SID98,67,2017-03-08 06:25:00,3.750,32,2.033525368477011
MID97,SID97,67,2017-03-08 06:25:00,2.083,25,2.415090264602866
MID96,SID96,67,2017-03-08 06:25:00,3.750,30,2.1591515127513623
MID95,SID95,67,2017-03-08 06:25:00,4.167,32,2.4431293228950097
MID94,SID94,67,2017-03-08 06:25:00,4.167,32,2.385808652825127
MID93,SID93,67,2017-03-08 06:25:00,4.167,33,2.4057884275770602
MID92,SID92,67,2017-03-08 06:25:00,2.917,27,2.250670852889191
MID91,SID91,67,2017-03-08 06:25:00,4.167,32,2.1709626688188934
MID4,SID4,67,2017-03-08 06:25:00,2.083,34,2.0764992518402083
MID5,SID5,67,2017-03-08 06:25:00,3.333,32,2.4669207875621684
MID6,SID6,67,2017-03-08 06:25:00,2.500,27,2.3515117973590653
MID7,SID7,67,2017-03-08 06:25:00,4.167,25,2.3414093309419566
MID1,SID1,67,2017-03-08 06:25:00,2.917,31,2.4501052653187014
MID2,SID2,67,2017-03-08 06:25:00,4.167,28,2.4159722097150196
MID3,SID3,67,2017-03-08 06:25:00,3.750,33,2.1541060713299442
MID29,SID29,67,2017-03-08 06:25:00,3.750,28,2.0011937432780122
MID28,SID28,67,2017-03-08 06:25:00,2.917,30,2.4441158394189606
MID27,SID27,67,2017-03-08 06:25:00,2.500,27,2.220838120716538
MID26,SID26,67,2017-03-08 06:25:00,2.500,33,2.3107401753288945
MID8,SID8,67,2017-03-08 06:25:00,2.917,30,2.0447570784764655
MID25,SID25,67,2017-03-08 06:25:00,2.083,32,2.0296078061721303
MID9,SID9,67,2017-03-08 06:25:00,3.333,26,2.1284834172691514
MID24,SID24,67,2017-03-08 06:25:00,2.083,32,2.028355386566213
MID23,SID23,67,2017-03-08 06:25:00,3.333,25,2.0183450653463435
MID22,SID22,67,2017-03-08 06:25:00,2.917,32,2.4675206766215263
MID21,SID21,67,2017-03-08 06:25:00,2.500,26,2.3775388475466337
MID20,SID20,67,2017-03-08 06:25:00,2.917,31,2.1924532421422103
MID100,SID100,67,2017-03-08 06:25:00,3.333,26,2.4842642685371743
MID79,SID79,67,2017-03-08 06:25:00,2.083,26,2.4589388118083413
MID78,SID78,67,2017-03-08 06:25:00,3.333,25,2.0562182499858572
MID77,SID77,67,2017-03-08 06:25:00,2.083,25,2.154892502773247
MID76,SID76,67,2017-03-08 06:25:00,2.500,27,2.154432736748252
MID75,SID75,67,2017-03-08 06:25:00,2.917,29,2.0808250967757025
MID74,SID74,67,2017-03-08 06:25:00,3.333,32,2.4902859764734373
MID73,SID73,67,2017-03-08 06:25:00,2.500,26,2.070265533004576
MID72,SID72,67,2017-03-08 06:25:00,4.167,25,2.4895185872396004
MID71,SID71,67,2017-03-08 06:25:00,2.500,28,2.0359914995026163
MID70,SID70,67,2017-03-08 06:25:00,2.500,28,2.4237866809961246
MID90,SID90,67,2017-03-08 06:25:00,3.333,33,2.0745005449839167
MID89,SID89,67,2017-03-08 06:25:00,4.167,34,2.433793959884954
MID88,SID88,67,2017-03-08 06:25:00,3.333,26,2.0922953493355516
MID87,SID87,67,2017-03-08 06:25:00,3.750,28,2.4293032144257927
MID86,SID86,67,2017-03-08 06:25:00,2.500,31,2.191700339262065
MID85,SID85,67,2017-03-08 06:25:00,4.167,26,2.4903938859830332
MID84,SID84,67,2017-03-08 06:25:00,2.500,26,2.099325564486011
MID83,SID83,67,2017-03-08 06:25:00,2.500,26,2.0367702686969453
MID82,SID82,67,2017-03-08 06:25:00,3.750,27,2.1468589454090776
MID81,SID81,67,2017-03-08 06:25:00,3.750,25,2.0858316568715964
MID80,SID80,67,2017-03-08 06:25:00,3.750,26,2.426849085452112
MID59,SID59,67,2017-03-08 06:25:00,2.500,32,2.1686081158076282
MID58,SID58,67,2017-03-08 06:25:00,2.500,31,2.364458294232991
MID57,SID57,67,2017-03-08 06:25:00,4.167,32,2.1047853875389984
MID56,SID56,67,2017-03-08 06:25:00,2.083,28,2.3270742531861117
MID55,SID55,67,2017-03-08 06:25:00,3.333,34,2.3170133584006765
MID54,SID54,67,2017-03-08 06:25:00,2.083,31,2.43877362326163
MID53,SID53,67,2017-03-08 06:25:00,2.917,29,2.0083058820151662
MID52,SID52,67,2017-03-08 06:25:00,4.167,32,2.157957046660153
MID51,SID51,67,2017-03-08 06:25:00,3.750,32,2.2732950605419067
MID50,SID50,67,2017-03-08 06:25:00,2.083,34,2.4122589817718394
MID69,SID69,67,2017-03-08 06:25:00,4.167,27,2.1151977471471057
MID68,SID68,67,2017-03-08 06:25:00,2.917,32,2.215129036380593
MID67,SID67,67,2017-03-08 06:25:00,3.750,30,2.4412973904402313
MID66,SID66,67,2017-03-08 06:25:00,2.500,25,2.3190504385672552
MID65,SID65,67,2017-03-08 06:25:00,3.750,28,2.271986180517803
MID64,SID64,67,2017-03-08 06:25:00,3.333,32,2.2262006472606792
MID63,SID63,67,2017-03-08 06:25:00,2.500,30,2.2662889732924127
MID62,SID62,67,2017-03-08 06:25:00,4.167,34,2.1099789540164853
MID61,SID61,67,2017-03-08 06:25:00,3.750,28,2.496421935658548
MID60,SID60,67,2017-03-08 06:25:00,3.750,27,2.0843739518701545
MID39,SID39,67,2017-03-08 06:25:00,3.333,34,2.3177746178216214
MID38,SID38,67,2017-03-08 06:25:00,2.917,26,2.2015223723962114
MID37,SID37,67,2017-03-08 06:25:00,3.333,29,2.0662480563940373
MID36,SID36,67,2017-03-08 06:25:00,3.750,28,2.104768181261811
MID35,SID35,67,2017-03-08 06:25:00,3.750,25,2.4263610607959265
MID34,SID34,67,2017-03-08 06:25:00,2.083,28,2.1089995774973973
MID33,SID33,67,2017-03-08 06:25:00,4.167,27,2.4390218871698233
MID32,SID32,67,2017-03-08 06:25:00,3.750,33,2.438275040677512
MID31,SID31,67,2017-03-08 06:25:00,2.083,30,2.370558409469397
MID30,SID30,67,2017-03-08 06:25:00,2.917,32,2.2439696054287137
MID49,SID49,67,2017-03-08 06:25:00,2.917,25,2.047122246255537
MID48,SID48,67,2017-03-08 06:25:00,3.750,26,2.2641901406509315
MID47,SID47,67,2017-03-08 06:25:00,2.917,29,2.4386590821167276
MID46,SID46,67,2017-03-08 06:25:00,3.333,30,2.115534348944528
MID45,SID45,67,2017-03-08 06:25:00,2.917,33,2.481175577720921
MID44,SID44,67,2017-03-08 06:25:00,2.083,27,2.1399594740752472
MID43,SID43,67,2017-03-08 06:25:00,2.500,25,2.3826910781623796
MID42,SID42,67,2017-03-08 06:25:00,3.750,27,2.422129312093396
MID41,SID41,67,2017-03-08 06:25:00,3.750,30,2.4034038392950077
MID40,SID40,67,2017-03-08 06:25:00,4.167,28,2.436456214809031
MID19,SID19,67,2017-03-08 06:25:10,3.356,26,2.3832846150141895
MID18,SID18,67,2017-03-08 06:25:10,2.936,33,2.174596982435479
MID17,SID17,67,2017-03-08 06:25:10,3.356,31,2.0733994359935375
MID16,SID16,67,2017-03-08 06:25:10,2.936,32,2.3860637346595075
MID15,SID15,67,2017-03-08 06:25:10,2.097,28,2.114902038371762
MID14,SID14,67,2017-03-08 06:25:10,3.356,31,2.0196784197045794
MID13,SID13,67,2017-03-08 06:25:10,3.775,25,2.499244065242765
MID12,SID12,67,2017-03-08 06:25:10,3.356,30,2.3677684791635807
MID11,SID11,67,2017-03-08 06:25:10,4.194,27,2.344723167678591
MID99,SID99,67,2017-03-08 06:25:10,2.936,27,2.4851041357785473
MID10,SID10,67,2017-03-08 06:25:10,2.097,28,2.3757711520655374
MID98,SID98,67,2017-03-08 06:25:10,3.775,34,2.337603109376202
MID97,SID97,67,2017-03-08 06:25:10,2.097,26,2.4552944656216034
MID96,SID96,67,2017-03-08 06:25:10,3.775,34,2.175110067467039
MID95,SID95,67,2017-03-08 06:25:10,4.194,33,2.1018742533976646
MID94,SID94,67,2017-03-08 06:25:10,4.194,34,2.0756176323275555
MID93,SID93,67,2017-03-08 06:25:10,4.194,30,2.0851132248825017
MID92,SID92,67,2017-03-08 06:25:10,2.936,27,2.364717464998994
MID91,SID91,67,2017-03-08 06:25:10,4.194,26,2.42736232881984
MID4,SID4,67,2017-03-08 06:25:10,2.097,33,2.2788490278764155
MID5,SID5,67,2017-03-08 06:25:10,3.356,29,2.249033135910852
MID6,SID6,67,2017-03-08 06:25:10,2.517,27,2.4417810189293494
MID7,SID7,67,2017-03-08 06:25:10,4.194,34,2.3304827223195193
MID1,SID1,67,2017-03-08 06:25:10,2.936,25,2.066366654524442
MID2,SID2,67,2017-03-08 06:25:10,4.194,32,2.1105023013953605
MID3,SID3,67,2017-03-08 06:25:10,3.775,26,2.056876173662778
MID29,SID29,67,2017-03-08 06:25:10,3.775,33,2.4092797985803447
MID28,SID28,67,2017-03-08 06:25:10,2.936,34,2.015635579742489
MID27,SID27,67,2017-03-08 06:25:10,2.517,34,2.3320782860710487
MID26,SID26,67,2017-03-08 06:25:10,2.517,26,2.1719955234108324
MID8,SID8,67,2017-03-08 06:25:10,2.936,27,2.1790570002047605
MID25,SID25,67,2017-03-08 06:25:10,2.097,25,2.041743079939419
MID9,SID9,67,2017-03-08 06:25:10,3.356,30,2.0320316761887343
MID24,SID24,67,2017-03-08 06:25:10,2.097,32,2.217098615084711
MID23,SID23,67,2017-03-08 06:25:10,3.356,28,2.102932828757986
MID22,SID22,67,2017-03-08 06:25:10,2.936,26,2.3712584531954555
MID21,SID21,67,2017-03-08 06:25:10,2.517,25,2.0361195782138046
MID20,SID20,67,2017-03-08 06:25:10,2.936,27,2.400058444793448
MID100,SID100,67,2017-03-08 06:25:10,3.356,32,2.113808340820538
MID79,SID79,67,2017-03-08 06:25:10,2.097,33,2.3890295612020807
MID78,SID78,67,2017-03-08 06:25:10,3.356,29,2.2200214730264816
MID77,SID77,67,2017-03-08 06:25:10,2.097,28,2.4871144757936636
MID76,SID76,67,2017-03-08 06:25:10,2.517,32,2.3277362820308594
MID75,SID75,67,2017-03-08 06:25:10,2.936,30,2.370638266037871
MID74,SID74,67,2017-03-08 06:25:10,3.356,29,2.4428883860741935
MID73,SID73,67,2017-03-08 06:25:10,2.517,26,2.0498412027003936
MID72,SID72,67,2017-03-08 06:25:10,4.194,26,2.082228334266573
MID71,SID71,67,2017-03-08 06:25:10,2.517,31,2.053007969163773
MID70,SID70,67,2017-03-08 06:25:10,2.517,31,2.254400794291941
MID90,SID90,67,2017-03-08 06:25:10,3.356,25,2.012472312905935
MID89,SID89,67,2017-03-08 06:25:10,4.194,25,2.256549787317785
MID88,SID88,67,2017-03-08 06:25:10,3.356,27,2.303937572463603
MID87,SID87,67,2017-03-08 06:25:10,3.775,28,2.043911615859968
MID86,SID86,67,2017-03-08 06:25:10,2.517,25,2.0237059674700677
MID85,SID85,67,2017-03-08 06:25:10,4.194,25,2.3141086534556234
MID84,SID84,67,2017-03-08 06:25:10,2.517,25,2.283707433370309
MID83,SID83,67,2017-03-08 06:25:10,2.517,31,2.3342680563741505
MID82,SID82,67,2017-03-08 06:25:10,3.775,28,2.144184569333108
MID81,SID81,67,2017-03-08 06:25:10,3.775,31,2.356899420933032
MID80,SID80,67,2017-03-08 06:25:10,3.775,26,2.441209684792396
MID59,SID59,67,2017-03-08 06:25:10,2.517,30,2.1984120464447567
MID58,SID58,67,2017-03-08 06:25:10,2.517,27,2.2046433378679935
MID57,SID57,67,2017-03-08 06:25:10,4.194,32,2.0651708509316786
MID56,SID56,67,2017-03-08 06:25:10,2.097,28,2.4370254074401063
MID55,SID55,67,2017-03-08 06:25:10,3.356,31,2.321153983699067
MID54,SID54,67,2017-03-08 06:25:10,2.097,31,2.009109288431924
MID53,SID53,67,2017-03-08 06:25:10,2.936,26,2.1529963988451706
MID52,SID52,67,2017-03-08 06:25:10,4.194,25,2.2173439693616217
MID51,SID51,67,2017-03-08 06:25:10,3.775,27,2.3823927419959903
MID50,SID50,67,2017-03-08 06:25:10,2.097,30,2.0461165036650426
MID69,SID69,67,2017-03-08 06:25:10,4.194,29,2.4982521609869126
MID68,SID68,67,2017-03-08 06:25:10,2.936,25,2.216276687846456
MID67,SID67,67,2017-03-08 06:25:10,3.775,32,2.0970810245818665
MID66,SID66,67,2017-03-08 06:25:10,2.517,28,2.2291165911957993
MID65,SID65,67,2017-03-08 06:25:10,3.775,30,2.0357404729778916
MID64,SID64,67,2017-03-08 06:25:10,3.356,31,2.2926246864968287
MID63,SID63,67,2017-03-08 06:25:10,2.517,27,2.4524942730737416
MID62,SID62,67,2017-03-08 06:25:10,4.194,28,2.4951522204346626
MID61,SID61,67,2017-03-08 06:25:10,3.775,28,2.4720401290057428
MID60,SID60,67,2017-03-08 06:25:10,3.775,30,2.112660080299476
MID39,SID39,67,2017-03-08 06:25:10,3.356,32,2.188877650393355
MID38,SID38,67,2017-03-08 06:25:10,2.936,32,2.2773594515118085
MID37,SID37,67,2017-03-08 06:25:10,3.356,32,2.401757038538384
MID36,SID36,67,2017-03-08 06:25:10,3.775,31,2.229797771191765
MID35,SID35,67,2017-03-08 06:25:10,3.775,32,2.107334063337885
MID34,SID34,67,2017-03-08 06:25:10,2.097,30,2.4769228810501964
MID33,SID33,67,2017-03-08 06:25:10,4.194,27,2.327668471280741
MID32,SID32,67,2017-03-08 06:25:10,3.775,30,2.144761138337808
MID31,SID31,67,2017-03-08 06:25:10,2.097,34,2.382794338129905
MID30,SID30,67,2017-03-08 06:25:10,2.936,28,2.05611808660803
MID49,SID49,67,2017-03-08 06:25:10,2.936,34,2.10254636171094
MID48,SID48,67,2017-03-08 06:25:10,3.775,27,2.208326270094585
MID47,SID47,67,2017-03-08 06:25:10,2.936,34,2.2554191830196952
MID46,SID46,67,2017-03-08 06:25:10,3.356,30,2.4554684218054543
MID45,SID45,67,2017-03-08 06:25:10,2.936,31,2.4043786626513244
MID44,SID44,67,2017-03-08 06:25:10,2.097,31,2.0569071009345863
MID43,SID43,67,2017-03-08 06:25:10,2.517,29,2.491529651843528
MID42,SID42,67,2017-03-08 06:25:10,3.775,29,2.269976746667264
MID41,SID41,67,2017-03-08 06:25:10,3.775,32,2.3347539704192974
MID40,SID40,67,2017-03-08 06:25:10,4.194,27,2.2900913640293323
MID19,SID19,67,2017-03-08 06:25:20,3.378,32,2.3233341977641158
MID18,SID18,67,2017-03-08 06:25:20,2.956,30,2.0039287745224668
MID17,SID17,67,2017-03-08 06:25:20,3.378,30,2.058988455370646
MID16,SID16,67,2017-03-08 06:25:20,2.956,31,2.430215101232698
MID15,SID15,67,2017-03-08 06:25:20,2.111,29,2.0376432755000167
MID14,SID14,67,2017-03-08 06:25:20,3.378,27,2.4158874184497705
MID13,SID13,67,2017-03-08 06:25:20,3.800,33,2.2009430309515574
MID12,SID12,67,2017-03-08 06:25:20,3.378,33,2.2274749913894842
MID11,SID11,67,2017-03-08 06:25:20,4.222,32,2.3279194874346874
MID99,SID99,67,2017-03-08 06:25:20,2.956,28,2.1818644040000774
MID10,SID10,67,2017-03-08 06:25:20,2.111,25,2.0438887918396476
MID98,SID98,67,2017-03-08 06:25:20,3.800,28,2.154078257030978
MID97,SID97,67,2017-03-08 06:25:20,2.111,31,2.204271380766635
MID96,SID96,67,2017-03-08 06:25:20,3.800,25,2.4518281468442984
MID95,SID95,67,2017-03-08 06:25:20,4.222,34,2.1002267557836136
MID94,SID94,67,2017-03-08 06:25:20,4.222,30,2.2618821479633646
MID93,SID93,67,2017-03-08 06:25:20,4.222,26,2.333974020599212
MID92,SID92,67,2017-03-08 06:25:20,2.956,28,2.381367437199482
MID91,SID91,67,2017-03-08 06:25:20,4.222,29,2.1116040521362742
MID4,SID4,67,2017-03-08 06:25:20,2.111,25,2.0853179049392483
MID5,SID5,67,2017-03-08 06:25:20,3.378,28,2.1437762153687134
MID6,SID6,67,2017-03-08 06:25:20,2.533,27,2.3477230192435323
MID7,SID7,67,2017-03-08 06:25:20,4.222,30,2.013934890927367
MID1,SID1,67,2017-03-08 06:25:20,2.956,27,2.284215346093506
MID2,SID2,67,2017-03-08 06:25:20,4.222,34,2.463758162251108
MID3,SID3,67,2017-03-08 06:25:20,3.800,31,2.2008195089638973
MID29,SID29,67,2017-03-08 06:25:20,3.800,28,2.01058495625118
MID28,SID28,67,2017-03-08 06:25:20,2.956,32,2.361416711592086
MID27,SID27,67,2017-03-08 06:25:20,2.533,34,2.0913330428620163
MID26,SID26,67,2017-03-08 06:25:20,2.533,30,2.329890190831904
MID8,SID8,67,2017-03-08 06:25:20,2.956,26,2.0312767781362524
MID25,SID25,67,2017-03-08 06:25:20,2.111,28,2.090405748508223
MID9,SID9,67,2017-03-08 06:25:20,3.378,27,2.41986372070959
MID24,SID24,67,2017-03-08 06:25:20,2.111,30,2.0175142429941277
MID23,SID23,67,2017-03-08 06:25:20,3.378,32,2.4193893880238964
MID22,SID22,67,2017-03-08 06:25:20,2.956,33,2.307316905398678
MID21,SID21,67,2017-03-08 06:25:20,2.533,34,2.333404857778248
MID20,SID20,67,2017-03-08 06:25:20,2.956,29,2.062416924943152
MID100,SID100,67,2017-03-08 06:25:20,3.378,34,2.021665601733349
MID79,SID79,67,2017-03-08 06:25:20,2.111,27,2.233541617562649
MID78,SID78,67,2017-03-08 06:25:20,3.378,34,2.167379095071507
MID77,SID77,67,2017-03-08 06:25:20,2.111,34,2.2750726055650836
MID76,SID76,67,2017-03-08 06:25:20,2.533,30,2.1361358048960115
MID75,SID75,67,2017-03-08 06:25:20,2.956,25,2.350080644264637
MID74,SID74,67,2017-03-08 06:25:20,3.378,34,2.316842862806228
MID73,SID73,67,2017-03-08 06:25:20,2.533,28,2.3804993218445825
MID72,SID72,67,2017-03-08 06:25:20,4.222,33,2.134915165363089
MID71,SID71,67,2017-03-08 06:25:20,2.533,32,2.108912381893492
MID70,SID70,67,2017-03-08 06:25:20,2.533,26,2.4701781658952435
MID90,SID90,67,2017-03-08 06:25:20,3.378,33,2.172184303180653
MID89,SID89,67,2017-03-08 06:25:20,4.222,28,2.051094660962982
MID88,SID88,67,2017-03-08 06:25:20,3.378,33,2.2279571570766445
MID87,SID87,67,2017-03-08 06:25:20,3.800,25,2.4060601013248766
MID86,SID86,67,2017-03-08 06:25:20,2.533,32,2.372937454436308
MID85,SID85,67,2017-03-08 06:25:20,4.222,31,2.2498016631299653
MID84,SID84,67,2017-03-08 06:25:20,2.533,26,2.2158515020367076
MID83,SID83,67,2017-03-08 06:25:20,2.533,34,2.066739627422429
MID82,SID82,67,2017-03-08 06:25:20,3.800,34,2.0905834726755126
MID81,SID81,67,2017-03-08 06:25:20,3.800,30,2.4646956613703224
MID80,SID80,67,2017-03-08 06:25:20,3.800,25,2.1909614906264485
MID59,SID59,67,2017-03-08 06:25:20,2.533,30,2.2168057298070734
MID58,SID58,67,2017-03-08 06:25:20,2.533,30,2.4675558441272165
MID57,SID57,67,2017-03-08 06:25:20,4.222,26,2.117629523153839
MID56,SID56,67,2017-03-08 06:25:20,2.111,30,2.282609184987821
MID55,SID55,67,2017-03-08 06:25:20,3.378,25,2.0069916126743443
MID54,SID54,67,2017-03-08 06:25:20,2.111,32,2.4146410041416138
MID53,SID53,67,2017-03-08 06:25:20,2.956,31,2.3415342497718536
MID52,SID52,67,2017-03-08 06:25:20,4.222,31,2.0083930332233795
MID51,SID51,67,2017-03-08 06:25:20,3.800,31,2.1851522736498636
MID50,SID50,67,2017-03-08 06:25:20,2.111,26,2.3698623124559224
MID69,SID69,67,2017-03-08 06:25:20,4.222,29,2.482678863445444
MID68,SID68,67,2017-03-08 06:25:20,2.956,29,2.283315496536911
MID67,SID67,67,2017-03-08 06:25:20,3.800,26,2.331687372333189
MID66,SID66,67,2017-03-08 06:25:20,2.533,33,2.08889286428436
MID65,SID65,67,2017-03-08 06:25:20,3.800,30,2.4924237158750975
MID64,SID64,67,2017-03-08 06:25:20,3.378,33,2.047883191384087
MID63,SID63,67,2017-03-08 06:25:20,2.533,29,2.2793229409861993
MID62,SID62,67,2017-03-08 06:25:20,4.222,26,2.1330896499416134
MID61,SID61,67,2017-03-08 06:25:20,3.800,27,2.4906698411085073
MID60,SID60,67,2017-03-08 06:25:20,3.800,31,2.123336935253055
MID39,SID39,67,2017-03-08 06:25:20,3.378,33,2.36963630806784
MID38,SID38,67,2017-03-08 06:25:20,2.956,32,2.1857559259658155
MID37,SID37,67,2017-03-08 06:25:20,3.378,33,2.325467101543818
MID36,SID36,67,2017-03-08 06:25:20,3.800,31,2.4318257094012186
MID35,SID35,67,2017-03-08 06:25:20,3.800,25,2.1905343929185324
MID34,SID34,67,2017-03-08 06:25:20,2.111,25,2.3197120611700135
MID33,SID33,67,2017-03-08 06:25:20,4.222,33,2.042540635982677
MID32,SID32,67,2017-03-08 06:25:20,3.800,32,2.089106746139481
MID31,SID31,67,2017-03-08 06:25:20,2.111,32,2.496809245116091
MID30,SID30,67,2017-03-08 06:25:20,2.956,25,2.2260496856162
MID49,SID49,67,2017-03-08 06:25:20,2.956,34,2.223448513170198
MID48,SID48,67,2017-03-08 06:25:20,3.800,28,2.028994002003699
MID47,SID47,67,2017-03-08 06:25:20,2.956,29,2.2184567041654293
MID46,SID46,67,2017-03-08 06:25:20,3.378,34,2.4094717025066483
MID45,SID45,67,2017-03-08 06:25:20,2.956,29,2.3684925990983934
MID44,SID44,67,2017-03-08 06:25:20,2.111,28,2.2474572231208167
MID43,SID43,67,2017-03-08 06:25:20,2.533,26,2.0604006769161627
MID42,SID42,67,2017-03-08 06:25:20,3.800,27,2.0891274635879316
MID41,SID41,67,2017-03-08 06:25:20,3.800,34,2.189986532897394
MID40,SID40,67,2017-03-08 06:25:20,4.222,27,2.1104643686353675
MID19,SID19,67,2017-03-08 06:25:30,3.400,25,2.0016405865137457
MID18,SID18,67,2017-03-08 06:25:30,2.975,34,2.391298721286173
MID17,SID17,67,2017-03-08 06:25:30,3.400,25,2.071615177239097
MID16,SID16,67,2017-03-08 06:25:30,2.975,30,2.411585132524189
MID15,SID15,67,2017-03-08 06:25:30,2.125,30,2.4969212255654214
MID14,SID14,67,2017-03-08 06:25:30,3.400,27,2.0726563819368296
MID13,SID13,67,2017-03-08 06:25:30,3.825,34,2.0552198548088736
MID12,SID12,67,2017-03-08 06:25:30,3.400,34,2.3860769097286427
MID11,SID11,67,2017-03-08 06:25:30,4.250,33,2.2032676398069593
MID99,SID99,67,2017-03-08 06:25:30,2.975,28,2.309575538082663
MID10,SID10,67,2017-03-08 06:25:30,2.125,26,2.283576722104534
MID98,SID98,67,2017-03-08 06:25:30,3.825,29,2.435555349373298
MID97,SID97,67,2017-03-08 06:25:30,2.125,32,2.241115716565125
MID96,SID96,67,2017-03-08 06:25:30,3.825,33,2.4894908629581893
MID95,SID95,67,2017-03-08 06:25:30,4.250,28,2.1379568056107283
MID94,SID94,67,2017-03-08 06:25:30,4.250,33,2.438065076592229
MID93,SID93,67,2017-03-08 06:25:30,4.250,25,2.4335601543798258
MID92,SID92,67,2017-03-08 06:25:30,2.975,26,2.4497441874706567
MID91,SID91,67,2017-03-08 06:25:30,4.250,29,2.1068606533057306
MID4,SID4,67,2017-03-08 06:25:30,2.125,32,2.2017543396050137
MID5,SID5,67,2017-03-08 06:25:30,3.400,32,2.3939989248413402
MID6,SID6,67,2017-03-08 06:25:30,2.550,29,2.2382497371290113
MID7,SID7,67,2017-03-08 06:25:30,4.250,26,2.186114748339282
MID1,SID1,67,2017-03-08 06:25:30,2.975,27,2.409895156547813
MID2,SID2,67,2017-03-08 06:25:30,4.250,32,2.2966169137707424
MID3,SID3,67,2017-03-08 06:25:30,3.825,27,2.0691157789691488
MID29,SID29,67,2017-03-08 06:25:30,3.825,29,2.0339025242716184
MID28,SID28,67,2017-03-08 06:25:30,2.975,33,2.3046211635596943
MID27,SID27,67,2017-03-08 06:25:30,2.550,26,2.4422616636336274
MID26,SID26,67,2017-03-08 06:25:30,2.550,34,2.204016463163895
MID8,SID8,67,2017-03-08 06:25:30,2.975,31,2.2687249865834658
MID25,SID25,67,2017-03-08 06:25:30,2.125,28,2.131724183283845
MID9,SID9,67,2017-03-08 06:25:30,3.400,34,2.499755010468866
MID24,SID24,67,2017-03-08 06:25:30,2.125,32,2.2698112203972993
MID23,SID23,67,2017-03-08 06:25:30,3.400,29,2.291806090044164
MID22,SID22,67,2017-03-08 06:25:30,2.975,26,2.215563182242261
MID21,SID21,67,2017-03-08 06:25:30,2.550,27,2.089285170121415
MID20,SID20,67,2017-03-08 06:25:30,2.975,32,2.246437721992101
MID100,SID100,67,2017-03-08 06:25:30,3.400,25,2.025783093891999
MID79,SID79,67,2017-03-08 06:25:30,2.125,32,2.4781188323428855
MID78,SID78,67,2017-03-08 06:25:30,3.400,26,2.365840417630138
MID77,SID77,67,2017-03-08 06:25:30,2.125,27,2.3105811818747792
MID76,SID76,67,2017-03-08 06:25:30,2.550,25,2.1526484119884266
MID75,SID75,67,2017-03-08 06:25:30,2.975,32,2.043373810274661
MID74,SID74,67,2017-03-08 06:25:30,3.400,33,2.055623670906196
MID73,SID73,67,2017-03-08 06:25:30,2.550,30,2.1720015210831902
MID72,SID72,67,2017-03-08 06:25:30,4.250,30,2.444636642866362
MID71,SID71,67,2017-03-08 06:25:30,2.550,30,2.288035771425487
MID70,SID70,67,2017-03-08 06:25:30,2.550,25,2.4740836532259487
MID90,SID90,67,2017-03-08 06:25:30,3.400,25,2.3726278149294298
MID89,SID89,67,2017-03-08 06:25:30,4.250,30,2.0216399954384188
MID88,SID88,67,2017-03-08 06:25:30,3.400,32,2.1008957711922576
MID87,SID87,67,2017-03-08 06:25:30,3.825,28,2.07394923462897
MID86,SID86,67,2017-03-08 06:25:30,2.550,27,2.2408370660271277
MID85,SID85,67,2017-03-08 06:25:30,4.250,28,2.2724826008655756
MID84,SID84,67,2017-03-08 06:25:30,2.550,29,2.406380375404687
MID83,SID83,67,2017-03-08 06:25:30,2.550,33,2.1652111612761096
MID82,SID82,67,2017-03-08 06:25:30,3.825,29,2.090418017855344
MID81,SID81,67,2017-03-08 06:25:30,3.825,32,2.0525457201898716
MID80,SID80,67,2017-03-08 06:25:30,3.825,29,2.491090775255979
MID59,SID59,67,2017-03-08 06:25:30,2.550,33,2.1600508462945336
MID58,SID58,67,2017-03-08 06:25:30,2.550,34,2.00564897230718
MID57,SID57,67,2017-03-08 06:25:30,4.250,34,2.324145964984896
MID56,SID56,67,2017-03-08 06:25:30,2.125,33,2.3551045011467964
MID55,SID55,67,2017-03-08 06:25:30,3.400,27,2.307490042669159
MID54,SID54,67,2017-03-08 06:25:30,2.125,27,2.4741755634597773
MID53,SID53,67,2017-03-08 06:25:30,2.975,34,2.295461809076875
MID52,SID52,67,2017-03-08 06:25:30,4.250,34,2.404527512959631
MID51,SID51,67,2017-03-08 06:25:30,3.825,34,2.067101528807135
MID50,SID50,67,2017-03-08 06:25:30,2.125,26,2.2124752301189616
MID69,SID69,67,2017-03-08 06:25:30,4.250,30,2.2820834932836185
MID68,SID68,67,2017-03-08 06:25:30,2.975,33,2.250495297624107
MID67,SID67,67,2017-03-08 06:25:30,3.825,32,2.3454027915762694
MID66,SID66,67,2017-03-08 06:25:30,2.550,34,2.471476826925909
MID65,SID65,67,2017-03-08 06:25:30,3.825,32,2.1466957851374224
MID64,SID64,67,2017-03-08 06:25:30,3.400,25,2.3182476405648704
MID63,SID63,67,2017-03-08 06:25:30,2.550,28,2.196344135645516
MID62,SID62,67,2017-03-08 06:25:30,4.250,28,2.3841761978877405
MID61,SID61,67,2017-03-08 06:25:30,3.825,29,2.470030956794745
MID60,SID60,67,2017-03-08 06:25:30,3.825,29,2.4508623213291343
MID39,SID39,67,2017-03-08 06:25:30,3.400,26,2.4641170942858777
MID38,SID38,67,2017-03-08 06:25:30,2.975,28,2.4366619954079565
MID37,SID37,67,2017-03-08 06:25:30,3.400,26,2.4206489152206774
MID36,SID36,67,2017-03-08 06:25:30,3.825,34,2.2944101958596215
MID35,SID35,67,2017-03-08 06:25:30,3.825,28,2.350498265137278
MID34,SID34,67,2017-03-08 06:25:30,2.125,33,2.4403432757773293
MID33,SID33,67,2017-03-08 06:25:30,4.250,31,2.022521183852232
MID32,SID32,67,2017-03-08 06:25:30,3.825,27,2.031818315147201
MID31,SID31,67,2017-03-08 06:25:30,2.125,27,2.2498994540895905
MID30,SID30,67,2017-03-08 06:25:30,2.975,29,2.03061158721287
MID49,SID49,67,2017-03-08 06:25:30,2.975,29,2.040436116391021
MID48,SID48,67,2017-03-08 06:25:30,3.825,33,2.220325717680764
MID47,SID47,67,2017-03-08 06:25:30,2.975,29,2.2666039544389465
MID46,SID46,67,2017-03-08 06:25:30,3.400,26,2.183278169421832
MID45,SID45,67,2017-03-08 06:25:30,2.975,25,2.3869233234228564
MID44,SID44,67,2017-03-08 06:25:30,2.125,29,2.2777973397597067
MID43,SID43,67,2017-03-08 06:25:30,2.550,30,2.4593622182151473
MID42,SID42,67,2017-03-08 06:25:30,3.825,29,2.4685004750228527
MID41,SID41,67,2017-03-08 06:25:30,3.825,29,2.0940920591276826
MID40,SID40,67,2017-03-08 06:25:30,4.250,33,2.3311901645743127
MID19,SID19,67,2017-03-08 06:25:40,3.422,33,2.043237091612613
MID18,SID18,67,2017-03-08 06:25:40,2.994,27,2.2173931441754875
MID17,SID17,67,2017-03-08 06:25:40,3.422,27,2.266357751424546
MID16,SID16,67,2017-03-08 06:25:40,2.994,31,2.2235166361380574
MID15,SID15,67,2017-03-08 06:25:40,2.139,28,2.1298454663694253
MID14,SID14,67,2017-03-08 06:25:40,3.422,29,2.4835431570389215
MID13,SID13,67,2017-03-08 06:25:40,3.850,26,2.2413324612634167
MID12,SID12,67,2017-03-08 06:25:40,3.422,32,2.407645200946218
MID11,SID11,67,2017-03-08 06:25:40,4.278,26,2.297132574420863
MID99,SID99,67,2017-03-08 06:25:40,2.994,25,2.0251752467722186
MID10,SID10,67,2017-03-08 06:25:40,2.139,28,2.2104065726898456
MID98,SID98,67,2017-03-08 06:25:40,3.850,32,2.38172292052649
MID97,SID97,67,2017-03-08 06:25:40,2.139,32,2.0713001269703213
MID96,SID96,67,2017-03-08 06:25:40,3.850,25,2.440864231634476
MID95,SID95,67,2017-03-08 06:25:40,4.278,33,2.2782270074839026
MID94,SID94,67,2017-03-08 06:25:40,4.278,33,2.0817231661491253
MID93,SID93,67,2017-03-08 06:25:40,4.278,25,2.437896781322338
MID92,SID92,67,2017-03-08 06:25:40,2.994,31,2.1606100338449097
MID91,SID91,67,2017-03-08 06:25:40,4.278,27,2.0793365417785803
MID4,SID4,67,2017-03-08 06:25:40,2.139,30,2.3128325927416036
MID5,SID5,67,2017-03-08 06:25:40,3.422,31,2.0700793464755796
MID6,SID6,67,2017-03-08 06:25:40,2.567,30,2.1747397354221163
MID7,SID7,67,2017-03-08 06:25:40,4.278,30,2.3057729255584354
MID1,SID1,67,2017-03-08 06:25:40,2.994,33,2.1856929665301834
MID2,SID2,67,2017-03-08 06:25:40,4.278,26,2.1597779734614106
MID3,SID3,67,2017-03-08 06:25:40,3.850,33,2.158473781578705
MID29,SID29,67,2017-03-08 06:25:40,3.850,31,2.087857189892826
MID28,SID28,67,2017-03-08 06:25:40,2.994,27,2.021760361812893
MID27,SID27,67,2017-03-08 06:25:40,2.567,30,2.009272646309864
MID26,SID26,67,2017-03-08 06:25:40,2.567,30,2.1170661577780363
MID8,SID8,67,2017-03-08 06:25:40,2.994,29,2.1266821307239376
MID25,SID25,67,2017-03-08 06:25:40,2.139,25,2.302744958951446
MID9,SID9,67,2017-03-08 06:25:40,3.422,26,2.3003348097044984
MID24,SID24,67,2017-03-08 06:25:40,2.139,33,2.3150067961573897
MID23,SID23,67,2017-03-08 06:25:40,3.422,32,2.3012708745268937
MID22,SID22,67,2017-03-08 06:25:40,2.994,34,2.4457907875778218
MID21,SID21,67,2017-03-08 06:25:40,2.567,26,2.362458247139606
MID20,SID20,67,2017-03-08 06:25:40,2.994,30,2.3913674110957515
MID100,SID100,67,2017-03-08 06:25:40,3.422,28,2.2239128356221323
MID79,SID79,67,2017-03-08 06:25:40,2.139,31,2.4378455867586903
MID78,SID78,67,2017-03-08 06:25:40,3.422,34,2.3441718674326912
MID77,SID77,67,2017-03-08 06:25:40,2.139,29,2.3814981889427176
MID76,SID76,67,2017-03-08 06:25:40,2.567,26,2.386044756196679
MID75,SID75,67,2017-03-08 06:25:40,2.994,33,2.3969661322071767
MID74,SID74,67,2017-03-08 06:25:40,3.422,26,2.4860612696548445
MID73,SID73,67,2017-03-08 06:25:40,2.567,30,2.2353124123637005
MID72,SID72,67,2017-03-08 06:25:40,4.278,32,2.3356303967579075
MID71,SID71,67,2017-03-08 06:25:40,2.567,33,2.2195802906574853
MID70,SID70,67,2017-03-08 06:25:40,2.567,33,2.2899534438945968
MID90,SID90,67,2017-03-08 06:25:40,3.422,30,2.1370520483512583
MID89,SID89,67,2017-03-08 06:25:40,4.278,26,2.263758808578985
MID88,SID88,67,2017-03-08 06:25:40,3.422,29,2.098109808786119
MID87,SID87,67,2017-03-08 06:25:40,3.850,25,2.3913291550288784
MID86,SID86,67,2017-03-08 06:25:40,2.567,28,2.175779422211819
MID85,SID85,67,2017-03-08 06:25:40,4.278,33,2.3831419391285813
MID84,SID84,67,2017-03-08 06:25:40,2.567,33,2.312610775936281
MID83,SID83,67,2017-03-08 06:25:40,2.567,29,2.3240283187682063
MID82,SID82,67,2017-03-08 06:25:40,3.850,31,2.115089943696202
MID81,SID81,67,2017-03-08 06:25:40,3.850,33,2.4067400918639175
MID80,SID80,67,2017-03-08 06:25:40,3.850,25,2.1655550226410574
MID59,SID59,67,2017-03-08 06:25:40,2.567,34,2.1520843236779017
MID58,SID58,67,2017-03-08 06:25:40,2.567,32,2.2497990963488714
MID57,SID57,67,2017-03-08 06:25:40,4.278,25,2.373794083243074
MID56,SID56,67,2017-03-08 06:25:40,2.139,28,2.093516326498966
MID55,SID55,67,2017-03-08 06:25:40,3.422,33,2.086208957317222
MID54,SID54,67,2017-03-08 06:25:40,2.139,34,2.2694892167231058
MID53,SID53,67,2017-03-08 06:25:40,2.994,28,2.31949732542607
MID52,SID52,67,2017-03-08 06:25:40,4.278,25,2.2716090157118267
MID51,SID51,67,2017-03-08 06:25:40,3.850,27,2.361646989294431
MID50,SID50,67,2017-03-08 06:25:40,2.139,25,2.1201608914304297
MID69,SID69,67,2017-03-08 06:25:40,4.278,28,2.3537948936017608
MID68,SID68,67,2017-03-08 06:25:40,2.994,26,2.211418072650977
MID67,SID67,67,2017-03-08 06:25:40,3.850,30,2.3063510791016437
MID66,SID66,67,2017-03-08 06:25:40,2.567,28,2.0375608374823115
MID65,SID65,67,2017-03-08 06:25:40,3.850,31,2.2918408638087935
MID64,SID64,67,2017-03-08 06:25:40,3.422,28,2.3609655943967103
MID63,SID63,67,2017-03-08 06:25:40,2.567,27,2.3604400739342695
MID62,SID62,67,2017-03-08 06:25:40,4.278,27,2.4627829193758464
MID61,SID61,67,2017-03-08 06:25:40,3.850,31,2.098966195409094
MID60,SID60,67,2017-03-08 06:25:40,3.850,30,2.2662876400365572
MID39,SID39,67,2017-03-08 06:25:40,3.422,32,2.3381313068279646
MID38,SID38,67,2017-03-08 06:25:40,2.994,28,2.1988532245020513
MID37,SID37,67,2017-03-08 06:25:40,3.422,25,2.2588655517462
MID36,SID36,67,2017-03-08 06:25:40,3.850,26,2.2706613021786874
MID35,SID35,67,2017-03-08 06:25:40,3.850,26,2.2344630212156744
MID34,SID34,67,2017-03-08 06:25:40,2.139,33,2.15573932016955
MID33,SID33,67,2017-03-08 06:25:40,4.278,32,2.318869567541909
MID32,SID32,67,2017-03-08 06:25:40,3.850,34,2.3333995377660792
MID31,SID31,67,2017-03-08 06:25:40,2.139,27,2.1249184097895704
MID30,SID30,67,2017-03-08 06:25:40,2.994,26,2.460765553877689
MID49,SID49,67,2017-03-08 06:25:40,2.994,26,2.136359959181218
MID48,SID48,67,2017-03-08 06:25:40,3.850,34,2.149477655543589
MID47,SID47,67,2017-03-08 06:25:40,2.994,27,2.3657315430805617
MID46,SID46,67,2017-03-08 06:25:40,3.422,31,2.2684485292041465
MID45,SID45,67,2017-03-08 06:25:40,2.994,27,2.3921768937848413
MID44,SID44,67,2017-03-08 06:25:40,2.139,27,2.1428269650404204
MID43,SID43,67,2017-03-08 06:25:40,2.567,29,2.3028572906114877
MID42,SID42,67,2017-03-08 06:25:40,3.850,27,2.1995514177075193
MID41,SID41,67,2017-03-08 06:25:40,3.850,27,2.3728927461568308
MID40,SID40,67,2017-03-08 06:25:40,4.278,30,2.160459774133148
MID19,SID19,67,2017-03-08 06:25:50,3.444,25,2.267308346913295
MID18,SID18,67,2017-03-08 06:25:50,3.014,27,2.346470291975776
MID17,SID17,67,2017-03-08 06:25:50,3.444,25,2.319533686459797
MID16,SID16,67,2017-03-08 06:25:50,3.014,26,2.072156993376412
MID15,SID15,67,2017-03-08 06:25:50,2.153,31,2.3496578817917504
MID14,SID14,67,2017-03-08 06:25:50,3.444,30,2.3942059549373194
MID13,SID13,67,2017-03-08 06:25:50,3.875,32,2.0829566028658895
MID12,SID12,67,2017-03-08 06:25:50,3.444,29,2.208147928797843
MID11,SID11,67,2017-03-08 06:25:50,4.306,27,2.2324144092176796
MID99,SID99,67,2017-03-08 06:25:50,3.014,31,2.2724899542606183
MID10,SID10,67,2017-03-08 06:25:50,2.153,28,2.12947635467454
MID98,SID98,67,2017-03-08 06:25:50,3.875,33,2.0169741025797627
MID97,SID97,67,2017-03-08 06:25:50,2.153,29,2.0746272309408393
MID96,SID96,67,2017-03-08 06:25:50,3.875,27,2.3816091585709325
MID95,SID95,67,2017-03-08 06:25:50,4.306,34,2.08293884261442
MID94,SID94,67,2017-03-08 06:25:50,4.306,34,2.157172443213749
MID93,SID93,67,2017-03-08 06:25:50,4.306,28,2.3986165459931037
MID92,SID92,67,2017-03-08 06:25:50,3.014,26,2.215885077797346
MID91,SID91,67,2017-03-08 06:25:50,4.306,30,2.0221978429189686
MID4,SID4,67,2017-03-08 06:25:50,2.153,33,2.0168820433992174
MID5,SID5,67,2017-03-08 06:25:50,3.444,29,2.3477405800396824
MID6,SID6,67,2017-03-08 06:25:50,2.583,29,2.4542425820162226
MID7,SID7,67,2017-03-08 06:25:50,4.306,31,2.129621341006932
MID1,SID1,67,2017-03-08 06:25:50,3.014,25,2.312581105213183
MID2,SID2,67,2017-03-08 06:25:50,4.306,32,2.1571296711288346
MID3,SID3,67,2017-03-08 06:25:50,3.875,33,2.38944616616692
MID29,SID29,67,2017-03-08 06:25:50,3.875,30,2.48887969734885
MID28,SID28,67,2017-03-08 06:25:50,3.014,26,2.1338420588749965
MID27,SID27,67,2017-03-08 06:25:50,2.583,31,2.1782062773206623
MID26,SID26,67,2017-03-08 06:25:50,2.583,30,2.1370493833152673
MID8,SID8,67,2017-03-08 06:25:50,3.014,31,2.3085963390981945
MID25,SID25,67,2017-03-08 06:25:50,2.153,30,2.2492913314647103
MID9,SID9,67,2017-03-08 06:25:50,3.444,33,2.2744860907648023
MID24,SID24,67,2017-03-08 06:25:50,2.153,29,2.1000321742611114
MID23,SID23,67,2017-03-08 06:25:50,3.444,32,2.3506676439540155
MID22,SID22,67,2017-03-08 06:25:50,3.014,32,2.4165323070374307
MID21,SID21,67,2017-03-08 06:25:50,2.583,26,2.372548218561903
MID20,SID20,67,2017-03-08 06:25:50,3.014,29,2.2012123020331082
MID100,SID100,67,2017-03-08 06:25:50,3.444,31,2.3011957335621154
MID79,SID79,67,2017-03-08 06:25:50,2.153,26,2.1704236386371574
MID78,SID78,67,2017-03-08 06:25:50,3.444,26,2.375041083545434
MID77,SID77,67,2017-03-08 06:25:50,2.153,31,2.3027318607225653
MID76,SID76,67,2017-03-08 06:25:50,2.583,30,2.4047032190887543
MID75,SID75,67,2017-03-08 06:25:50,3.014,26,2.3811099705774383
MID74,SID74,67,2017-03-08 06:25:50,3.444,34,2.4584249534186426
MID73,SID73,67,2017-03-08 06:25:50,2.583,32,2.0800905847015905
MID72,SID72,67,2017-03-08 06:25:50,4.306,26,2.2432864124538927
MID71,SID71,67,2017-03-08 06:25:50,2.583,27,2.480987783061675
MID70,SID70,67,2017-03-08 06:25:50,2.583,27,2.2328192066839003
MID90,SID90,67,2017-03-08 06:25:50,3.444,29,2.1710138014596274
MID89,SID89,67,2017-03-08 06:25:50,4.306,34,2.471972146768273
MID88,SID88,67,2017-03-08 06:25:50,3.444,29,2.472141048861335
MID87,SID87,67,2017-03-08 06:25:50,3.875,32,2.1872873970005857
MID86,SID86,67,2017-03-08 06:25:50,2.583,33,2.3211080956167742
MID85,SID85,67,2017-03-08 06:25:50,4.306,31,2.4805740357688064
MID84,SID84,67,2017-03-08 06:25:50,2.583,29,2.42188110888506
MID83,SID83,67,2017-03-08 06:25:50,2.583,30,2.25463310077231
MID82,SID82,67,2017-03-08 06:25:50,3.875,31,2.4536880482657666
MID81,SID81,67,2017-03-08 06:25:50,3.875,28,2.2838895049114005
MID80,SID80,67,2017-03-08 06:25:50,3.875,27,2.4847711282254843
MID59,SID59,67,2017-03-08 06:25:50,2.583,34,2.1006160879052524
MID58,SID58,67,2017-03-08 06:25:50,2.583,34,2.449537865695852
MID57,SID57,67,2017-03-08 06:25:50,4.306,31,2.421503446200113
MID56,SID56,67,2017-03-08 06:25:50,2.153,33,2.257467517598408
MID55,SID55,67,2017-03-08 06:25:50,3.444,28,2.076597902188467
MID54,SID54,67,2017-03-08 06:25:50,2.153,29,2.2307578198304907
MID53,SID53,67,2017-03-08 06:25:50,3.014,27,2.2835979402659197
MID52,SID52,67,2017-03-08 06:25:50,4.306,30,2.2249299507846483
MID51,SID51,67,2017-03-08 06:25:50,3.875,26,2.2159547657053453
MID50,SID50,67,2017-03-08 06:25:50,2.153,27,2.3058115129379178
MID69,SID69,67,2017-03-08 06:25:50,4.306,30,2.478874033598844
MID68,SID68,67,2017-03-08 06:25:50,3.014,34,2.4636348272322826
MID67,SID67,67,2017-03-08 06:25:50,3.875,34,2.0023419318012974
MID66,SID66,67,2017-03-08 06:25:50,2.583,25,2.1373763750680976
MID65,SID65,67,2017-03-08 06:25:50,3.875,27,2.2961246788535625
MID64,SID64,67,2017-03-08 06:25:50,3.444,26,2.2286010851606757
MID63,SID63,67,2017-03-08 06:25:50,2.583,34,2.3101799809194508
MID62,SID62,67,2017-03-08 06:25:50,4.306,26,2.1655459365720278
MID61,SID61,67,2017-03-08 06:25:50,3.875,25,2.4481709343712508
MID60,SID60,67,2017-03-08 06:25:50,3.875,33,2.481175884607387
MID39,SID39,67,2017-03-08 06:25:50,3.444,30,2.371478079654432
MID38,SID38,67,2017-03-08 06:25:50,3.014,28,2.246488174509868
MID37,SID37,67,2017-03-08 06:25:50,3.444,31,2.1768091002195296
MID36,SID36,67,2017-03-08 06:25:50,3.875,30,2.4924523949541073
MID35,SID35,67,2017-03-08 06:25:50,3.875,34,2.1792833319906437
MID34,SID34,67,2017-03-08 06:25:50,2.153,26,2.0993035053110187
MID33,SID33,67,2017-03-08 06:25:50,4.306,34,2.326258634131712
MID32,SID32,67,2017-03-08 06:25:50,3.875,25,2.27097077894867
MID31,SID31,67,2017-03-08 06:25:50,2.153,27,2.1852356222934732
MID30,SID30,67,2017-03-08 06:25:50,3.014,33,2.4270051104481074
MID49,SID49,67,2017-03-08 06:25:50,3.014,26,2.1189393701388064
MID48,SID48,67,2017-03-08 06:25:50,3.875,31,2.400096265890341
MID47,SID47,67,2017-03-08 06:25:50,3.014,27,2.4106699631126043
MID46,SID46,67,2017-03-08 06:25:50,3.444,30,2.447060415644817
MID45,SID45,67,2017-03-08 06:25:50,3.014,25,2.0862589710954
MID44,SID44,67,2017-03-08 06:25:50,2.153,27,2.3190000563975355
MID43,SID43,67,2017-03-08 06:25:50,2.583,26,2.09078451905912
MID42,SID42,67,2017-03-08 06:25:50,3.875,32,2.1077002862105076
MID41,SID41,67,2017-03-08 06:25:50,3.875,34,2.1097573757398576
MID40,SID40,67,2017-03-08 06:25:50,4.306,28,2.3078005428351758
MID19,SID19,67,2017-03-08 06:26:00,3.467,30,2.290257858776889
MID18,SID18,67,2017-03-08 06:26:00,3.033,27,2.233138979123015
MID17,SID17,67,2017-03-08 06:26:00,3.467,28,2.4425302217183003
MID16,SID16,67,2017-03-08 06:26:00,3.033,30,2.434789502496158
MID15,SID15,67,2017-03-08 06:26:00,2.167,31,2.070126017912201
MID14,SID14,67,2017-03-08 06:26:00,3.467,26,2.439480758882112
MID13,SID13,67,2017-03-08 06:26:00,3.900,32,2.3971175231446997
MID12,SID12,67,2017-03-08 06:26:00,3.467,26,2.4773832918933927
MID11,SID11,67,2017-03-08 06:26:00,4.333,28,2.102750872886704
MID99,SID99,67,2017-03-08 06:26:00,3.033,33,2.2589556991279034
MID10,SID10,67,2017-03-08 06:26:00,2.167,28,2.4069079164705296
MID98,SID98,67,2017-03-08 06:26:00,3.900,25,2.1356667578380453
MID97,SID97,67,2017-03-08 06:26:00,2.167,27,2.4516170962340684
MID96,SID96,67,2017-03-08 06:26:00,3.900,32,2.2334553872826994
MID95,SID95,67,2017-03-08 06:26:00,4.333,26,2.218748853539458
MID94,SID94,67,2017-03-08 06:26:00,4.333,26,2.039512174053353
MID93,SID93,67,2017-03-08 06:26:00,4.333,26,2.2588631336040437
MID92,SID92,67,2017-03-08 06:26:00,3.033,31,2.2970312290694337
MID91,SID91,67,2017-03-08 06:26:00,4.333,34,2.0838091813330752
MID4,SID4,67,2017-03-08 06:26:00,2.167,26,2.2023717749769776
MID5,SID5,67,2017-03-08 06:26:00,3.467,33,2.487060265056189
MID6,SID6,67,2017-03-08 06:26:00,2.600,28,2.0077794199375854
MID7,SID7,67,2017-03-08 06:26:00,4.333,31,2.032268693706283
MID1,SID1,67,2017-03-08 06:26:00,3.033,34,2.058895355139375
MID2,SID2,67,2017-03-08 06:26:00,4.333,33,2.240165781308226
MID3,SID3,67,2017-03-08 06:26:00,3.900,26,2.0358423777206918
MID29,SID29,67,2017-03-08 06:26:00,3.900,33,2.197509067188396
MID28,SID28,67,2017-03-08 06:26:00,3.033,34,2.0971308978729524
MID27,SID27,67,2017-03-08 06:26:00,2.600,26,2.258250387837121
MID26,SID26,67,2017-03-08 06:26:00,2.600,27,2.0407585154192422
MID8,SID8,67,2017-03-08 06:26:00,3.033,33,2.1351116434764172
MID25,SID25,67,2017-03-08 06:26:00,2.167,32,2.450154058057151
MID9,SID9,67,2017-03-08 06:26:00,3.467,33,2.256403906498469
MID24,SID24,67,2017-03-08 06:26:00,2.167,27,2.2431037018766387
MID23,SID23,67,2017-03-08 06:26:00,3.467,34,2.1156495479320983
MID22,SID22,67,2017-03-08 06:26:00,3.033,26,2.2205177883125016
MID21,SID21,67,2017-03-08 06:26:00,2.600,28,2.067966153251419
MID20,SID20,67,2017-03-08 06:26:00,3.033,33,2.2765184452994465
MID100,SID100,67,2017-03-08 06:26:00,3.467,25,2.299101398932649
MID79,SID79,67,2017-03-08 06:26:00,2.167,29,2.450883503029778
MID78,SID78,67,2017-03-08 06:26:00,3.467,31,2.4040835534545293
MID77,SID77,67,2017-03-08 06:26:00,2.167,25,2.410197498367883
MID76,SID76,67,2017-03-08 06:26:00,2.600,29,2.01263146743675
MID75,SID75,67,2017-03-08 06:26:00,3.033,27,2.2712579066659564
MID74,SID74,67,2017-03-08 06:26:00,3.467,33,2.3754185256429254
MID73,SID73,67,2017-03-08 06:26:00,2.600,25,2.2268154991321363
MID72,SID72,67,2017-03-08 06:26:00,4.333,27,2.3867120680611484
MID71,SID71,67,2017-03-08 06:26:00,2.600,27,2.3393108047147084
MID70,SID70,67,2017-03-08 06:26:00,2.600,30,2.1547913067354196
MID90,SID90,67,2017-03-08 06:26:00,3.467,31,2.4688794271955867
MID89,SID89,67,2017-03-08 06:26:00,4.333,27,2.0691951116249627
MID88,SID88,67,2017-03-08 06:26:00,3.467,25,2.311907091414371
MID87,SID87,67,2017-03-08 06:26:00,3.900,27,2.1675836201751
MID86,SID86,67,2017-03-08 06:26:00,2.600,27,2.2306875612796997
MID85,SID85,67,2017-03-08 06:26:00,4.333,26,2.0101999066889467
MID84,SID84,67,2017-03-08 06:26:00,2.600,25,2.1155721375974834
MID83,SID83,67,2017-03-08 06:26:00,2.600,28,2.324190763254356
MID82,SID82,67,2017-03-08 06:26:00,3.900,27,2.0962722786142303
MID81,SID81,67,2017-03-08 06:26:00,3.900,27,2.198003072576192
MID80,SID80,67,2017-03-08 06:26:00,3.900,32,2.3002716218869526
MID59,SID59,67,2017-03-08 06:26:00,2.600,34,2.472334902056026
MID58,SID58,67,2017-03-08 06:26:00,2.600,26,2.2229148721371024
MID57,SID57,67,2017-03-08 06:26:00,4.333,29,2.210459770417395
MID56,SID56,67,2017-03-08 06:26:00,2.167,30,2.0785879759199446
MID55,SID55,67,2017-03-08 06:26:00,3.467,26,2.1740726565964845
MID54,SID54,67,2017-03-08 06:26:00,2.167,27,2.242592682498426
MID53,SID53,67,2017-03-08 06:26:00,3.033,25,2.282663161487082
MID52,SID52,67,2017-03-08 06:26:00,4.333,33,2.0122018053694113
MID51,SID51,67,2017-03-08 06:26:00,3.900,26,2.4867259024620068
MID50,SID50,67,2017-03-08 06:26:00,2.167,29,2.1323547182862286
MID69,SID69,67,2017-03-08 06:26:00,4.333,26,2.3977649394760134
MID68,SID68,67,2017-03-08 06:26:00,3.033,31,2.173900371541276
MID67,SID67,67,2017-03-08 06:26:00,3.900,27,2.4802497828244117
MID66,SID66,67,2017-03-08 06:26:00,2.600,34,2.2328872007259677
MID65,SID65,67,2017-03-08 06:26:00,3.900,28,2.2129146084713938
MID64,SID64,67,2017-03-08 06:26:00,3.467,28,2.368164049729928
MID63,SID63,67,2017-03-08 06:26:00,2.600,32,2.3643067263566957
MID62,SID62,67,2017-03-08 06:26:00,4.333,31,2.1787861256413654
MID61,SID61,67,2017-03-08 06:26:00,3.900,34,2.4464408376621574
MID60,SID60,67,2017-03-08 06:26:00,3.900,33,2.223156112516128
MID39,SID39,67,2017-03-08 06:26:00,3.467,31,2.4430443638834136
MID38,SID38,67,2017-03-08 06:26:00,3.033,32,2.304118584151794
MID37,SID37,67,2017-03-08 06:26:00,3.467,25,2.43844973877402
MID36,SID36,67,2017-03-08 06:26:00,3.900,30,2.2916436983944526
MID35,SID35,67,2017-03-08 06:26:00,3.900,34,2.270276673290785
MID34,SID34,67,2017-03-08 06:26:00,2.167,30,2.2136308294382827
MID33,SID33,67,2017-03-08 06:26:00,4.333,28,2.2258825340931194
MID32,SID32,67,2017-03-08 06:26:00,3.900,27,2.1709737858033598
MID31,SID31,67,2017-03-08 06:26:00,2.167,31,2.020495043474033
MID30,SID30,67,2017-03-08 06:26:00,3.033,25,2.3141119423172793
MID49,SID49,67,2017-03-08 06:26:00,3.033,27,2.189068320020286
MID48,SID48,67,2017-03-08 06:26:00,3.900,29,2.108078285144999
MID47,SID47,67,2017-03-08 06:26:00,3.033,34,2.3992731701544687
MID46,SID46,67,2017-03-08 06:26:00,3.467,25,2.042605786235182
MID45,SID45,67,2017-03-08 06:26:00,3.033,27,2.4913946606475843
MID44,SID44,67,2017-03-08 06:26:00,2.167,30,2.3933362727174274
MID43,SID43,67,2017-03-08 06:26:00,2.600,31,2.2587443719168743
MID42,SID42,67,2017-03-08 06:26:00,3.900,33,2.3192987091328585
MID41,SID41,67,2017-03-08 06:26:00,3.900,31,2.2374845627356788
MID40,SID40,67,2017-03-08 06:26:00,4.333,28,2.15618743860796
MID19,SID19,67,2017-03-08 06:26:10,3.489,34,2.115274357682524
MID18,SID18,67,2017-03-08 06:26:10,3.053,34,2.383135235611257
MID17,SID17,67,2017-03-08 06:26:10,3.489,34,2.2818258164806626
MID16,SID16,67,2017-03-08 06:26:10,3.053,34,2.3407335146221167
MID15,SID15,67,2017-03-08 06:26:10,2.181,28,2.482464171413056
MID14,SID14,67,2017-03-08 06:26:10,3.489,33,2.0617460370781067
MID13,SID13,67,2017-03-08 06:26:10,3.925,34,2.3619556865868634
MID12,SID12,67,2017-03-08 06:26:10,3.489,32,2.4720332554112754
MID11,SID11,67,2017-03-08 06:26:10,4.361,27,2.3033181275127412
MID99,SID99,67,2017-03-08 06:26:10,3.053,26,2.1529806684474044
MID10,SID10,67,2017-03-08 06:26:10,2.181,29,2.2651520502850033
MID98,SID98,67,2017-03-08 06:26:10,3.925,30,2.240941564484723
MID97,SID97,67,2017-03-08 06:26:10,2.181,26,2.1923446117860497
MID96,SID96,67,2017-03-08 06:26:10,3.925,30,2.1679574357462434
MID95,SID95,67,2017-03-08 06:26:10,4.361,25,2.487261541160377
MID94,SID94,67,2017-03-08 06:26:10,4.361,26,2.3096935940187056
MID93,SID93,67,2017-03-08 06:26:10,4.361,32,2.069572092430233
MID92,SID92,67,2017-03-08 06:26:10,3.053,34,2.3640125114698076
MID91,SID91,67,2017-03-08 06:26:10,4.361,28,2.3407942889219644
MID4,SID4,67,2017-03-08 06:26:10,2.181,26,2.4855660621039655
MID5,SID5,67,2017-03-08 06:26:10,3.489,34,2.4560817911866306
MID6,SID6,67,2017-03-08 06:26:10,2.617,31,2.3515360541571066
MID7,SID7,67,2017-03-08 06:26:10,4.361,30,2.474323526494284
MID1,SID1,67,2017-03-08 06:26:10,3.053,25,2.4441972430644587
MID2,SID2,67,2017-03-08 06:26:10,4.361,26,2.2638190754302
MID3,SID3,67,2017-03-08 06:26:10,3.925,33,2.382839457737094
MID29,SID29,67,2017-03-08 06:26:10,3.925,26,2.4005625392751333
MID28,SID28,67,2017-03-08 06:26:10,3.053,34,2.487096096078987
MID27,SID27,67,2017-03-08 06:26:10,2.617,29,2.1287020078281196
MID26,SID26,67,2017-03-08 06:26:10,2.617,28,2.399082142085519
MID8,SID8,67,2017-03-08 06:26:10,3.053,26,2.436055500915742
MID25,SID25,67,2017-03-08 06:26:10,2.181,28,2.457824750551407
MID9,SID9,67,2017-03-08 06:26:10,3.489,32,2.195221558934281
MID24,SID24,67,2017-03-08 06:26:10,2.181,28,2.126298550630092
MID23,SID23,67,2017-03-08 06:26:10,3.489,34,2.017397740343933
MID22,SID22,67,2017-03-08 06:26:10,3.053,28,2.2515995546333554
MID21,SID21,67,2017-03-08 06:26:10,2.617,30,2.085278688727723
MID20,SID20,67,2017-03-08 06:26:10,3.053,33,2.1287581927816697
MID100,SID100,67,2017-03-08 06:26:10,3.489,34,2.4869248447914543
MID79,SID79,67,2017-03-08 06:26:10,2.181,29,2.1556027090483223
MID78,SID78,67,2017-03-08 06:26:10,3.489,27,2.1788145015577
MID77,SID77,67,2017-03-08 06:26:10,2.181,31,2.370544466040108
MID76,SID76,67,2017-03-08 06:26:10,2.617,33,2.493140629865776
MID75,SID75,67,2017-03-08 06:26:10,3.053,33,2.3340903770302415
MID74,SID74,67,2017-03-08 06:26:10,3.489,32,2.4154048868753613
MID73,SID73,67,2017-03-08 06:26:10,2.617,34,2.014252887879462
MID72,SID72,67,2017-03-08 06:26:10,4.361,29,2.395930578303086
MID71,SID71,67,2017-03-08 06:26:10,2.617,34,2.484012546835794
MID70,SID70,67,2017-03-08 06:26:10,2.617,27,2.2929859881656656
MID90,SID90,67,2017-03-08 06:26:10,3.489,33,2.3073988890951407
MID89,SID89,67,2017-03-08 06:26:10,4.361,26,2.277347024766656
MID88,SID88,67,2017-03-08 06:26:10,3.489,26,2.075910171327705
MID87,SID87,67,2017-03-08 06:26:10,3.925,32,2.2923219888100985
MID86,SID86,67,2017-03-08 06:26:10,2.617,30,2.3514561721122127
MID85,SID85,67,2017-03-08 06:26:10,4.361,27,2.221348608363046
MID84,SID84,67,2017-03-08 06:26:10,2.617,34,2.22152078403905
MID83,SID83,67,2017-03-08 06:26:10,2.617,29,2.1151485270522272
MID82,SID82,67,2017-03-08 06:26:10,3.925,28,2.0809684737948073
MID81,SID81,67,2017-03-08 06:26:10,3.925,29,2.1598697406636918
MID80,SID80,67,2017-03-08 06:26:10,3.925,25,2.3415746813692957
MID59,SID59,67,2017-03-08 06:26:10,2.617,27,2.3356522592626447
MID58,SID58,67,2017-03-08 06:26:10,2.617,33,2.0852627409797346
MID57,SID57,67,2017-03-08 06:26:10,4.361,34,2.009277643622742
MID56,SID56,67,2017-03-08 06:26:10,2.181,31,2.2438138062918243
MID55,SID55,67,2017-03-08 06:26:10,3.489,29,2.194630529512388
MID54,SID54,67,2017-03-08 06:26:10,2.181,25,2.0299313722511694
MID53,SID53,67,2017-03-08 06:26:10,3.053,28,2.468709151800003
MID52,SID52,67,2017-03-08 06:26:10,4.361,25,2.1212372624161855
MID51,SID51,67,2017-03-08 06:26:10,3.925,31,2.3504319975439643
MID50,SID50,67,2017-03-08 06:26:10,2.181,34,2.4600962143546665
MID69,SID69,67,2017-03-08 06:26:10,4.361,29,2.160773853001297
MID68,SID68,67,2017-03-08 06:26:10,3.053,33,2.2286462233959843
MID67,SID67,67,2017-03-08 06:26:10,3.925,29,2.2833083567024457
MID66,SID66,67,2017-03-08 06:26:10,2.617,29,2.3343853386267606
MID65,SID65,67,2017-03-08 06:26:10,3.925,28,2.02682252180923
MID64,SID64,67,2017-03-08 06:26:10,3.489,34,2.40925767439109
MID63,SID63,67,2017-03-08 06:26:10,2.617,33,2.4727300204539193
MID62,SID62,67,2017-03-08 06:26:10,4.361,29,2.1002288170990835
MID61,SID61,67,2017-03-08 06:26:10,3.925,26,2.1473469757073977
MID60,SID60,67,2017-03-08 06:26:10,3.925,27,2.494996177353621
MID39,SID39,67,2017-03-08 06:26:10,3.489,26,2.152072898441861
MID38,SID38,67,2017-03-08 06:26:10,3.053,34,2.09663932515344
MID37,SID37,67,2017-03-08 06:26:10,3.489,27,2.1042548498918383
MID36,SID36,67,2017-03-08 06:26:10,3.925,32,2.492976953060905
MID35,SID35,67,2017-03-08 06:26:10,3.925,32,2.278528713913892
MID34,SID34,67,2017-03-08 06:26:10,2.181,26,2.3007712551113806
MID33,SID33,67,2017-03-08 06:26:10,4.361,32,2.1413844561650035
MID32,SID32,67,2017-03-08 06:26:10,3.925,34,2.138049731552945
MID31,SID31,67,2017-03-08 06:26:10,2.181,34,2.3123929465769226
MID30,SID30,67,2017-03-08 06:26:10,3.053,31,2.4874035108261774
MID49,SID49,67,2017-03-08 06:26:10,3.053,28,2.135546408071351
MID48,SID48,67,2017-03-08 06:26:10,3.925,29,2.0408926642912557
MID47,SID47,67,2017-03-08 06:26:10,3.053,30,2.3735401958302136
MID46,SID46,67,2017-03-08 06:26:10,3.489,28,2.299073942447985
MID45,SID45,67,2017-03-08 06:26:10,3.053,31,2.482871933040135
MID44,SID44,67,2017-03-08 06:26:10,2.181,29,2.038918332343087
MID43,SID43,67,2017-03-08 06:26:10,2.617,31,2.303826111157161
MID42,SID42,67,2017-03-08 06:26:10,3.925,25,2.031732967482656
MID41,SID41,67,2017-03-08 06:26:10,3.925,32,2.381701493142918
MID40,SID40,67,2017-03-08 06:26:10,4.361,26,2.3193714888581525
MID19,SID19,67,2017-03-08 06:26:20,3.511,27,2.0082007134049165
MID18,SID18,67,2017-03-08 06:26:20,3.072,30,2.1424414648343615
MID17,SID17,67,2017-03-08 06:26:20,3.511,27,2.08583392233328
MID16,SID16,67,2017-03-08 06:26:20,3.072,25,2.076559892795792
MID15,SID15,67,2017-03-08 06:26:20,2.194,31,2.348230495992507
MID14,SID14,67,2017-03-08 06:26:20,3.511,31,2.1661337479460396
MID13,SID13,67,2017-03-08 06:26:20,3.950,26,2.3802555485686208
MID12,SID12,67,2017-03-08 06:26:20,3.511,29,2.0309958602842473
MID11,SID11,67,2017-03-08 06:26:20,4.389,29,2.307619392455263
MID99,SID99,67,2017-03-08 06:26:20,3.072,29,2.4848889393690223
MID10,SID10,67,2017-03-08 06:26:20,2.194,28,2.40408112922438
MID98,SID98,67,2017-03-08 06:26:20,3.950,31,2.1636121129704255
MID97,SID97,67,2017-03-08 06:26:20,2.194,29,2.0126404742182373
MID96,SID96,67,2017-03-08 06:26:20,3.950,30,2.4089787170229786
MID95,SID95,67,2017-03-08 06:26:20,4.389,28,2.1838947061384024
MID94,SID94,67,2017-03-08 06:26:20,4.389,34,2.495755312887621
MID93,SID93,67,2017-03-08 06:26:20,4.389,32,2.4838640395903884
MID92,SID92,67,2017-03-08 06:26:20,3.072,31,2.292766082841924
MID91,SID91,67,2017-03-08 06:26:20,4.389,29,2.2358381383272983
MID4,SID4,67,2017-03-08 06:26:20,2.194,31,2.360977424979364
MID5,SID5,67,2017-03-08 06:26:20,3.511,28,2.3309952229837623
MID6,SID6,67,2017-03-08 06:26:20,2.633,25,2.174623662406667
MID7,SID7,67,2017-03-08 06:26:20,4.389,28,2.132157951696462
MID1,SID1,67,2017-03-08 06:26:20,3.072,32,2.4236047032222388
MID2,SID2,67,2017-03-08 06:26:20,4.389,30,2.334873270080961
MID3,SID3,67,2017-03-08 06:26:20,3.950,26,2.2425918293239393
MID29,SID29,67,2017-03-08 06:26:20,3.950,34,2.2149799148399993
MID28,SID28,67,2017-03-08 06:26:20,3.072,31,2.478277718463227
MID27,SID27,67,2017-03-08 06:26:20,2.633,34,2.073475704880996
MID26,SID26,67,2017-03-08 06:26:20,2.633,31,2.202113200175656
MID8,SID8,67,2017-03-08 06:26:20,3.072,28,2.098787569896103
MID25,SID25,67,2017-03-08 06:26:20,2.194,29,2.3703320113451705
MID9,SID9,67,2017-03-08 06:26:20,3.511,25,2.139547603740403
MID24,SID24,67,2017-03-08 06:26:20,2.194,30,2.0780791425273617
MID23,SID23,67,2017-03-08 06:26:20,3.511,31,2.267929246670787
MID22,SID22,67,2017-03-08 06:26:20,3.072,27,2.464930459030421
MID21,SID21,67,2017-03-08 06:26:20,2.633,32,2.1669828027302387
MID20,SID20,67,2017-03-08 06:26:20,3.072,31,2.378169321792331
MID100,SID100,67,2017-03-08 06:26:20,3.511,33,2.3170529248896954
MID79,SID79,67,2017-03-08 06:26:20,2.194,34,2.45575305441462
MID78,SID78,67,2017-03-08 06:26:20,3.511,28,2.022721086438245
MID77,SID77,67,2017-03-08 06:26:20,2.194,30,2.192994075358211
MID76,SID76,67,2017-03-08 06:26:20,2.633,25,2.344439843008608
MID75,SID75,67,2017-03-08 06:26:20,3.072,30,2.2106275840329483
MID74,SID74,67,2017-03-08 06:26:20,3.511,29,2.421787242540138
MID73,SID73,67,2017-03-08 06:26:20,2.633,30,2.330237785166922
MID72,SID72,67,2017-03-08 06:26:20,4.389,34,2.0569974376569564
MID71,SID71,67,2017-03-08 06:26:20,2.633,32,2.4935418740544475
MID70,SID70,67,2017-03-08 06:26:20,2.633,31,2.20279092141111
MID90,SID90,67,2017-03-08 06:26:20,3.511,29,2.3589992997081697
MID89,SID89,67,2017-03-08 06:26:20,4.389,30,2.2234471435275456
MID88,SID88,67,2017-03-08 06:26:20,3.511,29,2.157706869497787
MID87,SID87,67,2017-03-08 06:26:20,3.950,29,2.079987404607161
MID86,SID86,67,2017-03-08 06:26:20,2.633,29,2.406122248125344
MID85,SID85,67,2017-03-08 06:26:20,4.389,33,2.2724207726488648
MID84,SID84,67,2017-03-08 06:26:20,2.633,25,2.2644344371853546
MID83,SID83,67,2017-03-08 06:26:20,2.633,33,2.401035209556898
MID82,SID82,67,2017-03-08 06:26:20,3.950,32,2.231485264458682
MID81,SID81,67,2017-03-08 06:26:20,3.950,28,2.312765114127089
MID80,SID80,67,2017-03-08 06:26:20,3.950,28,2.270603063322826
MID59,SID59,67,2017-03-08 06:26:20,2.633,26,2.46470873828445
MID58,SID58,67,2017-03-08 06:26:20,2.633,33,2.3951900333989116
MID57,SID57,67,2017-03-08 06:26:20,4.389,32,2.3645609876665517
MID56,SID56,67,2017-03-08 06:26:20,2.194,30,2.2866870889437574
MID55,SID55,67,2017-03-08 06:26:20,3.511,29,2.1343493618463794
MID54,SID54,67,2017-03-08 06:26:20,2.194,28,2.435798703427751
MID53,SID53,67,2017-03-08 06:26:20,3.072,33,2.3163116509478083
MID52,SID52,67,2017-03-08 06:26:20,4.389,31,2.1830355987648185
MID51,SID51,67,2017-03-08 06:26:20,3.950,27,2.1707327881864553
MID50,SID50,67,2017-03-08 06:26:20,2.194,25,2.047226541528635
MID69,SID69,67,2017-03-08 06:26:20,4.389,27,2.3335977106887436
MID68,SID68,67,2017-03-08 06:26:20,3.072,32,2.2657317105931503
MID67,SID67,67,2017-03-08 06:26:20,3.950,28,2.2606178386545435
MID66,SID66,67,2017-03-08 06:26:20,2.633,26,2.4753800830783437
MID65,SID65,67,2017-03-08 06:26:20,3.950,32,2.0190817904240315
MID64,SID64,67,2017-03-08 06:26:20,3.511,25,2.476363858168098
MID63,SID63,67,2017-03-08 06:26:20,2.633,32,2.0469041025730306
MID62,SID62,67,2017-03-08 06:26:20,4.389,30,2.1698511484537386
MID61,SID61,67,2017-03-08 06:26:20,3.950,27,2.0969050806803393
MID60,SID60,67,2017-03-08 06:26:20,3.950,30,2.445157786039868
MID39,SID39,67,2017-03-08 06:26:20,3.511,32,2.3598107717748054
MID38,SID38,67,2017-03-08 06:26:20,3.072,26,2.3077175660347073
MID37,SID37,67,2017-03-08 06:26:20,3.511,32,2.1142698364910872
MID36,SID36,67,2017-03-08 06:26:20,3.950,33,2.18800109301806
MID35,SID35,67,2017-03-08 06:26:20,3.950,33,2.1190610744399243
MID34,SID34,67,2017-03-08 06:26:20,2.194,30,2.1791076193179206
MID33,SID33,67,2017-03-08 06:26:20,4.389,29,2.111099370119075
MID32,SID32,67,2017-03-08 06:26:20,3.950,30,2.2690811112279325
MID31,SID31,67,2017-03-08 06:26:20,2.194,26,2.376873774725566
MID30,SID30,67,2017-03-08 06:26:20,3.072,32,2.3881402139721146
MID49,SID49,67,2017-03-08 06:26:20,3.072,28,2.1705308095016194
MID48,SID48,67,2017-03-08 06:26:20,3.950,31,2.2125226660316333
MID47,SID47,67,2017-03-08 06:26:20,3.072,31,2.3992352525686296
MID46,SID46,67,2017-03-08 06:26:20,3.511,27,2.189252955270977
MID45,SID45,67,2017-03-08 06:26:20,3.072,27,2.217481285869351
MID44,SID44,67,2017-03-08 06:26:20,2.194,25,2.447321580708762
MID43,SID43,67,2017-03-08 06:26:20,2.633,25,2.2412703699488192
MID42,SID42,67,2017-03-08 06:26:20,3.950,30,2.261801547173311
MID41,SID41,67,2017-03-08 06:26:20,3.950,32,2.1380021766353448
MID40,SID40,67,2017-03-08 06:26:20,4.389,33,2.1618234437883084
MID19,SID19,67,2017-03-08 06:26:30,3.533,27,2.0583017705873634
MID18,SID18,67,2017-03-08 06:26:30,3.092,29,2.0842187184736978
MID17,SID17,67,2017-03-08 06:26:30,3.533,26,2.3509375687273777
MID16,SID16,67,2017-03-08 06:26:30,3.092,29,2.3147488162848777
MID15,SID15,67,2017-03-08 06:26:30,2.208,26,2.1423365228306412
MID14,SID14,67,2017-03-08 06:26:30,3.533,31,2.077087993178793
MID13,SID13,67,2017-03-08 06:26:30,3.975,33,2.063397634597799
MID12,SID12,67,2017-03-08 06:26:30,3.533,32,2.2341569892320328
MID11,SID11,67,2017-03-08 06:26:30,4.417,29,2.1535081436182875
MID99,SID99,67,2017-03-08 06:26:30,3.092,27,2.38928018245654
MID10,SID10,67,2017-03-08 06:26:30,2.208,30,2.181413924079701
MID98,SID98,67,2017-03-08 06:26:30,3.975,27,2.3815560745449145
MID97,SID97,67,2017-03-08 06:26:30,2.208,25,2.4515471349432874
MID96,SID96,67,2017-03-08 06:26:30,3.975,29,2.0622764372392988
MID95,SID95,67,2017-03-08 06:26:30,4.417,25,2.3802362966462325
MID94,SID94,67,2017-03-08 06:26:30,4.417,34,2.0051420326233957
MID93,SID93,67,2017-03-08 06:26:30,4.417,32,2.054317316158319
MID92,SID92,67,2017-03-08 06:26:30,3.092,28,2.319289556450365
MID91,SID91,67,2017-03-08 06:26:30,4.417,34,2.2873882928461455
MID4,SID4,67,2017-03-08 06:26:30,2.208,27,2.362765036716459
MID5,SID5,67,2017-03-08 06:26:30,3.533,26,2.322500979453234
MID6,SID6,67,2017-03-08 06:26:30,2.650,33,2.429548460651139
MID7,SID7,67,2017-03-08 06:26:30,4.417,32,2.3267861701770833
MID1,SID1,67,2017-03-08 06:26:30,3.092,33,2.313264337818096
MID2,SID2,67,2017-03-08 06:26:30,4.417,27,2.39542609354051
MID3,SID3,67,2017-03-08 06:26:30,3.975,28,2.110948860138298
MID29,SID29,67,2017-03-08 06:26:30,3.975,25,2.487980288902422
MID28,SID28,67,2017-03-08 06:26:30,3.092,26,2.1951015639317677
MID27,SID27,67,2017-03-08 06:26:30,2.650,25,2.215328575953961
MID26,SID26,67,2017-03-08 06:26:30,2.650,31,2.3410297206377835
MID8,SID8,67,2017-03-08 06:26:30,3.092,27,2.152708442798202
MID25,SID25,67,2017-03-08 06:26:30,2.208,28,2.029072450012162
MID9,SID9,67,2017-03-08 06:26:30,3.533,31,2.3061846782281004
MID24,SID24,67,2017-03-08 06:26:30,2.208,28,2.369052238133859
MID23,SID23,67,2017-03-08 06:26:30,3.533,34,2.203279459681819
MID22,SID22,67,2017-03-08 06:26:30,3.092,28,2.104699012080692
MID21,SID21,67,2017-03-08 06:26:30,2.650,31,2.0642126628104167
MID20,SID20,67,2017-03-08 06:26:30,3.092,33,2.1227755560398207
MID100,SID100,67,2017-03-08 06:26:30,3.533,33,2.3118044908841258
MID79,SID79,67,2017-03-08 06:26:30,2.208,31,2.3745136621294467
MID78,SID78,67,2017-03-08 06:26:30,3.533,34,2.3575712132421143
MID77,SID77,67,2017-03-08 06:26:30,2.208,33,2.098376825502776
MID76,SID76,67,2017-03-08 06:26:30,2.650,34,2.039048668369025
MID75,SID75,67,2017-03-08 06:26:30,3.092,27,2.066712727209741
MID74,SID74,67,2017-03-08 06:26:30,3.533,34,2.0058851398001494
MID73,SID73,67,2017-03-08 06:26:30,2.650,34,2.1362076931707965
MID72,SID72,67,2017-03-08 06:26:30,4.417,27,2.45918718373659
MID71,SID71,67,2017-03-08 06:26:30,2.650,31,2.2121616951525174
MID70,SID70,67,2017-03-08 06:26:30,2.650,28,2.1565088266411596
MID90,SID90,67,2017-03-08 06:26:30,3.533,33,2.4608226548084637
MID89,SID89,67,2017-03-08 06:26:30,4.417,33,2.384898803353925
MID88,SID88,67,2017-03-08 06:26:30,3.533,26,2.489399332043507
MID87,SID87,67,2017-03-08 06:26:30,3.975,32,2.3419627055745207
MID86,SID86,67,2017-03-08 06:26:30,2.650,34,2.173106086351404
MID85,SID85,67,2017-03-08 06:26:30,4.417,25,2.474611738729707
MID84,SID84,67,2017-03-08 06:26:30,2.650,33,2.355055106712616
MID83,SID83,67,2017-03-08 06:26:30,2.650,31,2.223580038471221
MID82,SID82,67,2017-03-08 06:26:30,3.975,32,2.3978629876514703
MID81,SID81,67,2017-03-08 06:26:30,3.975,32,2.2443128071703455
MID80,SID80,67,2017-03-08 06:26:30,3.975,26,2.052708395214307
MID59,SID59,67,2017-03-08 06:26:30,2.650,33,2.3788352750756245
MID58,SID58,67,2017-03-08 06:26:30,2.650,28,2.4299131565000627
MID57,SID57,67,2017-03-08 06:26:30,4.417,26,2.499906797453711
MID56,SID56,67,2017-03-08 06:26:30,2.208,29,2.311231103995503
MID55,SID55,67,2017-03-08 06:26:30,3.533,29,2.237835743882359
MID54,SID54,67,2017-03-08 06:26:30,2.208,33,2.3443939966079355
MID53,SID53,67,2017-03-08 06:26:30,3.092,26,2.0233429202858066
MID52,SID52,67,2017-03-08 06:26:30,4.417,32,2.073035250750668
MID51,SID51,67,2017-03-08 06:26:30,3.975,30,2.237385487811307
MID50,SID50,67,2017-03-08 06:26:30,2.208,33,2.029166558909921
MID69,SID69,67,2017-03-08 06:26:30,4.417,31,2.233150782323943
MID68,SID68,67,2017-03-08 06:26:30,3.092,32,2.2151115499071294
MID67,SID67,67,2017-03-08 06:26:30,3.975,34,2.248841936130334
MID66,SID66,67,2017-03-08 06:26:30,2.650,27,2.2784833733378846
MID65,SID65,67,2017-03-08 06:26:30,3.975,33,2.2795916415141857
MID64,SID64,67,2017-03-08 06:26:30,3.533,34,2.0279815052975025
MID63,SID63,67,2017-03-08 06:26:30,2.650,25,2.1296340269614906
MID62,SID62,67,2017-03-08 06:26:30,4.417,25,2.01434850883709
MID61,SID61,67,2017-03-08 06:26:30,3.975,26,2.1171819308565065
MID60,SID60,67,2017-03-08 06:26:30,3.975,25,2.3841107253499967
MID39,SID39,67,2017-03-08 06:26:30,3.533,27,2.4714252781696615
MID38,SID38,67,2017-03-08 06:26:30,3.092,28,2.401481918303816
MID37,SID37,67,2017-03-08 06:26:30,3.533,26,2.1168709117347753
MID36,SID36,67,2017-03-08 06:26:30,3.975,26,2.4617027477797477
MID35,SID35,67,2017-03-08 06:26:30,3.975,30,2.008262333929669
MID34,SID34,67,2017-03-08 06:26:30,2.208,32,2.398829588055566
MID33,SID33,67,2017-03-08 06:26:30,4.417,31,2.2035120057673816
MID32,SID32,67,2017-03-08 06:26:30,3.975,30,2.1087067017404197
MID31,SID31,67,2017-03-08 06:26:30,2.208,28,2.248619396143941
MID30,SID30,67,2017-03-08 06:26:30,3.092,33,2.250476257935331
MID49,SID49,67,2017-03-08 06:26:30,3.092,34,2.292581535527969
MID48,SID48,67,2017-03-08 06:26:30,3.975,26,2.1571652394299825
MID47,SID47,67,2017-03-08 06:26:30,3.092,30,2.3337219902344497
MID46,SID46,67,2017-03-08 06:26:30,3.533,30,2.1223872527225023
MID45,SID45,67,2017-03-08 06:26:30,3.092,28,2.008427669342093
MID44,SID44,67,2017-03-08 06:26:30,2.208,33,2.4948626696490903
MID43,SID43,67,2017-03-08 06:26:30,2.650,26,2.2127096820476306
MID42,SID42,67,2017-03-08 06:26:30,3.975,25,2.185674606185839
MID41,SID41,67,2017-03-08 06:26:30,3.975,31,2.2745257241323724
MID40,SID40,67,2017-03-08 06:26:30,4.417,31,2.325025140490281
MID19,SID19,67,2017-03-08 06:26:40,3.556,31,2.20862901258114
MID18,SID18,67,2017-03-08 06:26:40,3.111,31,2.219287143136319
MID17,SID17,67,2017-03-08 06:26:40,3.556,29,2.1311820694924304
MID16,SID16,67,2017-03-08 06:26:40,3.111,27,2.368501669568998
MID15,SID15,67,2017-03-08 06:26:40,2.222,28,2.235231397515818
MID14,SID14,67,2017-03-08 06:26:40,3.556,30,2.1345999670073774
MID13,SID13,67,2017-03-08 06:26:40,4.000,25,2.100388924137692
MID12,SID12,67,2017-03-08 06:26:40,3.556,34,2.0795799310545457
MID11,SID11,67,2017-03-08 06:26:40,4.444,29,2.2202879489870706
MID99,SID99,67,2017-03-08 06:26:40,3.111,27,2.176528065062124
MID10,SID10,67,2017-03-08 06:26:40,2.222,34,2.1797504471359774
MID98,SID98,67,2017-03-08 06:26:40,4.000,28,2.391086556175636
MID97,SID97,67,2017-03-08 06:26:40,2.222,34,2.3742468410610633
MID96,SID96,67,2017-03-08 06:26:40,4.000,26,2.2399066923209108
MID95,SID95,67,2017-03-08 06:26:40,4.444,32,2.170599017779446
MID94,SID94,67,2017-03-08 06:26:40,4.444,30,2.4704417621905725
MID93,SID93,67,2017-03-08 06:26:40,4.444,29,2.094946037730096
MID92,SID92,67,2017-03-08 06:26:40,3.111,27,2.1229349932010178
MID91,SID91,67,2017-03-08 06:26:40,4.444,29,2.4237358378629454
MID4,SID4,67,2017-03-08 06:26:40,2.222,28,2.476602345249662
MID5,SID5,67,2017-03-08 06:26:40,3.556,33,2.326847011667372
MID6,SID6,67,2017-03-08 06:26:40,2.667,34,2.2400193559970596
MID7,SID7,67,2017-03-08 06:26:40,4.444,34,2.1378040732965027
MID1,SID1,67,2017-03-08 06:26:40,3.111,29,2.4991656730103853
MID2,SID2,67,2017-03-08 06:26:40,4.444,27,2.3086587007998505
MID3,SID3,67,2017-03-08 06:26:40,4.000,34,2.117376011145872
MID29,SID29,67,2017-03-08 06:26:40,4.000,30,2.048778400639038
MID28,SID28,67,2017-03-08 06:26:40,3.111,33,2.118231152066089
MID27,SID27,67,2017-03-08 06:26:40,2.667,28,2.1937628852918487
MID26,SID26,67,2017-03-08 06:26:40,2.667,27,2.1627930496240064
MID8,SID8,67,2017-03-08 06:26:40,3.111,33,2.2188732121451524
MID25,SID25,67,2017-03-08 06:26:40,2.222,25,2.0118341161552094
MID9,SID9,67,2017-03-08 06:26:40,3.556,29,2.3742098402471337
MID24,SID24,67,2017-03-08 06:26:40,2.222,26,2.388251150606655
MID23,SID23,67,2017-03-08 06:26:40,3.556,30,2.4921194579648884
MID22,SID22,67,2017-03-08 06:26:40,3.111,28,2.4254187529384583
MID21,SID21,67,2017-03-08 06:26:40,2.667,27,2.3889277687584864
MID20,SID20,67,2017-03-08 06:26:40,3.111,28,2.0441290728516903
MID100,SID100,67,2017-03-08 06:26:40,3.556,28,2.4271169802074417
MID79,SID79,67,2017-03-08 06:26:40,2.222,29,2.304101392226258
MID78,SID78,67,2017-03-08 06:26:40,3.556,28,2.2631285954447535
MID77,SID77,67,2017-03-08 06:26:40,2.222,34,2.450303883811478
MID76,SID76,67,2017-03-08 06:26:40,2.667,33,2.432427932014475
MID75,SID75,67,2017-03-08 06:26:40,3.111,25,2.0833176064470287
MID74,SID74,67,2017-03-08 06:26:40,3.556,29,2.1992543626431447
MID73,SID73,67,2017-03-08 06:26:40,2.667,31,2.096853048060154
MID72,SID72,67,2017-03-08 06:26:40,4.444,29,2.2139118263534354
MID71,SID71,67,2017-03-08 06:26:40,2.667,33,2.416077656434287
MID70,SID70,67,2017-03-08 06:26:40,2.667,27,2.3788734625896213
MID90,SID90,67,2017-03-08 06:26:40,3.556,30,2.484766521956411
MID89,SID89,67,2017-03-08 06:26:40,4.444,31,2.2979192567886955
MID88,SID88,67,2017-03-08 06:26:40,3.556,30,2.075055283676853
MID87,SID87,67,2017-03-08 06:26:40,4.000,34,2.2251633574551932
MID86,SID86,67,2017-03-08 06:26:40,2.667,33,2.2524366594583585
MID85,SID85,67,2017-03-08 06:26:40,4.444,33,2.3727181555055656
MID84,SID84,67,2017-03-08 06:26:40,2.667,33,2.3940041869574142
MID83,SID83,67,2017-03-08 06:26:40,2.667,34,2.2952743145440797
MID82,SID82,67,2017-03-08 06:26:40,4.000,31,2.315880464187839
MID81,SID81,67,2017-03-08 06:26:40,4.000,33,2.3918346269032345
MID80,SID80,67,2017-03-08 06:26:40,4.000,30,2.104681745599806
MID59,SID59,67,2017-03-08 06:26:40,2.667,30,2.1603774112669574
MID58,SID58,67,2017-03-08 06:26:40,2.667,33,2.3431665601626
MID57,SID57,67,2017-03-08 06:26:40,4.444,30,2.237917739508508
MID56,SID56,67,2017-03-08 06:26:40,2.222,28,2.4828195890826805
MID55,SID55,67,2017-03-08 06:26:40,3.556,31,2.22656889278742
MID54,SID54,67,2017-03-08 06:26:40,2.222,26,2.319656682531696
MID53,SID53,67,2017-03-08 06:26:40,3.111,33,2.272925508191514
MID52,SID52,67,2017-03-08 06:26:40,4.444,34,2.4246996379229335
MID51,SID51,67,2017-03-08 06:26:40,4.000,31,2.097646045456438
MID50,SID50,67,2017-03-08 06:26:40,2.222,33,2.248105689624072
MID69,SID69,67,2017-03-08 06:26:40,4.444,28,2.064426718874482
MID68,SID68,67,2017-03-08 06:26:40,3.111,31,2.2686608261648034
MID67,SID67,67,2017-03-08 06:26:40,4.000,27,2.250335008137675
MID66,SID66,67,2017-03-08 06:26:40,2.667,29,2.030549352762926
MID65,SID65,67,2017-03-08 06:26:40,4.000,32,2.2259619655187177
MID64,SID64,67,2017-03-08 06:26:40,3.556,33,2.3852397211838308
MID63,SID63,67,2017-03-08 06:26:40,2.667,25,2.363192570421101
MID62,SID62,67,2017-03-08 06:26:40,4.444,30,2.156686534581942
MID61,SID61,67,2017-03-08 06:26:40,4.000,27,2.3426508039408143
MID60,SID60,67,2017-03-08 06:26:40,4.000,34,2.441193932622276
MID39,SID39,67,2017-03-08 06:26:40,3.556,26,2.4799326294792507
MID38,SID38,67,2017-03-08 06:26:40,3.111,30,2.2754390703815783
MID37,SID37,67,2017-03-08 06:26:40,3.556,25,2.032487966301217
MID36,SID36,67,2017-03-08 06:26:40,4.000,34,2.366935884072247
MID35,SID35,67,2017-03-08 06:26:40,4.000,28,2.395637198168743
MID34,SID34,67,2017-03-08 06:26:40,2.222,29,2.2056641221231805
MID33,SID33,67,2017-03-08 06:26:40,4.444,32,2.07106528308426
MID32,SID32,67,2017-03-08 06:26:40,4.000,27,2.4843548322940174
MID31,SID31,67,2017-03-08 06:26:40,2.222,34,2.390179543049562
MID30,SID30,67,2017-03-08 06:26:40,3.111,29,2.2300449465538024
MID49,SID49,67,2017-03-08 06:26:40,3.111,28,2.3404958009295513
MID48,SID48,67,2017-03-08 06:26:40,4.000,32,2.2286192664509388
MID47,SID47,67,2017-03-08 06:26:40,3.111,29,2.038865805636305
MID46,SID46,67,2017-03-08 06:26:40,3.556,34,2.2109507207629444
MID45,SID45,67,2017-03-08 06:26:40,3.111,34,2.367914996811743
MID44,SID44,67,2017-03-08 06:26:40,2.222,25,2.4556212249253813
MID43,SID43,67,2017-03-08 06:26:40,2.667,26,2.4501993286693002
MID42,SID42,67,2017-03-08 06:26:40,4.000,25,2.0104182268107045
MID41,SID41,67,2017-03-08 06:26:40,4.000,25,2.024887109134057
MID40,SID40,67,2017-03-08 06:26:40,4.444,25,2.3420962865981836
MID19,SID19,67,2017-03-08 06:26:50,3.578,33,2.1886850551391355
MID18,SID18,67,2017-03-08 06:26:50,3.131,30,2.47295799852307
MID17,SID17,67,2017-03-08 06:26:50,3.578,31,2.0802925465975846
MID16,SID16,67,2017-03-08 06:26:50,3.131,26,2.3507683128424093
MID15,SID15,67,2017-03-08 06:26:50,2.236,34,2.043689231914645
MID14,SID14,67,2017-03-08 06:26:50,3.578,26,2.3037319348683285
MID13,SID13,67,2017-03-08 06:26:50,4.025,27,2.3972795923311185
MID12,SID12,67,2017-03-08 06:26:50,3.578,30,2.0031726359759294
MID11,SID11,67,2017-03-08 06:26:50,4.472,32,2.4876989718075317
MID99,SID99,67,2017-03-08 06:26:50,3.131,31,2.066440203206325
MID10,SID10,67,2017-03-08 06:26:50,2.236,27,2.3306148763023615
MID98,SID98,67,2017-03-08 06:26:50,4.025,30,2.349383609503587
MID97,SID97,67,2017-03-08 06:26:50,2.236,25,2.3811457382531867
MID96,SID96,67,2017-03-08 06:26:50,4.025,34,2.1325913860906303
MID95,SID95,67,2017-03-08 06:26:50,4.472,31,2.218067531187708
MID94,SID94,67,2017-03-08 06:26:50,4.472,29,2.3213082611899525
MID93,SID93,67,2017-03-08 06:26:50,4.472,26,2.4921263351367045
MID92,SID92,67,2017-03-08 06:26:50,3.131,30,2.063493245893431
MID91,SID91,67,2017-03-08 06:26:50,4.472,32,2.0185385091179056
MID4,SID4,67,2017-03-08 06:26:50,2.236,27,2.470666993936583
MID5,SID5,67,2017-03-08 06:26:50,3.578,30,2.401160235943248
MID6,SID6,67,2017-03-08 06:26:50,2.683,25,2.3504069794961993
MID7,SID7,67,2017-03-08 06:26:50,4.472,26,2.182929660032647
MID1,SID1,67,2017-03-08 06:26:50,3.131,30,2.018287743834241
MID2,SID2,67,2017-03-08 06:26:50,4.472,28,2.134748067490227
MID3,SID3,67,2017-03-08 06:26:50,4.025,28,2.0183279025210763
MID29,SID29,67,2017-03-08 06:26:50,4.025,28,2.101878584276206
MID28,SID28,67,2017-03-08 06:26:50,3.131,30,2.2073318276348486
MID27,SID27,67,2017-03-08 06:26:50,2.683,26,2.08058621310717
MID26,SID26,67,2017-03-08 06:26:50,2.683,26,2.1485554804682976
MID8,SID8,67,2017-03-08 06:26:50,3.131,29,2.125743121766974
MID25,SID25,67,2017-03-08 06:26:50,2.236,28,2.1959162128992142
MID9,SID9,67,2017-03-08 06:26:50,3.578,25,2.1100717418803963
MID24,SID24,67,2017-03-08 06:26:50,2.236,32,2.003628598828209
MID23,SID23,67,2017-03-08 06:26:50,3.578,28,2.2016420585420424
MID22,SID22,67,2017-03-08 06:26:50,3.131,28,2.3199609527050384
MID21,SID21,67,2017-03-08 06:26:50,2.683,31,2.0249242216869887
MID20,SID20,67,2017-03-08 06:26:50,3.131,33,2.4867134252114846
MID100,SID100,67,2017-03-08 06:26:50,3.578,25,2.0654937659916865
MID79,SID79,67,2017-03-08 06:26:50,2.236,33,2.0592139013178032
MID78,SID78,67,2017-03-08 06:26:50,3.578,29,2.3954270987987174
MID77,SID77,67,2017-03-08 06:26:50,2.236,32,2.0219538086321376
MID76,SID76,67,2017-03-08 06:26:50,2.683,32,2.036495623638546
MID75,SID75,67,2017-03-08 06:26:50,3.131,34,2.3007947565344917
MID74,SID74,67,2017-03-08 06:26:50,3.578,26,2.0254687291849485
MID73,SID73,67,2017-03-08 06:26:50,2.683,25,2.4964305397024313
MID72,SID72,67,2017-03-08 06:26:50,4.472,34,2.397701499275291
MID71,SID71,67,2017-03-08 06:26:50,2.683,32,2.0627771255213028
MID70,SID70,67,2017-03-08 06:26:50,2.683,28,2.2382411810788287
MID90,SID90,67,2017-03-08 06:26:50,3.578,34,2.2289858271884424
MID89,SID89,67,2017-03-08 06:26:50,4.472,31,2.400921495029574
MID88,SID88,67,2017-03-08 06:26:50,3.578,33,2.0237867541738233
MID87,SID87,67,2017-03-08 06:26:50,4.025,30,2.232905542213775
MID86,SID86,67,2017-03-08 06:26:50,2.683,30,2.4466775989429292
MID85,SID85,67,2017-03-08 06:26:50,4.472,26,2.125993022010447
MID84,SID84,67,2017-03-08 06:26:50,2.683,28,2.3802761134649626
MID83,SID83,67,2017-03-08 06:26:50,2.683,27,2.269397459739502
MID82,SID82,67,2017-03-08 06:26:50,4.025,32,2.1487007542633543
MID81,SID81,67,2017-03-08 06:26:50,4.025,29,2.3092809506040695
MID80,SID80,67,2017-03-08 06:26:50,4.025,29,2.443036688138557
MID59,SID59,67,2017-03-08 06:26:50,2.683,26,2.3953396465070083
MID58,SID58,67,2017-03-08 06:26:50,2.683,33,2.1861450146537273
MID57,SID57,67,2017-03-08 06:26:50,4.472,30,2.4018026526842933
MID56,SID56,67,2017-03-08 06:26:50,2.236,27,2.022177945070394
MID55,SID55,67,2017-03-08 06:26:50,3.578,28,2.000031084350488
MID54,SID54,67,2017-03-08 06:26:50,2.236,27,2.439933286534914
MID53,SID53,67,2017-03-08 06:26:50,3.131,31,2.141181394887434
MID52,SID52,67,2017-03-08 06:26:50,4.472,29,2.065564892179501
MID51,SID51,67,2017-03-08 06:26:50,4.025,25,2.495719287476976
MID50,SID50,67,2017-03-08 06:26:50,2.236,31,2.310534845677549
MID69,SID69,67,2017-03-08 06:26:50,4.472,28,2.2959778484647217
MID68,SID68,67,2017-03-08 06:26:50,3.131,25,2.080566188175543
MID67,SID67,67,2017-03-08 06:26:50,4.025,33,2.179877210095996
MID66,SID66,67,2017-03-08 06:26:50,2.683,30,2.080263408646887
MID65,SID65,67,2017-03-08 06:26:50,4.025,31,2.3202085168048416
MID64,SID64,67,2017-03-08 06:26:50,3.578,32,2.198620758531337
MID63,SID63,67,2017-03-08 06:26:50,2.683,29,2.328853119136422
MID62,SID62,67,2017-03-08 06:26:50,4.472,26,2.014703166747923
MID61,SID61,67,2017-03-08 06:26:50,4.025,30,2.0111006925609005
MID60,SID60,67,2017-03-08 06:26:50,4.025,33,2.112098709741582
MID39,SID39,67,2017-03-08 06:26:50,3.578,28,2.356788135530567
MID38,SID38,67,2017-03-08 06:26:50,3.131,30,2.078815185655384
MID37,SID37,67,2017-03-08 06:26:50,3.578,29,2.470773748848956
MID36,SID36,67,2017-03-08 06:26:50,4.025,25,2.273510016819695
MID35,SID35,67,2017-03-08 06:26:50,4.025,28,2.0766177115402145
MID34,SID34,67,2017-03-08 06:26:50,2.236,26,2.452120012416241
MID33,SID33,67,2017-03-08 06:26:50,4.472,31,2.436609608042791
MID32,SID32,67,2017-03-08 06:26:50,4.025,30,2.019937276855477
MID31,SID31,67,2017-03-08 06:26:50,2.236,25,2.4945796203891075
MID30,SID30,67,2017-03-08 06:26:50,3.131,29,2.4317536034158507
MID49,SID49,67,2017-03-08 06:26:50,3.131,31,2.376135556309322
MID48,SID48,67,2017-03-08 06:26:50,4.025,29,2.237620408195778
MID47,SID47,67,2017-03-08 06:26:50,3.131,34,2.028016761939867
MID46,SID46,67,2017-03-08 06:26:50,3.578,26,2.126100319537865
MID45,SID45,67,2017-03-08 06:26:50,3.131,32,2.441276881287152
MID44,SID44,67,2017-03-08 06:26:50,2.236,33,2.227289717001139
MID43,SID43,67,2017-03-08 06:26:50,2.683,28,2.1427954325562166
MID42,SID42,67,2017-03-08 06:26:50,4.025,27,2.0580368606003643
MID41,SID41,67,2017-03-08 06:26:50,4.025,30,2.3736018346747567
MID40,SID40,67,2017-03-08 06:26:50,4.472,34,2.0057921299396773
MID19,SID19,67,2017-03-08 06:27:00,3.600,26,2.456620443465572
MID18,SID18,67,2017-03-08 06:27:00,3.150,25,2.452430328908156
MID17,SID17,67,2017-03-08 06:27:00,3.600,26,2.265748593567138
MID16,SID16,67,2017-03-08 06:27:00,3.150,25,2.2502549922033266
MID15,SID15,67,2017-03-08 06:27:00,2.250,32,2.308405874337067
MID14,SID14,67,2017-03-08 06:27:00,3.600,25,2.3347075275893587
MID13,SID13,67,2017-03-08 06:27:00,4.050,33,2.2316625962357137
MID12,SID12,67,2017-03-08 06:27:00,3.600,31,2.280235207833813
MID11,SID11,67,2017-03-08 06:27:00,4.500,32,2.4185138711341394
MID99,SID99,67,2017-03-08 06:27:00,3.150,25,2.0887945735590208
MID10,SID10,67,2017-03-08 06:27:00,2.250,30,2.4274668290051804
MID98,SID98,67,2017-03-08 06:27:00,4.050,27,2.474984186892482
MID97,SID97,67,2017-03-08 06:27:00,2.250,30,2.4683651372289668
MID96,SID96,67,2017-03-08 06:27:00,4.050,31,2.2756158974110168
MID95,SID95,67,2017-03-08 06:27:00,4.500,33,2.2807489212312997
MID94,SID94,67,2017-03-08 06:27:00,4.500,28,2.134465242618652
MID93,SID93,67,2017-03-08 06:27:00,4.500,30,2.3682117564256977
MID92,SID92,67,2017-03-08 06:27:00,3.150,27,2.1399376899328333
MID91,SID91,67,2017-03-08 06:27:00,4.500,26,2.347044039961885
MID4,SID4,67,2017-03-08 06:27:00,2.250,33,2.295311882840461
MID5,SID5,67,2017-03-08 06:27:00,3.600,26,2.294624114464034
MID6,SID6,67,2017-03-08 06:27:00,2.700,27,2.0815341867033887
MID7,SID7,67,2017-03-08 06:27:00,4.500,26,2.218121022549117
MID1,SID1,67,2017-03-08 06:27:00,3.150,27,2.1690116591750144
MID2,SID2,67,2017-03-08 06:27:00,4.500,31,2.3121704451718825
MID3,SID3,67,2017-03-08 06:27:00,4.050,25,2.261971828443694
MID29,SID29,67,2017-03-08 06:27:00,4.050,28,2.0283608120076404
MID28,SID28,67,2017-03-08 06:27:00,3.150,30,2.444731804514732
MID27,SID27,67,2017-03-08 06:27:00,2.700,29,2.4045447530508355
MID26,SID26,67,2017-03-08 06:27:00,2.700,33,2.479992332744855
MID8,SID8,67,2017-03-08 06:27:00,3.150,31,2.4145029332220713
MID25,SID25,67,2017-03-08 06:27:00,2.250,28,2.447691162407879
MID9,SID9,67,2017-03-08 06:27:00,3.600,30,2.296949723388947
MID24,SID24,67,2017-03-08 06:27:00,2.250,28,2.058132599738978
MID23,SID23,67,2017-03-08 06:27:00,3.600,28,2.218869227132938
MID22,SID22,67,2017-03-08 06:27:00,3.150,27,2.3190396699657363
MID21,SID21,67,2017-03-08 06:27:00,2.700,34,2.344369666827972
MID20,SID20,67,2017-03-08 06:27:00,3.150,33,2.0545964920454947
MID100,SID100,67,2017-03-08 06:27:00,3.600,29,2.3419369043595237
MID79,SID79,67,2017-03-08 06:27:00,2.250,25,2.3714760014629808
MID78,SID78,67,2017-03-08 06:27:00,3.600,30,2.2094031928922973
MID77,SID77,67,2017-03-08 06:27:00,2.250,32,2.167685281125392
MID76,SID76,67,2017-03-08 06:27:00,2.700,25,2.0294866632151782
MID75,SID75,67,2017-03-08 06:27:00,3.150,26,2.0150189269319245
MID74,SID74,67,2017-03-08 06:27:00,3.600,29,2.421553030014446
MID73,SID73,67,2017-03-08 06:27:00,2.700,32,2.2207019428094363
MID72,SID72,67,2017-03-08 06:27:00,4.500,28,2.457640410086637
MID71,SID71,67,2017-03-08 06:27:00,2.700,26,2.0578746094169125
MID70,SID70,67,2017-03-08 06:27:00,2.700,29,2.2119180674751324
MID90,SID90,67,2017-03-08 06:27:00,3.600,32,2.38816739312313
MID89,SID89,67,2017-03-08 06:27:00,4.500,27,2.4157536084711784
MID88,SID88,67,2017-03-08 06:27:00,3.600,31,2.0268062788955037
MID87,SID87,67,2017-03-08 06:27:00,4.050,27,2.082295066948668
MID86,SID86,67,2017-03-08 06:27:00,2.700,32,2.049758408931763
MID85,SID85,67,2017-03-08 06:27:00,4.500,29,2.430011245332112
MID84,SID84,67,2017-03-08 06:27:00,2.700,31,2.0765289564942417
MID83,SID83,67,2017-03-08 06:27:00,2.700,31,2.350608178045756
MID82,SID82,67,2017-03-08 06:27:00,4.050,26,2.4104011690992224
MID81,SID81,67,2017-03-08 06:27:00,4.050,29,2.390734511369111
MID80,SID80,67,2017-03-08 06:27:00,4.050,30,2.4260607321624454
MID59,SID59,67,2017-03-08 06:27:00,2.700,25,2.380002133881508
MID58,SID58,67,2017-03-08 06:27:00,2.700,32,2.178651457676484
MID57,SID57,67,2017-03-08 06:27:00,4.500,25,2.3790866167047033
MID56,SID56,67,2017-03-08 06:27:00,2.250,25,2.369230896326152
MID55,SID55,67,2017-03-08 06:27:00,3.600,28,2.3368577900267966
MID54,SID54,67,2017-03-08 06:27:00,2.250,30,2.384726956986415
MID53,SID53,67,2017-03-08 06:27:00,3.150,32,2.3511473003979586
MID52,SID52,67,2017-03-08 06:27:00,4.500,28,2.247974074222823
MID51,SID51,67,2017-03-08 06:27:00,4.050,32,2.175378031836904
MID50,SID50,67,2017-03-08 06:27:00,2.250,33,2.2872408584004993
MID69,SID69,67,2017-03-08 06:27:00,4.500,27,2.2391304094786912
MID68,SID68,67,2017-03-08 06:27:00,3.150,26,2.08908872290598
MID67,SID67,67,2017-03-08 06:27:00,4.050,26,2.486740531286184
MID66,SID66,67,2017-03-08 06:27:00,2.700,27,2.4306479552678337
MID65,SID65,67,2017-03-08 06:27:00,4.050,34,2.4437592376828037
MID64,SID64,67,2017-03-08 06:27:00,3.600,27,2.4706682234872717
MID63,SID63,67,2017-03-08 06:27:00,2.700,26,2.345194981014473
MID62,SID62,67,2017-03-08 06:27:00,4.500,25,2.034533234759284
MID61,SID61,67,2017-03-08 06:27:00,4.050,27,2.4434700994332794
MID60,SID60,67,2017-03-08 06:27:00,4.050,26,2.2607776918244165
MID39,SID39,67,2017-03-08 06:27:00,3.600,34,2.4939194617312044
MID38,SID38,67,2017-03-08 06:27:00,3.150,26,2.3878065924544507
MID37,SID37,67,2017-03-08 06:27:00,3.600,26,2.327994796603807
MID36,SID36,67,2017-03-08 06:27:00,4.050,29,2.19732414305621
MID35,SID35,67,2017-03-08 06:27:00,4.050,29,2.1387266931836937
MID34,SID34,67,2017-03-08 06:27:00,2.250,32,2.230236789060072
MID33,SID33,67,2017-03-08 06:27:00,4.500,30,2.1842292343017653
MID32,SID32,67,2017-03-08 06:27:00,4.050,34,2.239058558800571
MID31,SID31,67,2017-03-08 06:27:00,2.250,33,2.4484532623016073
MID30,SID30,67,2017-03-08 06:27:00,3.150,31,2.042356125981357
MID49,SID49,67,2017-03-08 06:27:00,3.150,27,2.3231447753775543
MID48,SID48,67,2017-03-08 06:27:00,4.050,30,2.181751811566273
MID47,SID47,67,2017-03-08 06:27:00,3.150,29,2.217234992151007
MID46,SID46,67,2017-03-08 06:27:00,3.600,33,2.3407310968710773
MID45,SID45,67,2017-03-08 06:27:00,3.150,26,2.4191146340530816
MID44,SID44,67,2017-03-08 06:27:00,2.250,32,2.317231490178974
MID43,SID43,67,2017-03-08 06:27:00,2.700,29,2.2642665425777198
MID42,SID42,67,2017-03-08 06:27:00,4.050,28,2.4959726418150856
MID41,SID41,67,2017-03-08 06:27:00,4.050,32,2.205568336326796
MID40,SID40,67,2017-03-08 06:27:00,4.500,32,2.476455268275724
MID19,SID19,67,2017-03-08 06:27:10,3.622,26,2.2719801380660374
MID18,SID18,67,2017-03-08 06:27:10,3.169,31,2.3393841927116394
MID17,SID17,67,2017-03-08 06:27:10,3.622,30,2.448014401453406
MID16,SID16,67,2017-03-08 06:27:10,3.169,27,2.476026903674697
MID15,SID15,67,2017-03-08 06:27:10,2.264,32,2.0556090882647897
MID14,SID14,67,2017-03-08 06:27:10,3.622,30,2.168981538152058
MID13,SID13,67,2017-03-08 06:27:10,4.075,26,2.2752614534861975
MID12,SID12,67,2017-03-08 06:27:10,3.622,31,2.4451040057148385
MID11,SID11,67,2017-03-08 06:27:10,4.528,26,2.1157502198468316
MID99,SID99,67,2017-03-08 06:27:10,3.169,34,2.1988533853195453
MID10,SID10,67,2017-03-08 06:27:10,2.264,28,2.100528723137267
MID98,SID98,67,2017-03-08 06:27:10,4.075,32,2.354539274501488
MID97,SID97,67,2017-03-08 06:27:10,2.264,32,2.178843994808231
MID96,SID96,67,2017-03-08 06:27:10,4.075,27,2.4367348670646107
MID95,SID95,67,2017-03-08 06:27:10,4.528,33,2.205812170807664
MID94,SID94,67,2017-03-08 06:27:10,4.528,32,2.174378200667552
MID93,SID93,67,2017-03-08 06:27:10,4.528,33,2.315246873211361
MID92,SID92,67,2017-03-08 06:27:10,3.169,33,2.124363525167745
MID91,SID91,67,2017-03-08 06:27:10,4.528,32,2.1759817557629533
MID4,SID4,67,2017-03-08 06:27:10,2.264,29,2.4606288939398344
MID5,SID5,67,2017-03-08 06:27:10,3.622,28,2.419068042651747
MID6,SID6,67,2017-03-08 06:27:10,2.717,25,2.256265296689106
MID7,SID7,67,2017-03-08 06:27:10,4.528,29,2.206553609227852
MID1,SID1,67,2017-03-08 06:27:10,3.169,26,2.193934576127137
MID2,SID2,67,2017-03-08 06:27:10,4.528,26,2.424666116955721
MID3,SID3,67,2017-03-08 06:27:10,4.075,25,2.479939355387056
MID29,SID29,67,2017-03-08 06:27:10,4.075,33,2.003443552811836
MID28,SID28,67,2017-03-08 06:27:10,3.169,25,2.3279362513442594
MID27,SID27,67,2017-03-08 06:27:10,2.717,25,2.3228532794475347
MID26,SID26,67,2017-03-08 06:27:10,2.717,30,2.006880178058231
MID8,SID8,67,2017-03-08 06:27:10,3.169,34,2.057518889209059
MID25,SID25,67,2017-03-08 06:27:10,2.264,30,2.435538702274038
MID9,SID9,67,2017-03-08 06:27:10,3.622,33,2.175228170264293
MID24,SID24,67,2017-03-08 06:27:10,2.264,26,2.3933918142818595
MID23,SID23,67,2017-03-08 06:27:10,3.622,26,2.186812003548773
MID22,SID22,67,2017-03-08 06:27:10,3.169,28,2.4019355227276264
MID21,SID21,67,2017-03-08 06:27:10,2.717,30,2.34557597377501
MID20,SID20,67,2017-03-08 06:27:10,3.169,30,2.311053591432118
MID100,SID100,67,2017-03-08 06:27:10,3.622,32,2.487595194952173
MID79,SID79,67,2017-03-08 06:27:10,2.264,32,2.127099458733408
MID78,SID78,67,2017-03-08 06:27:10,3.622,33,2.390032975126545
MID77,SID77,67,2017-03-08 06:27:10,2.264,31,2.473145264641646
MID76,SID76,67,2017-03-08 06:27:10,2.717,26,2.08329945853928
MID75,SID75,67,2017-03-08 06:27:10,3.169,30,2.2896327742493856
MID74,SID74,67,2017-03-08 06:27:10,3.622,27,2.103651412343677
MID73,SID73,67,2017-03-08 06:27:10,2.717,30,2.4720331895599785
MID72,SID72,67,2017-03-08 06:27:10,4.528,29,2.4365993264979826
MID71,SID71,67,2017-03-08 06:27:10,2.717,29,2.4796875935457634
MID70,SID70,67,2017-03-08 06:27:10,2.717,34,2.4031859497552936
MID90,SID90,67,2017-03-08 06:27:10,3.622,33,2.0300964328610123
MID89,SID89,67,2017-03-08 06:27:10,4.528,34,2.2404404054763907
MID88,SID88,67,2017-03-08 06:27:10,3.622,25,2.3710870227924645
MID87,SID87,67,2017-03-08 06:27:10,4.075,32,2.346044101111785
MID86,SID86,67,2017-03-08 06:27:10,2.717,26,2.0012758765883705
MID85,SID85,67,2017-03-08 06:27:10,4.528,29,2.0499732963905437
MID84,SID84,67,2017-03-08 06:27:10,2.717,30,2.073187485222147
MID83,SID83,67,2017-03-08 06:27:10,2.717,25,2.2849445182514
MID82,SID82,67,2017-03-08 06:27:10,4.075,28,2.008766495680747
MID81,SID81,67,2017-03-08 06:27:10,4.075,32,2.486993108610594
MID80,SID80,67,2017-03-08 06:27:10,4.075,33,2.036242393133476
MID59,SID59,67,2017-03-08 06:27:10,2.717,29,2.335239166208001
MID58,SID58,67,2017-03-08 06:27:10,2.717,34,2.407773326185277
MID57,SID57,67,2017-03-08 06:27:10,4.528,32,2.263222138403343
MID56,SID56,67,2017-03-08 06:27:10,2.264,25,2.0062885734868523
MID55,SID55,67,2017-03-08 06:27:10,3.622,31,2.196540618071076
MID54,SID54,67,2017-03-08 06:27:10,2.264,31,2.462796940693582
MID53,SID53,67,2017-03-08 06:27:10,3.169,27,2.1402363629871055
MID52,SID52,67,2017-03-08 06:27:10,4.528,25,2.4149656424844093
MID51,SID51,67,2017-03-08 06:27:10,4.075,31,2.3756061297345203
MID50,SID50,67,2017-03-08 06:27:10,2.264,34,2.431659728982938
MID69,SID69,67,2017-03-08 06:27:10,4.528,25,2.348715116202515
MID68,SID68,67,2017-03-08 06:27:10,3.169,25,2.4165787995648915
MID67,SID67,67,2017-03-08 06:27:10,4.075,30,2.2841327927014112
MID66,SID66,67,2017-03-08 06:27:10,2.717,29,2.0590617068210264
MID65,SID65,67,2017-03-08 06:27:10,4.075,31,2.0430474232274665
MID64,SID64,67,2017-03-08 06:27:10,3.622,31,2.1047964007246436
MID63,SID63,67,2017-03-08 06:27:10,2.717,28,2.3698758324464366
MID62,SID62,67,2017-03-08 06:27:10,4.528,27,2.306053399871111
MID61,SID61,67,2017-03-08 06:27:10,4.075,26,2.029299051195296
MID60,SID60,67,2017-03-08 06:27:10,4.075,28,2.2868704533627238
MID39,SID39,67,2017-03-08 06:27:10,3.622,26,2.422298753338811
MID38,SID38,67,2017-03-08 06:27:10,3.169,30,2.2139249915114196
MID37,SID37,67,2017-03-08 06:27:10,3.622,33,2.4351804274669133
MID36,SID36,67,2017-03-08 06:27:10,4.075,29,2.184775701167096
MID35,SID35,67,2017-03-08 06:27:10,4.075,34,2.2214538798803867
MID34,SID34,67,2017-03-08 06:27:10,2.264,25,2.3607059974582127
MID33,SID33,67,2017-03-08 06:27:10,4.528,26,2.0004601303528107
MID32,SID32,67,2017-03-08 06:27:10,4.075,30,2.0936526268228928
MID31,SID31,67,2017-03-08 06:27:10,2.264,34,2.288201528997807
MID30,SID30,67,2017-03-08 06:27:10,3.169,30,2.1012968028364893
MID49,SID49,67,2017-03-08 06:27:10,3.169,30,2.0541833481094454
MID48,SID48,67,2017-03-08 06:27:10,4.075,31,2.085061296168068
MID47,SID47,67,2017-03-08 06:27:10,3.169,30,2.4717639340027664
MID46,SID46,67,2017-03-08 06:27:10,3.622,34,2.1426481280613894
MID45,SID45,67,2017-03-08 06:27:10,3.169,32,2.3320385694910613
MID44,SID44,67,2017-03-08 06:27:10,2.264,31,2.4777337454979453
MID43,SID43,67,2017-03-08 06:27:10,2.717,28,2.117627780006768
MID42,SID42,67,2017-03-08 06:27:10,4.075,33,2.3019842897502634
MID41,SID41,67,2017-03-08 06:27:10,4.075,34,2.4478331097486663
MID40,SID40,67,2017-03-08 06:27:10,4.528,29,2.0539263508153036
MID19,SID19,67,2017-03-08 06:27:20,3.644,33,2.472387323091265
MID18,SID18,67,2017-03-08 06:27:20,3.189,32,2.0099629066818787
MID17,SID17,67,2017-03-08 06:27:20,3.644,29,2.4227082754696294
MID16,SID16,67,2017-03-08 06:27:20,3.189,31,2.0932822991869884
MID15,SID15,67,2017-03-08 06:27:20,2.278,28,2.0327696394653683
MID14,SID14,67,2017-03-08 06:27:20,3.644,31,2.1494129649670786
MID13,SID13,67,2017-03-08 06:27:20,4.100,29,2.297175953564926
MID12,SID12,67,2017-03-08 06:27:20,3.644,28,2.4351780945501753
MID11,SID11,67,2017-03-08 06:27:20,4.556,31,2.4274721802892767
MID99,SID99,67,2017-03-08 06:27:20,3.189,26,2.3283476323547396
MID10,SID10,67,2017-03-08 06:27:20,2.278,29,2.085912117227345
MID98,SID98,67,2017-03-08 06:27:20,4.100,34,2.0365813329550617
MID97,SID97,67,2017-03-08 06:27:20,2.278,27,2.435419202995945
MID96,SID96,67,2017-03-08 06:27:20,4.100,30,2.100864828149909
MID95,SID95,67,2017-03-08 06:27:20,4.556,33,2.2294853551965166
MID94,SID94,67,2017-03-08 06:27:20,4.556,34,2.0353797115893517
MID93,SID93,67,2017-03-08 06:27:20,4.556,25,2.095042641021346
MID92,SID92,67,2017-03-08 06:27:20,3.189,30,2.124643540299594
MID91,SID91,67,2017-03-08 06:27:20,4.556,28,2.2908013550697555
MID4,SID4,67,2017-03-08 06:27:20,2.278,26,2.2413306130113115
MID5,SID5,67,2017-03-08 06:27:20,3.644,29,2.2313299816855827
MID6,SID6,67,2017-03-08 06:27:20,2.733,26,2.2833439654344527
MID7,SID7,67,2017-03-08 06:27:20,4.556,29,2.377281643740577
MID1,SID1,67,2017-03-08 06:27:20,3.189,31,2.0331759128358566
MID2,SID2,67,2017-03-08 06:27:20,4.556,28,2.4597792761040775
MID3,SID3,67,2017-03-08 06:27:20,4.100,28,2.112479184011562
MID29,SID29,67,2017-03-08 06:27:20,4.100,31,2.1035481711954005
MID28,SID28,67,2017-03-08 06:27:20,3.189,28,2.3404807897883533
MID27,SID27,67,2017-03-08 06:27:20,2.733,26,2.041221263873245
MID26,SID26,67,2017-03-08 06:27:20,2.733,30,2.4663214500130515
MID8,SID8,67,2017-03-08 06:27:20,3.189,27,2.0688768984258465
MID25,SID25,67,2017-03-08 06:27:20,2.278,30,2.4845606308669947
MID9,SID9,67,2017-03-08 06:27:20,3.644,27,2.243264500547891
MID24,SID24,67,2017-03-08 06:27:20,2.278,25,2.0316738682140705
MID23,SID23,67,2017-03-08 06:27:20,3.644,26,2.0225157058168697
MID22,SID22,67,2017-03-08 06:27:20,3.189,34,2.179355579755024
MID21,SID21,67,2017-03-08 06:27:20,2.733,28,2.3438815002528015
MID20,SID20,67,2017-03-08 06:27:20,3.189,32,2.001162351284912
MID100,SID100,67,2017-03-08 06:27:20,3.644,30,2.4616741943947438
MID79,SID79,67,2017-03-08 06:27:20,2.278,32,2.3075521154658807
MID78,SID78,67,2017-03-08 06:27:20,3.644,31,2.3901010243703333
MID77,SID77,67,2017-03-08 06:27:20,2.278,28,2.0336245756815363
MID76,SID76,67,2017-03-08 06:27:20,2.733,32,2.0299012185764735
MID75,SID75,67,2017-03-08 06:27:20,3.189,32,2.3954502632680037
MID74,SID74,67,2017-03-08 06:27:20,3.644,30,2.1902438829923736
MID73,SID73,67,2017-03-08 06:27:20,2.733,27,2.229431561889449
MID72,SID72,67,2017-03-08 06:27:20,4.556,32,2.3450503107504517
MID71,SID71,67,2017-03-08 06:27:20,2.733,26,2.3917724924080446
MID70,SID70,67,2017-03-08 06:27:20,2.733,34,2.034701648286001
MID90,SID90,67,2017-03-08 06:27:20,3.644,27,2.492361862635919
MID89,SID89,67,2017-03-08 06:27:20,4.556,28,2.4581159303234656
MID88,SID88,67,2017-03-08 06:27:20,3.644,34,2.4387172093941896
MID87,SID87,67,2017-03-08 06:27:20,4.100,29,2.494750570466589
MID86,SID86,67,2017-03-08 06:27:20,2.733,26,2.2966679585489613
MID85,SID85,67,2017-03-08 06:27:20,4.556,32,2.495549383944468
MID84,SID84,67,2017-03-08 06:27:20,2.733,31,2.4754625664724133
MID83,SID83,67,2017-03-08 06:27:20,2.733,25,2.156627984434171
MID82,SID82,67,2017-03-08 06:27:20,4.100,27,2.039075221895927
MID81,SID81,67,2017-03-08 06:27:20,4.100,26,2.4190294400570926
MID80,SID80,67,2017-03-08 06:27:20,4.100,27,2.418432812179398
MID59,SID59,67,2017-03-08 06:27:20,2.733,30,2.1237921858468205
MID58,SID58,67,2017-03-08 06:27:20,2.733,27,2.3650201129504986
MID57,SID57,67,2017-03-08 06:27:20,4.556,34,2.285843583250668
MID56,SID56,67,2017-03-08 06:27:20,2.278,28,2.4046806902184197
MID55,SID55,67,2017-03-08 06:27:20,3.644,33,2.0078291358880365
MID54,SID54,67,2017-03-08 06:27:20,2.278,31,2.463229490752911
MID53,SID53,67,2017-03-08 06:27:20,3.189,31,2.1976872159842604
MID52,SID52,67,2017-03-08 06:27:20,4.556,26,2.0337857428686754
MID51,SID51,67,2017-03-08 06:27:20,4.100,29,2.060588862975646
MID50,SID50,67,2017-03-08 06:27:20,2.278,31,2.229580878556603
MID69,SID69,67,2017-03-08 06:27:20,4.556,26,2.114549924583933
MID68,SID68,67,2017-03-08 06:27:20,3.189,32,2.4789517006536
MID67,SID67,67,2017-03-08 06:27:20,4.100,26,2.1858355508603764
MID66,SID66,67,2017-03-08 06:27:20,2.733,25,2.15178840163213
MID65,SID65,67,2017-03-08 06:27:20,4.100,30,2.459239221124016
MID64,SID64,67,2017-03-08 06:27:20,3.644,26,2.202421975597278
MID63,SID63,67,2017-03-08 06:27:20,2.733,25,2.1050867960561805
MID62,SID62,67,2017-03-08 06:27:20,4.556,31,2.102317771726822
MID61,SID61,67,2017-03-08 06:27:20,4.100,26,2.3138114287191387
MID60,SID60,67,2017-03-08 06:27:20,4.100,30,2.4708809859524075
MID39,SID39,67,2017-03-08 06:27:20,3.644,30,2.210998438062446
MID38,SID38,67,2017-03-08 06:27:20,3.189,30,2.474159562442815
MID37,SID37,67,2017-03-08 06:27:20,3.644,25,2.051425171430034
MID36,SID36,67,2017-03-08 06:27:20,4.100,26,2.3819821787481548
MID35,SID35,67,2017-03-08 06:27:20,4.100,33,2.4664310411517176
MID34,SID34,67,2017-03-08 06:27:20,2.278,25,2.4594846107990156
MID33,SID33,67,2017-03-08 06:27:20,4.556,31,2.0225709997263714
MID32,SID32,67,2017-03-08 06:27:20,4.100,31,2.2701632415807786
MID31,SID31,67,2017-03-08 06:27:20,2.278,27,2.490449740971341
MID30,SID30,67,2017-03-08 06:27:20,3.189,33,2.2811740588255356
MID49,SID49,67,2017-03-08 06:27:20,3.189,26,2.3420423998298285
MID48,SID48,67,2017-03-08 06:27:20,4.100,30,2.0586020836789634
MID47,SID47,67,2017-03-08 06:27:20,3.189,28,2.4656371920579594
MID46,SID46,67,2017-03-08 06:27:20,3.644,32,2.3265375950651532
MID45,SID45,67,2017-03-08 06:27:20,3.189,33,2.1583584494911965
MID44,SID44,67,2017-03-08 06:27:20,2.278,27,2.110543993355108
MID43,SID43,67,2017-03-08 06:27:20,2.733,28,2.3146517469413435
MID42,SID42,67,2017-03-08 06:27:20,4.100,34,2.409347941314083
MID41,SID41,67,2017-03-08 06:27:20,4.100,27,2.0698738749925263
MID40,SID40,67,2017-03-08 06:27:20,4.556,26,2.048961844228465
MID19,SID19,67,2017-03-08 06:27:30,3.667,29,2.3492243469542347
MID18,SID18,67,2017-03-08 06:27:30,3.208,25,2.031182496660457
MID17,SID17,67,2017-03-08 06:27:30,3.667,29,2.4631525045199947
MID16,SID16,67,2017-03-08 06:27:30,3.208,29,2.2335889416896797
MID15,SID15,67,2017-03-08 06:27:30,2.292,25,2.1657326047558727
MID14,SID14,67,2017-03-08 06:27:30,3.667,26,2.362932556417526
MID13,SID13,67,2017-03-08 06:27:30,4.125,30,2.0845268906692485
MID12,SID12,67,2017-03-08 06:27:30,3.667,30,2.2781827067757763
MID11,SID11,67,2017-03-08 06:27:30,4.583,26,2.41472059061069
MID99,SID99,67,2017-03-08 06:27:30,3.208,27,2.2879828063610286
MID10,SID10,67,2017-03-08 06:27:30,2.292,34,2.454836572309154
MID98,SID98,67,2017-03-08 06:27:30,4.125,30,2.041975095469466
MID97,SID97,67,2017-03-08 06:27:30,2.292,27,2.290213728141653
MID96,SID96,67,2017-03-08 06:27:30,4.125,31,2.349103981472974
MID95,SID95,67,2017-03-08 06:27:30,4.583,29,2.3966732410174783
MID94,SID94,67,2017-03-08 06:27:30,4.583,27,2.3044659550185744
MID93,SID93,67,2017-03-08 06:27:30,4.583,34,2.018931785593778
MID92,SID92,67,2017-03-08 06:27:30,3.208,32,2.450924703773128
MID91,SID91,67,2017-03-08 06:27:30,4.583,32,2.361969422000212
MID4,SID4,67,2017-03-08 06:27:30,2.292,33,2.076742904134216
MID5,SID5,67,2017-03-08 06:27:30,3.667,31,2.2344843635670797
MID6,SID6,67,2017-03-08 06:27:30,2.750,25,2.095297498998882
MID7,SID7,67,2017-03-08 06:27:30,4.583,26,2.1638839485400245
MID1,SID1,67,2017-03-08 06:27:30,3.208,26,2.468681316408686
MID2,SID2,67,2017-03-08 06:27:30,4.583,27,2.3743479513994448
MID3,SID3,67,2017-03-08 06:27:30,4.125,34,2.4624308948549922
MID29,SID29,67,2017-03-08 06:27:30,4.125,29,2.095793351074262
MID28,SID28,67,2017-03-08 06:27:30,3.208,26,2.4131613451247653
MID27,SID27,67,2017-03-08 06:27:30,2.750,31,2.4282723686435785
MID26,SID26,67,2017-03-08 06:27:30,2.750,28,2.0608630052054893
MID8,SID8,67,2017-03-08 06:27:30,3.208,30,2.185355073992153
MID25,SID25,67,2017-03-08 06:27:30,2.292,30,2.2620366723787937
MID9,SID9,67,2017-03-08 06:27:30,3.667,34,2.114571707167691
MID24,SID24,67,2017-03-08 06:27:30,2.292,27,2.4695783551727915
MID23,SID23,67,2017-03-08 06:27:30,3.667,28,2.4527309210697004
MID22,SID22,67,2017-03-08 06:27:30,3.208,34,2.236839517510264
MID21,SID21,67,2017-03-08 06:27:30,2.750,33,2.208582900778033
MID20,SID20,67,2017-03-08 06:27:30,3.208,33,2.396975709345791
MID100,SID100,67,2017-03-08 06:27:30,3.667,26,2.442962728091487
MID79,SID79,67,2017-03-08 06:27:30,2.292,27,2.482087987129255
MID78,SID78,67,2017-03-08 06:27:30,3.667,30,2.1152495458053266
MID77,SID77,67,2017-03-08 06:27:30,2.292,30,2.456546676025629
MID76,SID76,67,2017-03-08 06:27:30,2.750,26,2.0758990863413396
MID75,SID75,67,2017-03-08 06:27:30,3.208,26,2.3277567392913814
MID74,SID74,67,2017-03-08 06:27:30,3.667,33,2.15202084538156
MID73,SID73,67,2017-03-08 06:27:30,2.750,34,2.4963875851639385
MID72,SID72,67,2017-03-08 06:27:30,4.583,33,2.1989179236359915
MID71,SID71,67,2017-03-08 06:27:30,2.750,31,2.365947776492778
MID70,SID70,67,2017-03-08 06:27:30,2.750,28,2.1239006999207226
MID90,SID90,67,2017-03-08 06:27:30,3.667,31,2.2998904205775617
MID89,SID89,67,2017-03-08 06:27:30,4.583,34,2.2330030008055517
MID88,SID88,67,2017-03-08 06:27:30,3.667,26,2.318047796990997
MID87,SID87,67,2017-03-08 06:27:30,4.125,29,2.1914549460508894
MID86,SID86,67,2017-03-08 06:27:30,2.750,33,2.1046918939358714
MID85,SID85,67,2017-03-08 06:27:30,4.583,29,2.4786382107933935
MID84,SID84,67,2017-03-08 06:27:30,2.750,25,2.066961154826697
MID83,SID83,67,2017-03-08 06:27:30,2.750,34,2.394197962164262
MID82,SID82,67,2017-03-08 06:27:30,4.125,29,2.3590902009968286
MID81,SID81,67,2017-03-08 06:27:30,4.125,33,2.210953522453832
MID80,SID80,67,2017-03-08 06:27:30,4.125,29,2.3070376714754635
MID59,SID59,67,2017-03-08 06:27:30,2.750,31,2.4928276284001587
MID58,SID58,67,2017-03-08 06:27:30,2.750,30,2.0109034243945656
MID57,SID57,67,2017-03-08 06:27:30,4.583,32,2.1856729528850956
MID56,SID56,67,2017-03-08 06:27:30,2.292,28,2.2622812034979414
MID55,SID55,67,2017-03-08 06:27:30,3.667,25,2.3327159892718
MID54,SID54,67,2017-03-08 06:27:30,2.292,30,2.352326096948079
MID53,SID53,67,2017-03-08 06:27:30,3.208,26,2.3137255536933274
MID52,SID52,67,2017-03-08 06:27:30,4.583,32,2.3535829890218403
MID51,SID51,67,2017-03-08 06:27:30,4.125,33,2.06805605672864
MID50,SID50,67,2017-03-08 06:27:30,2.292,27,2.2806507168664543
MID69,SID69,67,2017-03-08 06:27:30,4.583,27,2.204613196573092
MID68,SID68,67,2017-03-08 06:27:30,3.208,34,2.186609965620723
MID67,SID67,67,2017-03-08 06:27:30,4.125,25,2.1781951973905125
MID66,SID66,67,2017-03-08 06:27:30,2.750,32,2.301074660477515
MID65,SID65,67,2017-03-08 06:27:30,4.125,28,2.4434459257514947
MID64,SID64,67,2017-03-08 06:27:30,3.667,32,2.019402901864129
MID63,SID63,67,2017-03-08 06:27:30,2.750,28,2.1251217360884818
MID62,SID62,67,2017-03-08 06:27:30,4.583,31,2.2600292540513487
MID61,SID61,67,2017-03-08 06:27:30,4.125,27,2.449262017631014
MID60,SID60,67,2017-03-08 06:27:30,4.125,25,2.3437161810680913
MID39,SID39,67,2017-03-08 06:27:30,3.667,31,2.077221896063548
MID38,SID38,67,2017-03-08 06:27:30,3.208,29,2.1448123520978113
MID37,SID37,67,2017-03-08 06:27:30,3.667,30,2.042929287060072
MID36,SID36,67,2017-03-08 06:27:30,4.125,34,2.029605433182162
MID35,SID35,67,2017-03-08 06:27:30,4.125,34,2.363016515569576
MID34,SID34,67,2017-03-08 06:27:30,2.292,30,2.043431369567056
MID33,SID33,67,2017-03-08 06:27:30,4.583,27,2.358868764113681
MID32,SID32,67,2017-03-08 06:27:30,4.125,34,2.2846966186240296
MID31,SID31,67,2017-03-08 06:27:30,2.292,25,2.2868072309942424
MID30,SID30,67,2017-03-08 06:27:30,3.208,28,2.031595805326949
MID49,SID49,67,2017-03-08 06:27:30,3.208,33,2.363009820802957
MID48,SID48,67,2017-03-08 06:27:30,4.125,33,2.281049189329571
MID47,SID47,67,2017-03-08 06:27:30,3.208,28,2.1122707696165595
MID46,SID46,67,2017-03-08 06:27:30,3.667,26,2.4617335348849094
MID45,SID45,67,2017-03-08 06:27:30,3.208,28,2.4175605502559474
MID44,SID44,67,2017-03-08 06:27:30,2.292,27,2.0468250741731087
MID43,SID43,67,2017-03-08 06:27:30,2.750,26,2.0074372361200123
MID42,SID42,67,2017-03-08 06:27:30,4.125,28,2.129428072018327
MID41,SID41,67,2017-03-08 06:27:30,4.125,26,2.210806194808336
MID40,SID40,67,2017-03-08 06:27:30,4.583,25,2.4234608643023225
MID19,SID19,67,2017-03-08 06:27:40,3.689,27,2.280974865456509
MID18,SID18,67,2017-03-08 06:27:40,3.228,34,2.318487369684656
MID17,SID17,67,2017-03-08 06:27:40,3.689,32,2.276009948881469
MID16,SID16,67,2017-03-08 06:27:40,3.228,25,2.0544530959064575
MID15,SID15,67,2017-03-08 06:27:40,2.306,30,2.3995187908186764
MID14,SID14,67,2017-03-08 06:27:40,3.689,32,2.125186457777924
MID13,SID13,67,2017-03-08 06:27:40,4.150,31,2.1053030961133183
MID12,SID12,67,2017-03-08 06:27:40,3.689,32,2.039294644483416
MID11,SID11,67,2017-03-08 06:27:40,4.611,26,2.0277793156358817
MID99,SID99,67,2017-03-08 06:27:40,3.228,33,2.4002791331393
MID10,SID10,67,2017-03-08 06:27:40,2.306,26,2.2652750399710166
MID98,SID98,67,2017-03-08 06:27:40,4.150,32,2.4375310291419847
MID97,SID97,67,2017-03-08 06:27:40,2.306,26,2.4280971325804854
MID96,SID96,67,2017-03-08 06:27:40,4.150,31,2.044601676230259
MID95,SID95,67,2017-03-08 06:27:40,4.611,34,2.0910596912722306
MID94,SID94,67,2017-03-08 06:27:40,4.611,31,2.222593683487097
MID93,SID93,67,2017-03-08 06:27:40,4.611,29,2.0969726937849495
MID92,SID92,67,2017-03-08 06:27:40,3.228,34,2.338595301680147
MID91,SID91,67,2017-03-08 06:27:40,4.611,33,2.1594939452829838
MID4,SID4,67,2017-03-08 06:27:40,2.306,31,2.1115544155483565
MID5,SID5,67,2017-03-08 06:27:40,3.689,29,2.2489103440702376
MID6,SID6,67,2017-03-08 06:27:40,2.767,26,2.2110988754709124
MID7,SID7,67,2017-03-08 06:27:40,4.611,30,2.0574015354151958
MID1,SID1,67,2017-03-08 06:27:40,3.228,29,2.3723589814103736
MID2,SID2,67,2017-03-08 06:27:40,4.611,32,2.449909562415645
MID3,SID3,67,2017-03-08 06:27:40,4.150,26,2.1341582634340326
MID29,SID29,67,2017-03-08 06:27:40,4.150,29,2.222842119116287
MID28,SID28,67,2017-03-08 06:27:40,3.228,32,2.3016557772373956
MID27,SID27,67,2017-03-08 06:27:40,2.767,34,2.3635877754471943
MID26,SID26,67,2017-03-08 06:27:40,2.767,28,2.2306585962544343
MID8,SID8,67,2017-03-08 06:27:40,3.228,26,2.0486025514025736
MID25,SID25,67,2017-03-08 06:27:40,2.306,27,2.3622090246090885
MID9,SID9,67,2017-03-08 06:27:40,3.689,33,2.481157516102669
MID24,SID24,67,2017-03-08 06:27:40,2.306,25,2.278800868475907
MID23,SID23,67,2017-03-08 06:27:40,3.689,28,2.1594737551536722
MID22,SID22,67,2017-03-08 06:27:40,3.228,30,2.352598687145328
MID21,SID21,67,2017-03-08 06:27:40,2.767,34,2.477244956488942
MID20,SID20,67,2017-03-08 06:27:40,3.228,31,2.4985895577993253
MID100,SID100,67,2017-03-08 06:27:40,3.689,26,2.4863513284215975
MID79,SID79,67,2017-03-08 06:27:40,2.306,30,2.4901377335750228
MID78,SID78,67,2017-03-08 06:27:40,3.689,31,2.2876659307623495
MID77,SID77,67,2017-03-08 06:27:40,2.306,34,2.376947371062007
MID76,SID76,67,2017-03-08 06:27:40,2.767,33,2.4248739981866554
MID75,SID75,67,2017-03-08 06:27:40,3.228,25,2.1303865193074705
MID74,SID74,67,2017-03-08 06:27:40,3.689,30,2.017956270422588
MID73,SID73,67,2017-03-08 06:27:40,2.767,34,2.252617203086945
MID72,SID72,67,2017-03-08 06:27:40,4.611,27,2.0655530169347958
MID71,SID71,67,2017-03-08 06:27:40,2.767,29,2.4987490731835025
MID70,SID70,67,2017-03-08 06:27:40,2.767,27,2.206212659478123
MID90,SID90,67,2017-03-08 06:27:40,3.689,27,2.448598574871879
MID89,SID89,67,2017-03-08 06:27:40,4.611,27,2.121105399774685
MID88,SID88,67,2017-03-08 06:27:40,3.689,25,2.277857487321493
MID87,SID87,67,2017-03-08 06:27:40,4.150,25,2.367033689637836
MID86,SID86,67,2017-03-08 06:27:40,2.767,30,2.490273441410683
MID85,SID85,67,2017-03-08 06:27:40,4.611,29,2.4262118628392333
MID84,SID84,67,2017-03-08 06:27:40,2.767,29,2.195524145791781
MID83,SID83,67,2017-03-08 06:27:40,2.767,25,2.435776284965878
MID82,SID82,67,2017-03-08 06:27:40,4.150,33,2.141963827586461
MID81,SID81,67,2017-03-08 06:27:40,4.150,26,2.3329497426491974
MID80,SID80,67,2017-03-08 06:27:40,4.150,26,2.2528354050153143
MID59,SID59,67,2017-03-08 06:27:40,2.767,26,2.3079903989854644
MID58,SID58,67,2017-03-08 06:27:40,2.767,29,2.407546413973628
MID57,SID57,67,2017-03-08 06:27:40,4.611,30,2.479365894274832
MID56,SID56,67,2017-03-08 06:27:40,2.306,29,2.1762633101994533
MID55,SID55,67,2017-03-08 06:27:40,3.689,28,2.467118025791022
MID54,SID54,67,2017-03-08 06:27:40,2.306,34,2.0158956921025992
MID53,SID53,67,2017-03-08 06:27:40,3.228,34,2.3382517957405184
MID52,SID52,67,2017-03-08 06:27:40,4.611,33,2.1422160777391923
MID51,SID51,67,2017-03-08 06:27:40,4.150,27,2.271393429974131
MID50,SID50,67,2017-03-08 06:27:40,2.306,30,2.272728960672619
MID69,SID69,67,2017-03-08 06:27:40,4.611,28,2.3723932671124714
MID68,SID68,67,2017-03-08 06:27:40,3.228,26,2.089102001897859
MID67,SID67,67,2017-03-08 06:27:40,4.150,31,2.335024577261963
MID66,SID66,67,2017-03-08 06:27:40,2.767,26,2.1373334346510995
MID65,SID65,67,2017-03-08 06:27:40,4.150,33,2.3753200749539682
MID64,SID64,67,2017-03-08 06:27:40,3.689,25,2.3324859840734584
MID63,SID63,67,2017-03-08 06:27:40,2.767,25,2.2176159228994807
MID62,SID62,67,2017-03-08 06:27:40,4.611,34,2.0669147793187674
MID61,SID61,67,2017-03-08 06:27:40,4.150,28,2.3533856546064076
MID60,SID60,67,2017-03-08 06:27:40,4.150,29,2.258735183291587
MID39,SID39,67,2017-03-08 06:27:40,3.689,33,2.2423592103586483
MID38,SID38,67,2017-03-08 06:27:40,3.228,26,2.351337395253927
MID37,SID37,67,2017-03-08 06:27:40,3.689,29,2.4307141174499747
MID36,SID36,67,2017-03-08 06:27:40,4.150,33,2.3556648510042404
MID35,SID35,67,2017-03-08 06:27:40,4.150,31,2.1693343101345213
MID34,SID34,67,2017-03-08 06:27:40,2.306,33,2.3532097627835826
MID33,SID33,67,2017-03-08 06:27:40,4.611,30,2.247016167714458
MID32,SID32,67,2017-03-08 06:27:40,4.150,31,2.316875515291431
MID31,SID31,67,2017-03-08 06:27:40,2.306,33,2.19370434945771
MID30,SID30,67,2017-03-08 06:27:40,3.228,26,2.219991705687994
MID49,SID49,67,2017-03-08 06:27:40,3.228,27,2.0754073958687655
MID48,SID48,67,2017-03-08 06:27:40,4.150,34,2.0347039741049384
MID47,SID47,67,2017-03-08 06:27:40,3.228,30,2.0342439759527577
MID46,SID46,67,2017-03-08 06:27:40,3.689,25,2.1293350970697134
MID45,SID45,67,2017-03-08 06:27:40,3.228,29,2.399984077029448
MID44,SID44,67,2017-03-08 06:27:40,2.306,32,2.3162705283853167
MID43,SID43,67,2017-03-08 06:27:40,2.767,25,2.357589698448591
MID42,SID42,67,2017-03-08 06:27:40,4.150,27,2.032134615692032
MID41,SID41,67,2017-03-08 06:27:40,4.150,34,2.087630087138856
MID40,SID40,67,2017-03-08 06:27:40,4.611,32,2.178904358137747
MID19,SID19,67,2017-03-08 06:27:50,3.711,31,2.266672752439676
MID18,SID18,67,2017-03-08 06:27:50,3.247,29,2.206934996370351
MID17,SID17,67,2017-03-08 06:27:50,3.711,29,2.4162966116699183
MID16,SID16,67,2017-03-08 06:27:50,3.247,25,2.106723290555921
MID15,SID15,67,2017-03-08 06:27:50,2.319,28,2.2604926832939634
MID14,SID14,67,2017-03-08 06:27:50,3.711,27,2.364218765398723
MID13,SID13,67,2017-03-08 06:27:50,4.175,29,2.3379548074014997
MID12,SID12,67,2017-03-08 06:27:50,3.711,29,2.42172435357219
MID11,SID11,67,2017-03-08 06:27:50,4.639,25,2.01405795957322
MID99,SID99,67,2017-03-08 06:27:50,3.247,26,2.378580536128239
MID10,SID10,67,2017-03-08 06:27:50,2.319,26,2.3823301653469016
MID98,SID98,67,2017-03-08 06:27:50,4.175,33,2.4242314965657803
MID97,SID97,67,2017-03-08 06:27:50,2.319,31,2.4199794349851094
MID96,SID96,67,2017-03-08 06:27:50,4.175,29,2.0282007721088076
MID95,SID95,67,2017-03-08 06:27:50,4.639,34,2.2447109121200852
MID94,SID94,67,2017-03-08 06:27:50,4.639,25,2.478458870520342
MID93,SID93,67,2017-03-08 06:27:50,4.639,34,2.2911937633994013
MID92,SID92,67,2017-03-08 06:27:50,3.247,27,2.1363325854990753
MID91,SID91,67,2017-03-08 06:27:50,4.639,30,2.4962165348775365
MID4,SID4,67,2017-03-08 06:27:50,2.319,32,2.139769624350303
MID5,SID5,67,2017-03-08 06:27:50,3.711,27,2.463487752075488
MID6,SID6,67,2017-03-08 06:27:50,2.783,29,2.1293284640269725
MID7,SID7,67,2017-03-08 06:27:50,4.639,28,2.0893755594586763
MID1,SID1,67,2017-03-08 06:27:50,3.247,29,2.0824545505613994
MID2,SID2,67,2017-03-08 06:27:50,4.639,27,2.156781745229619
MID3,SID3,67,2017-03-08 06:27:50,4.175,28,2.178616187356251
MID29,SID29,67,2017-03-08 06:27:50,4.175,33,2.1018311990452765
MID28,SID28,67,2017-03-08 06:27:50,3.247,31,2.0439047717915857
MID27,SID27,67,2017-03-08 06:27:50,2.783,30,2.2315540644551843
MID26,SID26,67,2017-03-08 06:27:50,2.783,34,2.1894628084645356
MID8,SID8,67,2017-03-08 06:27:50,3.247,26,2.125094261817114
MID25,SID25,67,2017-03-08 06:27:50,2.319,32,2.3005904499942975
MID9,SID9,67,2017-03-08 06:27:50,3.711,33,2.343465225550277
MID24,SID24,67,2017-03-08 06:27:50,2.319,29,2.2237473052891654
MID23,SID23,67,2017-03-08 06:27:50,3.711,32,2.1822372775288144
MID22,SID22,67,2017-03-08 06:27:50,3.247,34,2.333179367678292
MID21,SID21,67,2017-03-08 06:27:50,2.783,28,2.3030560121591037
MID20,SID20,67,2017-03-08 06:27:50,3.247,31,2.0931024836315304
MID100,SID100,67,2017-03-08 06:27:50,3.711,32,2.048557396536451
MID79,SID79,67,2017-03-08 06:27:50,2.319,33,2.2785530533799068
MID78,SID78,67,2017-03-08 06:27:50,3.711,31,2.3258162220207814
MID77,SID77,67,2017-03-08 06:27:50,2.319,26,2.2022488679827177
MID76,SID76,67,2017-03-08 06:27:50,2.783,31,2.425726374579087
MID75,SID75,67,2017-03-08 06:27:50,3.247,30,2.33826468923071
MID74,SID74,67,2017-03-08 06:27:50,3.711,31,2.3332673584425088
MID73,SID73,67,2017-03-08 06:27:50,2.783,31,2.0645618247327886
MID72,SID72,67,2017-03-08 06:27:50,4.639,33,2.382968612806972
MID71,SID71,67,2017-03-08 06:27:50,2.783,26,2.221616729011507
MID70,SID70,67,2017-03-08 06:27:50,2.783,26,2.300678607756688
MID90,SID90,67,2017-03-08 06:27:50,3.711,34,2.4819046830473335
MID89,SID89,67,2017-03-08 06:27:50,4.639,29,2.248706600056839
MID88,SID88,67,2017-03-08 06:27:50,3.711,26,2.4866044430099095
MID87,SID87,67,2017-03-08 06:27:50,4.175,32,2.4782092380888807
MID86,SID86,67,2017-03-08 06:27:50,2.783,34,2.242664544059337
MID85,SID85,67,2017-03-08 06:27:50,4.639,27,2.408125723249127
MID84,SID84,67,2017-03-08 06:27:50,2.783,31,2.2972071495681177
MID83,SID83,67,2017-03-08 06:27:50,2.783,29,2.274654219403848
MID82,SID82,67,2017-03-08 06:27:50,4.175,25,2.4046810853461276
MID81,SID81,67,2017-03-08 06:27:50,4.175,31,2.2066028914811717
MID80,SID80,67,2017-03-08 06:27:50,4.175,29,2.1962486900502904
MID59,SID59,67,2017-03-08 06:27:50,2.783,28,2.3173196071928515
MID58,SID58,67,2017-03-08 06:27:50,2.783,34,2.212894055316876
MID57,SID57,67,2017-03-08 06:27:50,4.639,29,2.478413204530616
MID56,SID56,67,2017-03-08 06:27:50,2.319,33,2.108483168525269
MID55,SID55,67,2017-03-08 06:27:50,3.711,25,2.41805133407046
MID54,SID54,67,2017-03-08 06:27:50,2.319,31,2.0725121641159525
MID53,SID53,67,2017-03-08 06:27:50,3.247,25,2.3368397737593503
MID52,SID52,67,2017-03-08 06:27:50,4.639,29,2.4672357347953353
MID51,SID51,67,2017-03-08 06:27:50,4.175,25,2.2019498379853526
MID50,SID50,67,2017-03-08 06:27:50,2.319,29,2.27874083463029
MID69,SID69,67,2017-03-08 06:27:50,4.639,29,2.1377078779737166
MID68,SID68,67,2017-03-08 06:27:50,3.247,30,2.039796047472674
MID67,SID67,67,2017-03-08 06:27:50,4.175,29,2.250937974617788
MID66,SID66,67,2017-03-08 06:27:50,2.783,32,2.4681372468770997
MID65,SID65,67,2017-03-08 06:27:50,4.175,32,2.4966981047325953
MID64,SID64,67,2017-03-08 06:27:50,3.711,26,2.313542506167719
MID63,SID63,67,2017-03-08 06:27:50,2.783,27,2.065637017581711
MID62,SID62,67,2017-03-08 06:27:50,4.639,31,2.489283369516568
MID61,SID61,67,2017-03-08 06:27:50,4.175,28,2.2413077116697573
MID60,SID60,67,2017-03-08 06:27:50,4.175,34,2.4372071676639036
MID39,SID39,67,2017-03-08 06:27:50,3.711,30,2.394749897133767
MID38,SID38,67,2017-03-08 06:27:50,3.247,31,2.004895508370281
MID37,SID37,67,2017-03-08 06:27:50,3.711,32,2.302190427386171
MID36,SID36,67,2017-03-08 06:27:50,4.175,34,2.2467786590572567
MID35,SID35,67,2017-03-08 06:27:50,4.175,32,2.1443598052093042
MID34,SID34,67,2017-03-08 06:27:50,2.319,25,2.081152404697628
MID33,SID33,67,2017-03-08 06:27:50,4.639,31,2.0537525991692256
MID32,SID32,67,2017-03-08 06:27:50,4.175,30,2.200346960310674
MID31,SID31,67,2017-03-08 06:27:50,2.319,28,2.159923183817262
MID30,SID30,67,2017-03-08 06:27:50,3.247,28,2.135352137144162
MID49,SID49,67,2017-03-08 06:27:50,3.247,33,2.4055856524453976
MID48,SID48,67,2017-03-08 06:27:50,4.175,26,2.463903995474872
MID47,SID47,67,2017-03-08 06:27:50,3.247,32,2.2150250548799453
MID46,SID46,67,2017-03-08 06:27:50,3.711,25,2.1291757481733424
MID45,SID45,67,2017-03-08 06:27:50,3.247,27,2.260009065679483
MID44,SID44,67,2017-03-08 06:27:50,2.319,26,2.009007811951451
MID43,SID43,67,2017-03-08 06:27:50,2.783,34,2.3760928614251817
MID42,SID42,67,2017-03-08 06:27:50,4.175,27,2.289735445426179
MID41,SID41,67,2017-03-08 06:27:50,4.175,30,2.2925865469821707
MID40,SID40,67,2017-03-08 06:27:50,4.639,29,2.4370274207553404
MID19,SID19,67,2017-03-08 06:28:00,3.733,26,2.2921112872777747
MID18,SID18,67,2017-03-08 06:28:00,3.267,27,2.2643374523599267
MID17,SID17,67,2017-03-08 06:28:00,3.733,27,2.0222126945640087
MID16,SID16,67,2017-03-08 06:28:00,3.267,30,2.4894276270325935
MID15,SID15,67,2017-03-08 06:28:00,2.333,34,2.221566855008848
MID14,SID14,67,2017-03-08 06:28:00,3.733,31,2.4563884036320274
MID13,SID13,67,2017-03-08 06:28:00,4.200,27,2.4172344734707543
MID12,SID12,67,2017-03-08 06:28:00,3.733,34,2.16689488300741
MID11,SID11,67,2017-03-08 06:28:00,4.667,31,2.0382359762729663
MID99,SID99,67,2017-03-08 06:28:00,3.267,32,2.21869342897014
MID10,SID10,67,2017-03-08 06:28:00,2.333,29,2.2657073053241334
MID98,SID98,67,2017-03-08 06:28:00,4.200,31,2.2349926621592804
MID97,SID97,67,2017-03-08 06:28:00,2.333,33,2.157662876417324
MID96,SID96,67,2017-03-08 06:28:00,4.200,32,2.2958413411654184
MID95,SID95,67,2017-03-08 06:28:00,4.667,33,2.0769586228099093
MID94,SID94,67,2017-03-08 06:28:00,4.667,34,2.1384908626119854
MID93,SID93,67,2017-03-08 06:28:00,4.667,29,2.401005898521117
MID92,SID92,67,2017-03-08 06:28:00,3.267,32,2.285272679852596
MID91,SID91,67,2017-03-08 06:28:00,4.667,33,2.282679231767782
MID4,SID4,67,2017-03-08 06:28:00,2.333,34,2.045195910535284
MID5,SID5,67,2017-03-08 06:28:00,3.733,25,2.072430478093588
MID6,SID6,67,2017-03-08 06:28:00,2.800,33,2.471172163575827
MID7,SID7,67,2017-03-08 06:28:00,4.667,29,2.427049931183885
MID1,SID1,67,2017-03-08 06:28:00,3.267,32,2.340091603717781
MID2,SID2,67,2017-03-08 06:28:00,4.667,27,2.055738456195589
MID3,SID3,67,2017-03-08 06:28:00,4.200,28,2.1099931230552333
MID29,SID29,67,2017-03-08 06:28:00,4.200,32,2.1386756022475346
MID28,SID28,67,2017-03-08 06:28:00,3.267,29,2.344152448278366
MID27,SID27,67,2017-03-08 06:28:00,2.800,25,2.451698000228438
MID26,SID26,67,2017-03-08 06:28:00,2.800,31,2.3623855701767944
MID8,SID8,67,2017-03-08 06:28:00,3.267,30,2.4045312662603266
MID25,SID25,67,2017-03-08 06:28:00,2.333,26,2.320285437318472
MID9,SID9,67,2017-03-08 06:28:00,3.733,28,2.3121134766914953
MID24,SID24,67,2017-03-08 06:28:00,2.333,27,2.2653919563599016
MID23,SID23,67,2017-03-08 06:28:00,3.733,25,2.0319609716662965
MID22,SID22,67,2017-03-08 06:28:00,3.267,27,2.064087644390009
MID21,SID21,67,2017-03-08 06:28:00,2.800,28,2.2306077073608304
MID20,SID20,67,2017-03-08 06:28:00,3.267,30,2.224746362203767
MID100,SID100,67,2017-03-08 06:28:00,3.733,30,2.3470272209887906
MID79,SID79,67,2017-03-08 06:28:00,2.333,29,2.1188500061715034
MID78,SID78,67,2017-03-08 06:28:00,3.733,29,2.0337920678629025
MID77,SID77,67,2017-03-08 06:28:00,2.333,34,2.193837997023375
MID76,SID76,67,2017-03-08 06:28:00,2.800,31,2.4306314811449417
MID75,SID75,67,2017-03-08 06:28:00,3.267,26,2.384001598028817
MID74,SID74,67,2017-03-08 06:28:00,3.733,31,2.1076992683248625
MID73,SID73,67,2017-03-08 06:28:00,2.800,32,2.184577003154332
MID72,SID72,67,2017-03-08 06:28:00,4.667,34,2.366950865992885
MID71,SID71,67,2017-03-08 06:28:00,2.800,33,2.2709251131932113
MID70,SID70,67,2017-03-08 06:28:00,2.800,33,2.2856635237506366
MID90,SID90,67,2017-03-08 06:28:00,3.733,31,2.019018150247667
MID89,SID89,67,2017-03-08 06:28:00,4.667,28,2.4204669665695935
MID88,SID88,67,2017-03-08 06:28:00,3.733,30,2.2224302056051037
MID87,SID87,67,2017-03-08 06:28:00,4.200,31,2.259309489705144
MID86,SID86,67,2017-03-08 06:28:00,2.800,31,2.214276119526648
MID85,SID85,67,2017-03-08 06:28:00,4.667,32,2.16454332387557
MID84,SID84,67,2017-03-08 06:28:00,2.800,25,2.44553525468605
MID83,SID83,67,2017-03-08 06:28:00,2.800,30,2.447744748395311
MID82,SID82,67,2017-03-08 06:28:00,4.200,28,2.211434587620978
MID81,SID81,67,2017-03-08 06:28:00,4.200,26,2.193192621150078
MID80,SID80,67,2017-03-08 06:28:00,4.200,27,2.256744414657287
MID59,SID59,67,2017-03-08 06:28:00,2.800,33,2.1843390899784345
MID58,SID58,67,2017-03-08 06:28:00,2.800,34,2.3525056839059544
MID57,SID57,67,2017-03-08 06:28:00,4.667,30,2.239915331836438
MID56,SID56,67,2017-03-08 06:28:00,2.333,25,2.266823186507233
MID55,SID55,67,2017-03-08 06:28:00,3.733,34,2.1914628795748308
MID54,SID54,67,2017-03-08 06:28:00,2.333,29,2.231019222835633
MID53,SID53,67,2017-03-08 06:28:00,3.267,25,2.1258488879909616
MID52,SID52,67,2017-03-08 06:28:00,4.667,26,2.4643317509097606
MID51,SID51,67,2017-03-08 06:28:00,4.200,31,2.2336599315481833
MID50,SID50,67,2017-03-08 06:28:00,2.333,25,2.3194170731693813
MID69,SID69,67,2017-03-08 06:28:00,4.667,32,2.030228673475195
MID68,SID68,67,2017-03-08 06:28:00,3.267,28,2.3828002483712543
MID67,SID67,67,2017-03-08 06:28:00,4.200,33,2.1000846498923984
MID66,SID66,67,2017-03-08 06:28:00,2.800,28,2.269112649008319
MID65,SID65,67,2017-03-08 06:28:00,4.200,34,2.3668682722154433
MID64,SID64,67,2017-03-08 06:28:00,3.733,30,2.3591226813428268
MID63,SID63,67,2017-03-08 06:28:00,2.800,26,2.3555733550418347
MID62,SID62,67,2017-03-08 06:28:00,4.667,34,2.000061365275397
MID61,SID61,67,2017-03-08 06:28:00,4.200,26,2.0119662186055014
MID60,SID60,67,2017-03-08 06:28:00,4.200,26,2.1460303591485497
MID39,SID39,67,2017-03-08 06:28:00,3.733,30,2.2410323640423484
MID38,SID38,67,2017-03-08 06:28:00,3.267,28,2.3525958913894467
MID37,SID37,67,2017-03-08 06:28:00,3.733,33,2.265695265891956
MID36,SID36,67,2017-03-08 06:28:00,4.200,31,2.270969983001767
MID35,SID35,67,2017-03-08 06:28:00,4.200,26,2.2570794357816037
MID34,SID34,67,2017-03-08 06:28:00,2.333,25,2.2750432818583453
MID33,SID33,67,2017-03-08 06:28:00,4.667,32,2.0886964711832103
MID32,SID32,67,2017-03-08 06:28:00,4.200,31,2.461379430061255
MID31,SID31,67,2017-03-08 06:28:00,2.333,31,2.04387795626741
MID30,SID30,67,2017-03-08 06:28:00,3.267,33,2.0541577150486736
MID49,SID49,67,2017-03-08 06:28:00,3.267,31,2.062912062008205
MID48,SID48,67,2017-03-08 06:28:00,4.200,32,2.0078100400125445
MID47,SID47,67,2017-03-08 06:28:00,3.267,30,2.2627226271760237
MID46,SID46,67,2017-03-08 06:28:00,3.733,32,2.2354989619456496
MID45,SID45,67,2017-03-08 06:28:00,3.267,33,2.082092426303986
MID44,SID44,67,2017-03-08 06:28:00,2.333,27,2.1805979516825906
MID43,SID43,67,2017-03-08 06:28:00,2.800,31,2.3313702055288323
MID42,SID42,67,2017-03-08 06:28:00,4.200,31,2.2249915394937623
MID41,SID41,67,2017-03-08 06:28:00,4.200,34,2.3847371267554665
MID40,SID40,67,2017-03-08 06:28:00,4.667,33,2.2368673432486244
MID19,SID19,67,2017-03-08 06:28:10,3.756,26,2.0785076653432295
MID18,SID18,67,2017-03-08 06:28:10,3.286,31,2.2057958374967246
MID17,SID17,67,2017-03-08 06:28:10,3.756,26,2.4231646026675238
MID16,SID16,67,2017-03-08 06:28:10,3.286,28,2.0578388756818944
MID15,SID15,67,2017-03-08 06:28:10,2.347,28,2.2482201089187335
MID14,SID14,67,2017-03-08 06:28:10,3.756,26,2.393226626545585
MID13,SID13,67,2017-03-08 06:28:10,4.225,25,2.148482376532215
MID12,SID12,67,2017-03-08 06:28:10,3.756,29,2.3842461495028795
MID11,SID11,67,2017-03-08 06:28:10,4.694,25,2.2241002853414087
MID99,SID99,67,2017-03-08 06:28:10,3.286,28,2.38397390317419
MID10,SID10,67,2017-03-08 06:28:10,2.347,27,2.416849637315247
MID98,SID98,67,2017-03-08 06:28:10,4.225,26,2.006612148735322
MID97,SID97,67,2017-03-08 06:28:10,2.347,28,2.4529773904559615
MID96,SID96,67,2017-03-08 06:28:10,4.225,27,2.004694062334347
MID95,SID95,67,2017-03-08 06:28:10,4.694,28,2.2156911687421785
MID94,SID94,67,2017-03-08 06:28:10,4.694,34,2.0266665920890983
MID93,SID93,67,2017-03-08 06:28:10,4.694,34,2.3722097681432155
MID92,SID92,67,2017-03-08 06:28:10,3.286,33,2.124131109347948
MID91,SID91,67,2017-03-08 06:28:10,4.694,31,2.4728417664316273
MID4,SID4,67,2017-03-08 06:28:10,2.347,28,2.45235255621869
MID5,SID5,67,2017-03-08 06:28:10,3.756,33,2.324210013871744
MID6,SID6,67,2017-03-08 06:28:10,2.817,29,2.298870414308659
MID7,SID7,67,2017-03-08 06:28:10,4.694,30,2.394032611821364
MID1,SID1,67,2017-03-08 06:28:10,3.286,25,2.423437008389808
MID2,SID2,67,2017-03-08 06:28:10,4.694,33,2.2743275765843336
MID3,SID3,67,2017-03-08 06:28:10,4.225,29,2.3612544773804847
MID29,SID29,67,2017-03-08 06:28:10,4.225,27,2.2011485418598866
MID28,SID28,67,2017-03-08 06:28:10,3.286,31,2.16603599454233
MID27,SID27,67,2017-03-08 06:28:10,2.817,34,2.281502325827679
MID26,SID26,67,2017-03-08 06:28:10,2.817,28,2.141176866178049
MID8,SID8,67,2017-03-08 06:28:10,3.286,28,2.1513522640997276
MID25,SID25,67,2017-03-08 06:28:10,2.347,30,2.4068570174024178
MID9,SID9,67,2017-03-08 06:28:10,3.756,32,2.183246405235821
MID24,SID24,67,2017-03-08 06:28:10,2.347,34,2.2336222582298495
MID23,SID23,67,2017-03-08 06:28:10,3.756,26,2.0171103016280196
MID22,SID22,67,2017-03-08 06:28:10,3.286,30,2.1653479855348903
MID21,SID21,67,2017-03-08 06:28:10,2.817,26,2.2544549161263996
MID20,SID20,67,2017-03-08 06:28:10,3.286,32,2.067530270856917
MID100,SID100,67,2017-03-08 06:28:10,3.756,25,2.499305381242011
MID79,SID79,67,2017-03-08 06:28:10,2.347,28,2.0930120378338373
MID78,SID78,67,2017-03-08 06:28:10,3.756,29,2.2741596311659285
MID77,SID77,67,2017-03-08 06:28:10,2.347,26,2.1755003959720853
MID76,SID76,67,2017-03-08 06:28:10,2.817,32,2.176094978334884
MID75,SID75,67,2017-03-08 06:28:10,3.286,34,2.001330524022767
MID74,SID74,67,2017-03-08 06:28:10,3.756,29,2.0837522313284222
MID73,SID73,67,2017-03-08 06:28:10,2.817,25,2.081514317882549
MID72,SID72,67,2017-03-08 06:28:10,4.694,29,2.0718941545365244
MID71,SID71,67,2017-03-08 06:28:10,2.817,30,2.437121626137821
MID70,SID70,67,2017-03-08 06:28:10,2.817,31,2.212438746824057
MID90,SID90,67,2017-03-08 06:28:10,3.756,30,2.4420842345890597
MID89,SID89,67,2017-03-08 06:28:10,4.694,29,2.370928612324869
MID88,SID88,67,2017-03-08 06:28:10,3.756,26,2.3634331373733573
MID87,SID87,67,2017-03-08 06:28:10,4.225,25,2.0590578826729944
MID86,SID86,67,2017-03-08 06:28:10,2.817,30,2.3579368305246318
MID85,SID85,67,2017-03-08 06:28:10,4.694,29,2.174011737481394
MID84,SID84,67,2017-03-08 06:28:10,2.817,31,2.4296409952386737
MID83,SID83,67,2017-03-08 06:28:10,2.817,27,2.3332298604460853
MID82,SID82,67,2017-03-08 06:28:10,4.225,26,2.026791320785616
MID81,SID81,67,2017-03-08 06:28:10,4.225,34,2.292678551416976
MID80,SID80,67,2017-03-08 06:28:10,4.225,28,2.2665093574245665
MID59,SID59,67,2017-03-08 06:28:10,2.817,28,2.4159175983424586
MID58,SID58,67,2017-03-08 06:28:10,2.817,28,2.135134894939357
MID57,SID57,67,2017-03-08 06:28:10,4.694,32,2.190910240768924
MID56,SID56,67,2017-03-08 06:28:10,2.347,31,2.2279395601093412
MID55,SID55,67,2017-03-08 06:28:10,3.756,33,2.4264192033898198
MID54,SID54,67,2017-03-08 06:28:10,2.347,29,2.3108111452703137
MID53,SID53,67,2017-03-08 06:28:10,3.286,27,2.2693814936038725
MID52,SID52,67,2017-03-08 06:28:10,4.694,29,2.0255027418408327
MID51,SID51,67,2017-03-08 06:28:10,4.225,31,2.1457434169578913
MID50,SID50,67,2017-03-08 06:28:10,2.347,31,2.2943633472106617
MID69,SID69,67,2017-03-08 06:28:10,4.694,32,2.2927138727048986
MID68,SID68,67,2017-03-08 06:28:10,3.286,34,2.361857979469512
MID67,SID67,67,2017-03-08 06:28:10,4.225,32,2.296090642657984
MID66,SID66,67,2017-03-08 06:28:10,2.817,27,2.4193988784581126
MID65,SID65,67,2017-03-08 06:28:10,4.225,33,2.006395013245704
MID64,SID64,67,2017-03-08 06:28:10,3.756,26,2.445872208078692
MID63,SID63,67,2017-03-08 06:28:10,2.817,30,2.4758490918058516
MID62,SID62,67,2017-03-08 06:28:10,4.694,34,2.263845886397341
MID61,SID61,67,2017-03-08 06:28:10,4.225,34,2.115031683287043
MID60,SID60,67,2017-03-08 06:28:10,4.225,29,2.4965401712310182
MID39,SID39,67,2017-03-08 06:28:10,3.756,29,2.4331056777610103
MID38,SID38,67,2017-03-08 06:28:10,3.286,30,2.202591951160838
MID37,SID37,67,2017-03-08 06:28:10,3.756,32,2.0034610675048747
MID36,SID36,67,2017-03-08 06:28:10,4.225,34,2.270917219351162
MID35,SID35,67,2017-03-08 06:28:10,4.225,33,2.075429333144684
MID34,SID34,67,2017-03-08 06:28:10,2.347,25,2.4339789924975315
MID33,SID33,67,2017-03-08 06:28:10,4.694,26,2.3459999189343943
MID32,SID32,67,2017-03-08 06:28:10,4.225,30,2.1793260684076037
MID31,SID31,67,2017-03-08 06:28:10,2.347,31,2.143017711188164
MID30,SID30,67,2017-03-08 06:28:10,3.286,33,2.236182955070727
MID49,SID49,67,2017-03-08 06:28:10,3.286,30,2.4843514411437133
MID48,SID48,67,2017-03-08 06:28:10,4.225,26,2.305667817256178
MID47,SID47,67,2017-03-08 06:28:10,3.286,25,2.4001867126224585
MID46,SID46,67,2017-03-08 06:28:10,3.756,26,2.1936956213358902
MID45,SID45,67,2017-03-08 06:28:10,3.286,30,2.317027755107546
MID44,SID44,67,2017-03-08 06:28:10,2.347,27,2.001088233069022
MID43,SID43,67,2017-03-08 06:28:10,2.817,32,2.3358052961965585
MID42,SID42,67,2017-03-08 06:28:10,4.225,30,2.4961956863053585
MID41,SID41,67,2017-03-08 06:28:10,4.225,32,2.360740289073537
MID40,SID40,67,2017-03-08 06:28:10,4.694,34,2.023450668386571
MID19,SID19,67,2017-03-08 06:28:20,3.778,28,2.2654410546793637
MID18,SID18,67,2017-03-08 06:28:20,3.306,25,2.428730894753511
MID17,SID17,67,2017-03-08 06:28:20,3.778,29,2.194897173389955
MID16,SID16,67,2017-03-08 06:28:20,3.306,26,2.3888002798230312
MID15,SID15,67,2017-03-08 06:28:20,2.361,28,2.3105603867575786
MID14,SID14,67,2017-03-08 06:28:20,3.778,27,2.4584656719311067
MID13,SID13,67,2017-03-08 06:28:20,4.250,28,2.219651114183528
MID12,SID12,67,2017-03-08 06:28:20,3.778,30,2.2449076730618325
MID11,SID11,67,2017-03-08 06:28:20,4.722,26,2.292202208541692
MID99,SID99,67,2017-03-08 06:28:20,3.306,33,2.301664842433065
MID10,SID10,67,2017-03-08 06:28:20,2.361,31,2.15135845585296
MID98,SID98,67,2017-03-08 06:28:20,4.250,26,2.259008668761979
MID97,SID97,67,2017-03-08 06:28:20,2.361,31,2.044378951196468
MID96,SID96,67,2017-03-08 06:28:20,4.250,33,2.458435219951345
MID95,SID95,67,2017-03-08 06:28:20,4.722,32,2.1242018366202635
MID94,SID94,67,2017-03-08 06:28:20,4.722,25,2.3246855071470574
MID93,SID93,67,2017-03-08 06:28:20,4.722,30,2.4787458842372856
MID92,SID92,67,2017-03-08 06:28:20,3.306,34,2.1482058726545157
MID91,SID91,67,2017-03-08 06:28:20,4.722,27,2.364758131698933
MID4,SID4,67,2017-03-08 06:28:20,2.361,26,2.202496861698912
MID5,SID5,67,2017-03-08 06:28:20,3.778,30,2.117846745804289
MID6,SID6,67,2017-03-08 06:28:20,2.833,33,2.4352908770870023
MID7,SID7,67,2017-03-08 06:28:20,4.722,32,2.452025809444443
MID1,SID1,67,2017-03-08 06:28:20,3.306,29,2.3307243167690777
MID2,SID2,67,2017-03-08 06:28:20,4.722,27,2.449878333901187
MID3,SID3,67,2017-03-08 06:28:20,4.250,28,2.3941394259219364
MID29,SID29,67,2017-03-08 06:28:20,4.250,30,2.2794145280332456
MID28,SID28,67,2017-03-08 06:28:20,3.306,30,2.3778915862505126
MID27,SID27,67,2017-03-08 06:28:20,2.833,32,2.2510089551058052
MID26,SID26,67,2017-03-08 06:28:20,2.833,26,2.124159231803256
MID8,SID8,67,2017-03-08 06:28:20,3.306,31,2.20214857554585
MID25,SID25,67,2017-03-08 06:28:20,2.361,33,2.4936415318179943
MID9,SID9,67,2017-03-08 06:28:20,3.778,28,2.0227068988739045
MID24,SID24,67,2017-03-08 06:28:20,2.361,27,2.3137238484545164
MID23,SID23,67,2017-03-08 06:28:20,3.778,31,2.1423983353805465
MID22,SID22,67,2017-03-08 06:28:20,3.306,31,2.3426501233476893
MID21,SID21,67,2017-03-08 06:28:20,2.833,30,2.2158121875441363
MID20,SID20,67,2017-03-08 06:28:20,3.306,33,2.1706780598873143
MID100,SID100,67,2017-03-08 06:28:20,3.778,25,2.139767067129584
MID79,SID79,67,2017-03-08 06:28:20,2.361,30,2.3027178480693373
MID78,SID78,67,2017-03-08 06:28:20,3.778,30,2.468398775752175
MID77,SID77,67,2017-03-08 06:28:20,2.361,25,2.3422571345318053
MID76,SID76,67,2017-03-08 06:28:20,2.833,25,2.085613124515423
MID75,SID75,67,2017-03-08 06:28:20,3.306,30,2.018944445075946
MID74,SID74,67,2017-03-08 06:28:20,3.778,32,2.138507101864447
MID73,SID73,67,2017-03-08 06:28:20,2.833,34,2.30677555552539
MID72,SID72,67,2017-03-08 06:28:20,4.722,32,2.167735984452433
MID71,SID71,67,2017-03-08 06:28:20,2.833,32,2.0537425977056287
MID70,SID70,67,2017-03-08 06:28:20,2.833,28,2.3073990799691284
MID90,SID90,67,2017-03-08 06:28:20,3.778,28,2.2724378870402386
MID89,SID89,67,2017-03-08 06:28:20,4.722,34,2.4620249826520815
MID88,SID88,67,2017-03-08 06:28:20,3.778,28,2.038066265440553
MID87,SID87,67,2017-03-08 06:28:20,4.250,25,2.399258982522323
MID86,SID86,67,2017-03-08 06:28:20,2.833,31,2.0988773808117185
MID85,SID85,67,2017-03-08 06:28:20,4.722,34,2.3591254481075676
MID84,SID84,67,2017-03-08 06:28:20,2.833,28,2.2504022090818814
MID83,SID83,67,2017-03-08 06:28:20,2.833,33,2.2842652050897634
MID82,SID82,67,2017-03-08 06:28:20,4.250,28,2.133764412548972
MID81,SID81,67,2017-03-08 06:28:20,4.250,25,2.404262444907647
MID80,SID80,67,2017-03-08 06:28:20,4.250,30,2.1207711113098306
MID59,SID59,67,2017-03-08 06:28:20,2.833,30,2.400694202798228
MID58,SID58,67,2017-03-08 06:28:20,2.833,27,2.3694113835481683
MID57,SID57,67,2017-03-08 06:28:20,4.722,34,2.0213049589317347
MID56,SID56,67,2017-03-08 06:28:20,2.361,25,2.439178561120754
MID55,SID55,67,2017-03-08 06:28:20,3.778,25,2.4285212502128255
MID54,SID54,67,2017-03-08 06:28:20,2.361,30,2.135477214027831
MID53,SID53,67,2017-03-08 06:28:20,3.306,33,2.095242176872709
MID52,SID52,67,2017-03-08 06:28:20,4.722,29,2.289311827859755
MID51,SID51,67,2017-03-08 06:28:20,4.250,29,2.062385031113817
MID50,SID50,67,2017-03-08 06:28:20,2.361,32,2.1083956315182797
MID69,SID69,67,2017-03-08 06:28:20,4.722,26,2.041465248300944
MID68,SID68,67,2017-03-08 06:28:20,3.306,27,2.472454663804
MID67,SID67,67,2017-03-08 06:28:20,4.250,25,2.4885097682914337
MID66,SID66,67,2017-03-08 06:28:20,2.833,29,2.492157604611567
MID65,SID65,67,2017-03-08 06:28:20,4.250,25,2.095584619945968
MID64,SID64,67,2017-03-08 06:28:20,3.778,34,2.1785073827166057
MID63,SID63,67,2017-03-08 06:28:20,2.833,26,2.3320045603024826
MID62,SID62,67,2017-03-08 06:28:20,4.722,28,2.1760734610722445
MID61,SID61,67,2017-03-08 06:28:20,4.250,33,2.2269923839049657
MID60,SID60,67,2017-03-08 06:28:20,4.250,27,2.3494827473124027
MID39,SID39,67,2017-03-08 06:28:20,3.778,29,2.3062498671899077
MID38,SID38,67,2017-03-08 06:28:20,3.306,25,2.2529846577252766
MID37,SID37,67,2017-03-08 06:28:20,3.778,25,2.0650612024626933
MID36,SID36,67,2017-03-08 06:28:20,4.250,25,2.1536234867008295
MID35,SID35,67,2017-03-08 06:28:20,4.250,27,2.0458083253434407
MID34,SID34,67,2017-03-08 06:28:20,2.361,25,2.4211817808571197
MID33,SID33,67,2017-03-08 06:28:20,4.722,32,2.0838246858726053
MID32,SID32,67,2017-03-08 06:28:20,4.250,26,2.1811914226777325
MID31,SID31,67,2017-03-08 06:28:20,2.361,30,2.0168180778389617
MID30,SID30,67,2017-03-08 06:28:20,3.306,27,2.4485218903284864
MID49,SID49,67,2017-03-08 06:28:20,3.306,29,2.499913280032347
MID48,SID48,67,2017-03-08 06:28:20,4.250,27,2.419713114681043
MID47,SID47,67,2017-03-08 06:28:20,3.306,29,2.178179784079996
MID46,SID46,67,2017-03-08 06:28:20,3.778,34,2.20640572000557
MID45,SID45,67,2017-03-08 06:28:20,3.306,25,2.2372888357324165
MID44,SID44,67,2017-03-08 06:28:20,2.361,29,2.062527158849495
MID43,SID43,67,2017-03-08 06:28:20,2.833,27,2.3003084119526576
MID42,SID42,67,2017-03-08 06:28:20,4.250,30,2.211636909031009
MID41,SID41,67,2017-03-08 06:28:20,4.250,33,2.1873120667030723
MID40,SID40,67,2017-03-08 06:28:20,4.722,33,2.0614412937809816
MID19,SID19,67,2017-03-08 06:28:30,3.800,29,2.275631331205352
MID18,SID18,67,2017-03-08 06:28:30,3.325,28,2.1256266064251124
MID17,SID17,67,2017-03-08 06:28:30,3.800,26,2.3358471569800887
MID16,SID16,67,2017-03-08 06:28:30,3.325,26,2.181425056756413
MID15,SID15,67,2017-03-08 06:28:30,2.375,29,2.2714764443908853
MID14,SID14,67,2017-03-08 06:28:30,3.800,30,2.3243646398774453
MID13,SID13,67,2017-03-08 06:28:30,4.275,31,2.3318918184227195
MID12,SID12,67,2017-03-08 06:28:30,3.800,28,2.3617394564157212
MID11,SID11,67,2017-03-08 06:28:30,4.750,28,2.0856530116411682
MID99,SID99,67,2017-03-08 06:28:30,3.325,29,2.309710507608611
MID10,SID10,67,2017-03-08 06:28:30,2.375,31,2.076972820195526
MID98,SID98,67,2017-03-08 06:28:30,4.275,34,2.4583741726651076
MID97,SID97,67,2017-03-08 06:28:30,2.375,27,2.218628509723774
MID96,SID96,67,2017-03-08 06:28:30,4.275,33,2.0191895091968743
MID95,SID95,67,2017-03-08 06:28:30,4.750,29,2.3960500833209992
MID94,SID94,67,2017-03-08 06:28:30,4.750,33,2.1975537580829654
MID93,SID93,67,2017-03-08 06:28:30,4.750,28,2.084541636511204
MID92,SID92,67,2017-03-08 06:28:30,3.325,26,2.4624804394499233
MID91,SID91,67,2017-03-08 06:28:30,4.750,33,2.4377439329308763
MID4,SID4,67,2017-03-08 06:28:30,2.375,33,2.2285389157857405
MID5,SID5,67,2017-03-08 06:28:30,3.800,25,2.3798082273217256
MID6,SID6,67,2017-03-08 06:28:30,2.850,27,2.315680774718041
MID7,SID7,67,2017-03-08 06:28:30,4.750,30,2.484797807403506
MID1,SID1,67,2017-03-08 06:28:30,3.325,25,2.339100095456797
MID2,SID2,67,2017-03-08 06:28:30,4.750,30,2.4030137107440686
MID3,SID3,67,2017-03-08 06:28:30,4.275,31,2.4281264441674875
MID29,SID29,67,2017-03-08 06:28:30,4.275,32,2.169404434012977
MID28,SID28,67,2017-03-08 06:28:30,3.325,27,2.3248523283817675
MID27,SID27,67,2017-03-08 06:28:30,2.850,31,2.3271033226160043
MID26,SID26,67,2017-03-08 06:28:30,2.850,29,2.2013102346373343
MID8,SID8,67,2017-03-08 06:28:30,3.325,29,2.4428508863654095
MID25,SID25,67,2017-03-08 06:28:30,2.375,26,2.2351728598316547
MID9,SID9,67,2017-03-08 06:28:30,3.800,29,2.4247059702633273
MID24,SID24,67,2017-03-08 06:28:30,2.375,27,2.358126573094285
MID23,SID23,67,2017-03-08 06:28:30,3.800,27,2.0067318844473934
MID22,SID22,67,2017-03-08 06:28:30,3.325,30,2.403073358627945
MID21,SID21,67,2017-03-08 06:28:30,2.850,34,2.4623152165764712
MID20,SID20,67,2017-03-08 06:28:30,3.325,32,2.3710792522472204
MID100,SID100,67,2017-03-08 06:28:30,3.800,28,2.2737703916980117
MID79,SID79,67,2017-03-08 06:28:30,2.375,34,2.123114903556865
MID78,SID78,67,2017-03-08 06:28:30,3.800,28,2.229272622249805
MID77,SID77,67,2017-03-08 06:28:30,2.375,34,2.0907697862643047
MID76,SID76,67,2017-03-08 06:28:30,2.850,25,2.378575877665308
MID75,SID75,67,2017-03-08 06:28:30,3.325,29,2.236157605494161
MID74,SID74,67,2017-03-08 06:28:30,3.800,33,2.3260833024744576
MID73,SID73,67,2017-03-08 06:28:30,2.850,30,2.029850610816937
MID72,SID72,67,2017-03-08 06:28:30,4.750,33,2.082798470642525
MID71,SID71,67,2017-03-08 06:28:30,2.850,30,2.1049072297170226
MID70,SID70,67,2017-03-08 06:28:30,2.850,26,2.274452677082138
MID90,SID90,67,2017-03-08 06:28:30,3.800,32,2.3665547155534363
MID89,SID89,67,2017-03-08 06:28:30,4.750,34,2.1117812599354666
MID88,SID88,67,2017-03-08 06:28:30,3.800,29,2.4666956541075375
MID87,SID87,67,2017-03-08 06:28:30,4.275,30,2.4444679205035156
MID86,SID86,67,2017-03-08 06:28:30,2.850,31,2.1000179793047726
MID85,SID85,67,2017-03-08 06:28:30,4.750,25,2.043441028301263
MID84,SID84,67,2017-03-08 06:28:30,2.850,33,2.2923551247247724
MID83,SID83,67,2017-03-08 06:28:30,2.850,32,2.1734344643421384
MID82,SID82,67,2017-03-08 06:28:30,4.275,30,2.4729177460500003
MID81,SID81,67,2017-03-08 06:28:30,4.275,31,2.3414005436064564
MID80,SID80,67,2017-03-08 06:28:30,4.275,30,2.003073602243985
MID59,SID59,67,2017-03-08 06:28:30,2.850,25,2.2723732320362577
MID58,SID58,67,2017-03-08 06:28:30,2.850,26,2.2899947960002125
MID57,SID57,67,2017-03-08 06:28:30,4.750,30,2.1352308281780954
MID56,SID56,67,2017-03-08 06:28:30,2.375,31,2.4140187961953075
MID55,SID55,67,2017-03-08 06:28:30,3.800,29,2.2524436667104357
MID54,SID54,67,2017-03-08 06:28:30,2.375,31,2.439990878941763
MID53,SID53,67,2017-03-08 06:28:30,3.325,34,2.1136280543970165
MID52,SID52,67,2017-03-08 06:28:30,4.750,29,2.351713009384411
MID51,SID51,67,2017-03-08 06:28:30,4.275,34,2.050155402947421
MID50,SID50,67,2017-03-08 06:28:30,2.375,30,2.4573065374605525
MID69,SID69,67,2017-03-08 06:28:30,4.750,29,2.4517215063483415
MID68,SID68,67,2017-03-08 06:28:30,3.325,32,2.4712465607103855
MID67,SID67,67,2017-03-08 06:28:30,4.275,29,2.462536965591871
MID66,SID66,67,2017-03-08 06:28:30,2.850,34,2.4381159982689233
MID65,SID65,67,2017-03-08 06:28:30,4.275,26,2.1757650390967536
MID64,SID64,67,2017-03-08 06:28:30,3.800,32,2.3563053605419904
MID63,SID63,67,2017-03-08 06:28:30,2.850,25,2.123428880683712
MID62,SID62,67,2017-03-08 06:28:30,4.750,31,2.2657433323260485
MID61,SID61,67,2017-03-08 06:28:30,4.275,29,2.087483022771208
MID60,SID60,67,2017-03-08 06:28:30,4.275,33,2.187828854164437
MID39,SID39,67,2017-03-08 06:28:30,3.800,34,2.141971385976173
MID38,SID38,67,2017-03-08 06:28:30,3.325,33,2.4039791903967855
MID37,SID37,67,2017-03-08 06:28:30,3.800,28,2.332116412399285
MID36,SID36,67,2017-03-08 06:28:30,4.275,27,2.0136335268002123
MID35,SID35,67,2017-03-08 06:28:30,4.275,25,2.068520837670664
MID34,SID34,67,2017-03-08 06:28:30,2.375,29,2.1942511921729624
MID33,SID33,67,2017-03-08 06:28:30,4.750,28,2.003950641812872
MID32,SID32,67,2017-03-08 06:28:30,4.275,34,2.2374306373781674
MID31,SID31,67,2017-03-08 06:28:30,2.375,25,2.1430424472901377
MID30,SID30,67,2017-03-08 06:28:30,3.325,30,2.213602783146726
MID49,SID49,67,2017-03-08 06:28:30,3.325,34,2.005865476851191
MID48,SID48,67,2017-03-08 06:28:30,4.275,29,2.0560163535026907
MID47,SID47,67,2017-03-08 06:28:30,3.325,33,2.238503939427054
MID46,SID46,67,2017-03-08 06:28:30,3.800,27,2.089090581004834
MID45,SID45,67,2017-03-08 06:28:30,3.325,31,2.4780157638020244
MID44,SID44,67,2017-03-08 06:28:30,2.375,25,2.4515032271510724
MID43,SID43,67,2017-03-08 06:28:30,2.850,34,2.3443876598227544
MID42,SID42,67,2017-03-08 06:28:30,4.275,26,2.3470027323150706
MID41,SID41,67,2017-03-08 06:28:30,4.275,27,2.2607448550539306
MID40,SID40,67,2017-03-08 06:28:30,4.750,32,2.3752389301212857
MID19,SID19,67,2017-03-08 06:28:40,3.822,28,2.1427096127874563
MID18,SID18,67,2017-03-08 06:28:40,3.344,32,2.492753555728469
MID17,SID17,67,2017-03-08 06:28:40,3.822,34,2.084852368816529
MID16,SID16,67,2017-03-08 06:28:40,3.344,34,2.4473232050287073
MID15,SID15,67,2017-03-08 06:28:40,2.389,32,2.2391402384943246
MID14,SID14,67,2017-03-08 06:28:40,3.822,27,2.1250308727991998
MID13,SID13,67,2017-03-08 06:28:40,4.300,25,2.485018295037854
MID12,SID12,67,2017-03-08 06:28:40,3.822,32,2.0447115351124294
MID11,SID11,67,2017-03-08 06:28:40,4.778,26,2.2100108770732163
MID99,SID99,67,2017-03-08 06:28:40,3.344,29,2.0840653294276237
MID10,SID10,67,2017-03-08 06:28:40,2.389,26,2.4023760336762288
MID98,SID98,67,2017-03-08 06:28:40,4.300,28,2.470421927439497
MID97,SID97,67,2017-03-08 06:28:40,2.389,32,2.324289326434054
MID96,SID96,67,2017-03-08 06:28:40,4.300,28,2.410797928951565
MID95,SID95,67,2017-03-08 06:28:40,4.778,32,2.2158822544485566
MID94,SID94,67,2017-03-08 06:28:40,4.778,31,2.1730103471637907
MID93,SID93,67,2017-03-08 06:28:40,4.778,26,2.213658173071397
MID92,SID92,67,2017-03-08 06:28:40,3.344,31,2.123729392981729
MID91,SID91,67,2017-03-08 06:28:40,4.778,31,2.055746612104867
MID4,SID4,67,2017-03-08 06:28:40,2.389,33,2.2081689952344066
MID5,SID5,67,2017-03-08 06:28:40,3.822,27,2.1120954294424976
MID6,SID6,67,2017-03-08 06:28:40,2.867,28,2.156494952171706
MID7,SID7,67,2017-03-08 06:28:40,4.778,33,2.008087810840275
MID1,SID1,67,2017-03-08 06:28:40,3.344,27,2.3138809173355774
MID2,SID2,67,2017-03-08 06:28:40,4.778,30,2.2229203193228924
MID3,SID3,67,2017-03-08 06:28:40,4.300,29,2.1253662181447273
MID29,SID29,67,2017-03-08 06:28:40,4.300,31,2.2237532657508643
MID28,SID28,67,2017-03-08 06:28:40,3.344,34,2.324364924400587
MID27,SID27,67,2017-03-08 06:28:40,2.867,33,2.38192274540409
MID26,SID26,67,2017-03-08 06:28:40,2.867,28,2.0526527048379926
MID8,SID8,67,2017-03-08 06:28:40,3.344,27,2.466638184978562
MID25,SID25,67,2017-03-08 06:28:40,2.389,26,2.184479324797917
MID9,SID9,67,2017-03-08 06:28:40,3.822,33,2.2071591148597483
MID24,SID24,67,2017-03-08 06:28:40,2.389,25,2.11554706764073
MID23,SID23,67,2017-03-08 06:28:40,3.822,34,2.247856187950141
MID22,SID22,67,2017-03-08 06:28:40,3.344,34,2.175600151079699
MID21,SID21,67,2017-03-08 06:28:40,2.867,27,2.165983315862402
MID20,SID20,67,2017-03-08 06:28:40,3.344,34,2.1114144666416026
MID100,SID100,67,2017-03-08 06:28:40,3.822,31,2.3233016959870745
MID79,SID79,67,2017-03-08 06:28:40,2.389,34,2.4875787780796537
MID78,SID78,67,2017-03-08 06:28:40,3.822,29,2.4010660376397115
MID77,SID77,67,2017-03-08 06:28:40,2.389,30,2.4521019998969207
MID76,SID76,67,2017-03-08 06:28:40,2.867,29,2.2454050606852527
MID75,SID75,67,2017-03-08 06:28:40,3.344,25,2.304962817886717
MID74,SID74,67,2017-03-08 06:28:40,3.822,34,2.1465324997923765
MID73,SID73,67,2017-03-08 06:28:40,2.867,27,2.269184194463744
MID72,SID72,67,2017-03-08 06:28:40,4.778,28,2.28347554759755
MID71,SID71,67,2017-03-08 06:28:40,2.867,31,2.145659116006277
MID70,SID70,67,2017-03-08 06:28:40,2.867,34,2.1030411030950953
MID90,SID90,67,2017-03-08 06:28:40,3.822,32,2.391996123053842
MID89,SID89,67,2017-03-08 06:28:40,4.778,28,2.3900205625793136
MID88,SID88,67,2017-03-08 06:28:40,3.822,25,2.0622262883563063
MID87,SID87,67,2017-03-08 06:28:40,4.300,25,2.081217202524912
MID86,SID86,67,2017-03-08 06:28:40,2.867,33,2.2736803420836984
MID85,SID85,67,2017-03-08 06:28:40,4.778,28,2.3319068037650714
MID84,SID84,67,2017-03-08 06:28:40,2.867,29,2.2056982054783214
MID83,SID83,67,2017-03-08 06:28:40,2.867,28,2.437856814363948
MID82,SID82,67,2017-03-08 06:28:40,4.300,32,2.122162726544869
MID81,SID81,67,2017-03-08 06:28:40,4.300,32,2.163930859662102
MID80,SID80,67,2017-03-08 06:28:40,4.300,30,2.1608471971589323
MID59,SID59,67,2017-03-08 06:28:40,2.867,33,2.3488960592681
MID58,SID58,67,2017-03-08 06:28:40,2.867,33,2.099976308535423
MID57,SID57,67,2017-03-08 06:28:40,4.778,33,2.130179762413567
MID56,SID56,67,2017-03-08 06:28:40,2.389,33,2.299781675984723
MID55,SID55,67,2017-03-08 06:28:40,3.822,29,2.076831689699041
MID54,SID54,67,2017-03-08 06:28:40,2.389,31,2.2377077862477908
MID53,SID53,67,2017-03-08 06:28:40,3.344,28,2.3650650760757452
MID52,SID52,67,2017-03-08 06:28:40,4.778,27,2.3437485381814267
MID51,SID51,67,2017-03-08 06:28:40,4.300,34,2.2603043398771536
MID50,SID50,67,2017-03-08 06:28:40,2.389,28,2.016446317417005
MID69,SID69,67,2017-03-08 06:28:40,4.778,30,2.068461172275527
MID68,SID68,67,2017-03-08 06:28:40,3.344,30,2.01505081372093
MID67,SID67,67,2017-03-08 06:28:40,4.300,30,2.4002867545683375
MID66,SID66,67,2017-03-08 06:28:40,2.867,34,2.149706725436379
MID65,SID65,67,2017-03-08 06:28:40,4.300,32,2.0622490587169935
MID64,SID64,67,2017-03-08 06:28:40,3.822,30,2.487632813353345
MID63,SID63,67,2017-03-08 06:28:40,2.867,30,2.253807227415672
MID62,SID62,67,2017-03-08 06:28:40,4.778,31,2.3031232592219406
MID61,SID61,67,2017-03-08 06:28:40,4.300,28,2.030856637533367
MID60,SID60,67,2017-03-08 06:28:40,4.300,30,2.4736207207305796
MID39,SID39,67,2017-03-08 06:28:40,3.822,28,2.3365234914574837
MID38,SID38,67,2017-03-08 06:28:40,3.344,28,2.36429898459298
MID37,SID37,67,2017-03-08 06:28:40,3.822,29,2.074329714947052
MID36,SID36,67,2017-03-08 06:28:40,4.300,27,2.171273779271269
MID35,SID35,67,2017-03-08 06:28:40,4.300,32,2.486294642402538
MID34,SID34,67,2017-03-08 06:28:40,2.389,30,2.474736219214939
MID33,SID33,67,2017-03-08 06:28:40,4.778,26,2.3048449256063135
MID32,SID32,67,2017-03-08 06:28:40,4.300,27,2.499844054718919
MID31,SID31,67,2017-03-08 06:28:40,2.389,26,2.1602347118100393
MID30,SID30,67,2017-03-08 06:28:40,3.344,34,2.313279205084392
MID49,SID49,67,2017-03-08 06:28:40,3.344,32,2.331527986145511
MID48,SID48,67,2017-03-08 06:28:40,4.300,31,2.0428824047772975
MID47,SID47,67,2017-03-08 06:28:40,3.344,26,2.310844214814338
MID46,SID46,67,2017-03-08 06:28:40,3.822,33,2.427115366577925
MID45,SID45,67,2017-03-08 06:28:40,3.344,26,2.469078143883617
MID44,SID44,67,2017-03-08 06:28:40,2.389,32,2.454005384920845
MID43,SID43,67,2017-03-08 06:28:40,2.867,28,2.274096273008167
MID42,SID42,67,2017-03-08 06:28:40,4.300,31,2.102119676461782
MID41,SID41,67,2017-03-08 06:28:40,4.300,30,2.322355889924402
MID40,SID40,67,2017-03-08 06:28:40,4.778,32,2.295739328807979
MID19,SID19,67,2017-03-08 06:28:50,3.844,25,2.233727138812824
MID18,SID18,67,2017-03-08 06:28:50,3.364,27,2.4217517182218438
MID17,SID17,67,2017-03-08 06:28:50,3.844,28,2.116971297606819
MID16,SID16,67,2017-03-08 06:28:50,3.364,25,2.4752419901302756
MID15,SID15,67,2017-03-08 06:28:50,2.403,25,2.2337857416275435
MID14,SID14,67,2017-03-08 06:28:50,3.844,31,2.420302723918656
MID13,SID13,67,2017-03-08 06:28:50,4.325,29,2.3175210021009063
MID12,SID12,67,2017-03-08 06:28:50,3.844,31,2.3042627645586937
MID11,SID11,67,2017-03-08 06:28:50,4.806,28,2.367224707475786
MID99,SID99,67,2017-03-08 06:28:50,3.364,26,2.4784617048139608
MID10,SID10,67,2017-03-08 06:28:50,2.403,26,2.088477018331977
MID98,SID98,67,2017-03-08 06:28:50,4.325,30,2.1509317275452386
MID97,SID97,67,2017-03-08 06:28:50,2.403,33,2.0162435326206323
MID96,SID96,67,2017-03-08 06:28:50,4.325,29,2.041965262151477
MID95,SID95,67,2017-03-08 06:28:50,4.806,29,2.215163359195461
MID94,SID94,67,2017-03-08 06:28:50,4.806,33,2.2920631001610756
MID93,SID93,67,2017-03-08 06:28:50,4.806,26,2.1184102347570186
MID92,SID92,67,2017-03-08 06:28:50,3.364,30,2.379689027513068
MID91,SID91,67,2017-03-08 06:28:50,4.806,28,2.1980644789216264
MID4,SID4,67,2017-03-08 06:28:50,2.403,28,2.194873751533798
MID5,SID5,67,2017-03-08 06:28:50,3.844,29,2.28660575255577
MID6,SID6,67,2017-03-08 06:28:50,2.883,33,2.3617454024113855
MID7,SID7,67,2017-03-08 06:28:50,4.806,29,2.1692340230145706
MID1,SID1,67,2017-03-08 06:28:50,3.364,34,2.354494547188704
MID2,SID2,67,2017-03-08 06:28:50,4.806,34,2.410671401792023
MID3,SID3,67,2017-03-08 06:28:50,4.325,25,2.026096919219816
MID29,SID29,67,2017-03-08 06:28:50,4.325,32,2.1244056250065664
MID28,SID28,67,2017-03-08 06:28:50,3.364,27,2.4537483200744457
MID27,SID27,67,2017-03-08 06:28:50,2.883,25,2.4549387007627934
MID26,SID26,67,2017-03-08 06:28:50,2.883,30,2.0437857572876994
MID8,SID8,67,2017-03-08 06:28:50,3.364,32,2.130114462960857
MID25,SID25,67,2017-03-08 06:28:50,2.403,29,2.023458271510942
MID9,SID9,67,2017-03-08 06:28:50,3.844,25,2.300390912104194
MID24,SID24,67,2017-03-08 06:28:50,2.403,27,2.4029464578295365
MID23,SID23,67,2017-03-08 06:28:50,3.844,32,2.2712277340084617
MID22,SID22,67,2017-03-08 06:28:50,3.364,34,2.4472116695276043
MID21,SID21,67,2017-03-08 06:28:50,2.883,25,2.233861589500596
MID20,SID20,67,2017-03-08 06:28:50,3.364,31,2.4806067639683524
MID100,SID100,67,2017-03-08 06:28:50,3.844,29,2.3084016835224217
MID79,SID79,67,2017-03-08 06:28:50,2.403,29,2.1652383578507397
MID78,SID78,67,2017-03-08 06:28:50,3.844,26,2.4958873014973415
MID77,SID77,67,2017-03-08 06:28:50,2.403,32,2.30389366564166
MID76,SID76,67,2017-03-08 06:28:50,2.883,29,2.343183176261036
MID75,SID75,67,2017-03-08 06:28:50,3.364,28,2.227061228307341
MID74,SID74,67,2017-03-08 06:28:50,3.844,26,2.206373079485951
MID73,SID73,67,2017-03-08 06:28:50,2.883,32,2.1842116019660445
MID72,SID72,67,2017-03-08 06:28:50,4.806,33,2.1312673878291575
MID71,SID71,67,2017-03-08 06:28:50,2.883,30,2.274630313022805
MID70,SID70,67,2017-03-08 06:28:50,2.883,33,2.4875271129814855
MID90,SID90,67,2017-03-08 06:28:50,3.844,32,2.4831654971993538
MID89,SID89,67,2017-03-08 06:28:50,4.806,33,2.1848896499917863
MID88,SID88,67,2017-03-08 06:28:50,3.844,27,2.0240289339899724
MID87,SID87,67,2017-03-08 06:28:50,4.325,28,2.2196911075681287
MID86,SID86,67,2017-03-08 06:28:50,2.883,25,2.484748682642593
MID85,SID85,67,2017-03-08 06:28:50,4.806,25,2.174179423852542
MID84,SID84,67,2017-03-08 06:28:50,2.883,26,2.202911311982871
MID83,SID83,67,2017-03-08 06:28:50,2.883,31,2.0365235164296576
MID82,SID82,67,2017-03-08 06:28:50,4.325,25,2.4993726124151188
MID81,SID81,67,2017-03-08 06:28:50,4.325,33,2.27014027324893
MID80,SID80,67,2017-03-08 06:28:50,4.325,32,2.247998035306258
MID59,SID59,67,2017-03-08 06:28:50,2.883,29,2.1522964518060457
MID58,SID58,67,2017-03-08 06:28:50,2.883,27,2.3032517961408954
MID57,SID57,67,2017-03-08 06:28:50,4.806,28,2.4075202195858987
MID56,SID56,67,2017-03-08 06:28:50,2.403,34,2.098241792018394
MID55,SID55,67,2017-03-08 06:28:50,3.844,34,2.178873910600305
MID54,SID54,67,2017-03-08 06:28:50,2.403,34,2.3463559837914088
MID53,SID53,67,2017-03-08 06:28:50,3.364,27,2.417316905391651
MID52,SID52,67,2017-03-08 06:28:50,4.806,32,2.3900328890984417
MID51,SID51,67,2017-03-08 06:28:50,4.325,30,2.3848907017467464
MID50,SID50,67,2017-03-08 06:28:50,2.403,33,2.3485466247141584
MID69,SID69,67,2017-03-08 06:28:50,4.806,30,2.3921994374061195
MID68,SID68,67,2017-03-08 06:28:50,3.364,25,2.3814754710186268
MID67,SID67,67,2017-03-08 06:28:50,4.325,34,2.32573653457767
MID66,SID66,67,2017-03-08 06:28:50,2.883,29,2.3268847923098472
MID65,SID65,67,2017-03-08 06:28:50,4.325,32,2.07997543749948
MID64,SID64,67,2017-03-08 06:28:50,3.844,32,2.2011386723012234
MID63,SID63,67,2017-03-08 06:28:50,2.883,28,2.1710009011207525
MID62,SID62,67,2017-03-08 06:28:50,4.806,29,2.3478248552636125
MID61,SID61,67,2017-03-08 06:28:50,4.325,34,2.0974012437125173
MID60,SID60,67,2017-03-08 06:28:50,4.325,30,2.138751186698092
MID39,SID39,67,2017-03-08 06:28:50,3.844,28,2.0645073076245586
MID38,SID38,67,2017-03-08 06:28:50,3.364,34,2.302864018990388
MID37,SID37,67,2017-03-08 06:28:50,3.844,29,2.1010689942628513
MID36,SID36,67,2017-03-08 06:28:50,4.325,34,2.154251835666412
MID35,SID35,67,2017-03-08 06:28:50,4.325,29,2.2627072524635956
MID34,SID34,67,2017-03-08 06:28:50,2.403,32,2.372854993792684
MID33,SID33,67,2017-03-08 06:28:50,4.806,30,2.044475341775359
MID32,SID32,67,2017-03-08 06:28:50,4.325,29,2.3547004790360795
MID31,SID31,67,2017-03-08 06:28:50,2.403,31,2.249186385435516
MID30,SID30,67,2017-03-08 06:28:50,3.364,33,2.343178383960748
MID49,SID49,67,2017-03-08 06:28:50,3.364,34,2.148612661064645
MID48,SID48,67,2017-03-08 06:28:50,4.325,25,2.12993225383388
MID47,SID47,67,2017-03-08 06:28:50,3.364,31,2.0464454684136766
MID46,SID46,67,2017-03-08 06:28:50,3.844,27,2.294720282401915
MID45,SID45,67,2017-03-08 06:28:50,3.364,31,2.4180470786286796
MID44,SID44,67,2017-03-08 06:28:50,2.403,34,2.0540501033546636
MID43,SID43,67,2017-03-08 06:28:50,2.883,25,2.32510173718641
MID42,SID42,67,2017-03-08 06:28:50,4.325,31,2.106692470739855
MID41,SID41,67,2017-03-08 06:28:50,4.325,30,2.3624144869524866
MID40,SID40,67,2017-03-08 06:28:50,4.806,33,2.0069797015288993
MID19,SID19,67,2017-03-08 06:29:00,3.867,31,2.0331277433042416
MID18,SID18,67,2017-03-08 06:29:00,3.383,27,2.203416335456825
MID17,SID17,67,2017-03-08 06:29:00,3.867,25,2.3431326204734853
MID16,SID16,67,2017-03-08 06:29:00,3.383,31,2.3647675896373213
MID15,SID15,67,2017-03-08 06:29:00,2.417,31,2.033348322720857
MID14,SID14,67,2017-03-08 06:29:00,3.867,33,2.1307371439985796
MID13,SID13,67,2017-03-08 06:29:00,4.350,29,2.00983067007085
MID12,SID12,67,2017-03-08 06:29:00,3.867,31,2.387286743898494
MID11,SID11,67,2017-03-08 06:29:00,4.833,33,2.3090976433752326
MID99,SID99,67,2017-03-08 06:29:00,3.383,30,2.1321101539392244
MID10,SID10,67,2017-03-08 06:29:00,2.417,27,2.2068729594611245
MID98,SID98,67,2017-03-08 06:29:00,4.350,25,2.2858551382429337
MID97,SID97,67,2017-03-08 06:29:00,2.417,30,2.2039844882019253
MID96,SID96,67,2017-03-08 06:29:00,4.350,26,2.0392541109157194
MID95,SID95,67,2017-03-08 06:29:00,4.833,31,2.3892274661841943
MID94,SID94,67,2017-03-08 06:29:00,4.833,29,2.3212686187189977
MID93,SID93,67,2017-03-08 06:29:00,4.833,29,2.1504000527702054
MID92,SID92,67,2017-03-08 06:29:00,3.383,29,2.176209712946475
MID91,SID91,67,2017-03-08 06:29:00,4.833,31,2.0668417229935256
MID4,SID4,67,2017-03-08 06:29:00,2.417,30,2.258579378644618
MID5,SID5,67,2017-03-08 06:29:00,3.867,30,2.1328876151675558
MID6,SID6,67,2017-03-08 06:29:00,2.900,29,2.0392912549446884
MID7,SID7,67,2017-03-08 06:29:00,4.833,25,2.150145142992589
MID1,SID1,67,2017-03-08 06:29:00,3.383,30,2.05044502128005
MID2,SID2,67,2017-03-08 06:29:00,4.833,30,2.0425481921542126
MID3,SID3,67,2017-03-08 06:29:00,4.350,34,2.1123141376773287
MID29,SID29,67,2017-03-08 06:29:00,4.350,28,2.4962161421675675
MID28,SID28,67,2017-03-08 06:29:00,3.383,27,2.3950893434447424
MID27,SID27,67,2017-03-08 06:29:00,2.900,27,2.110019385141441
MID26,SID26,67,2017-03-08 06:29:00,2.900,30,2.452920419576974
MID8,SID8,67,2017-03-08 06:29:00,3.383,26,2.087753593540041
MID25,SID25,67,2017-03-08 06:29:00,2.417,31,2.338726233423151
MID9,SID9,67,2017-03-08 06:29:00,3.867,25,2.433512827155025
MID24,SID24,67,2017-03-08 06:29:00,2.417,34,2.4724723154969905
MID23,SID23,67,2017-03-08 06:29:00,3.867,26,2.223218886716813
MID22,SID22,67,2017-03-08 06:29:00,3.383,26,2.4015803401487386
MID21,SID21,67,2017-03-08 06:29:00,2.900,27,2.3958259828998663
MID20,SID20,67,2017-03-08 06:29:00,3.383,28,2.3658704140901095
MID100,SID100,67,2017-03-08 06:29:00,3.867,27,2.091812473283002
MID79,SID79,67,2017-03-08 06:29:00,2.417,34,2.0360291945357964
MID78,SID78,67,2017-03-08 06:29:00,3.867,33,2.293623836093825
MID77,SID77,67,2017-03-08 06:29:00,2.417,34,2.3448859667762103
MID76,SID76,67,2017-03-08 06:29:00,2.900,27,2.1959562038603395
MID75,SID75,67,2017-03-08 06:29:00,3.383,27,2.3318983405897047
MID74,SID74,67,2017-03-08 06:29:00,3.867,28,2.427792611546239
MID73,SID73,67,2017-03-08 06:29:00,2.900,25,2.2739182345619016
MID72,SID72,67,2017-03-08 06:29:00,4.833,28,2.133993158931652
MID71,SID71,67,2017-03-08 06:29:00,2.900,28,2.102202884295224
MID70,SID70,67,2017-03-08 06:29:00,2.900,33,2.4841176663011426
MID90,SID90,67,2017-03-08 06:29:00,3.867,29,2.0246606451091873
MID89,SID89,67,2017-03-08 06:29:00,4.833,33,2.137837616464194
MID88,SID88,67,2017-03-08 06:29:00,3.867,30,2.321481395019004
MID87,SID87,67,2017-03-08 06:29:00,4.350,33,2.2174360890497455
MID86,SID86,67,2017-03-08 06:29:00,2.900,33,2.158823526594891
MID85,SID85,67,2017-03-08 06:29:00,4.833,30,2.22736295958607
MID84,SID84,67,2017-03-08 06:29:00,2.900,34,2.3638032145160413
MID83,SID83,67,2017-03-08 06:29:00,2.900,26,2.4639943313013246
MID82,SID82,67,2017-03-08 06:29:00,4.350,30,2.426754812870059
MID81,SID81,67,2017-03-08 06:29:00,4.350,26,2.111876603617875
MID80,SID80,67,2017-03-08 06:29:00,4.350,28,2.3066407866908953
MID59,SID59,67,2017-03-08 06:29:00,2.900,31,2.4085982873190837
MID58,SID58,67,2017-03-08 06:29:00,2.900,27,2.260033884540781
MID57,SID57,67,2017-03-08 06:29:00,4.833,27,2.0055523634022547
MID56,SID56,67,2017-03-08 06:29:00,2.417,27,2.0743736683752996
MID55,SID55,67,2017-03-08 06:29:00,3.867,28,2.254478338494181
MID54,SID54,67,2017-03-08 06:29:00,2.417,32,2.1036537291292046
MID53,SID53,67,2017-03-08 06:29:00,3.383,29,2.3184922915241444
MID52,SID52,67,2017-03-08 06:29:00,4.833,30,2.0321798429593128
MID51,SID51,67,2017-03-08 06:29:00,4.350,26,2.0395223168112935
MID50,SID50,67,2017-03-08 06:29:00,2.417,33,2.411930096248172
MID69,SID69,67,2017-03-08 06:29:00,4.833,33,2.30367089939731
MID68,SID68,67,2017-03-08 06:29:00,3.383,26,2.3858810786146574
MID67,SID67,67,2017-03-08 06:29:00,4.350,27,2.450298017820812
MID66,SID66,67,2017-03-08 06:29:00,2.900,26,2.028445776525525
MID65,SID65,67,2017-03-08 06:29:00,4.350,34,2.4536241391169984
MID64,SID64,67,2017-03-08 06:29:00,3.867,33,2.190237521281758
MID63,SID63,67,2017-03-08 06:29:00,2.900,29,2.0070408159324207
MID62,SID62,67,2017-03-08 06:29:00,4.833,28,2.3556165977016867
MID61,SID61,67,2017-03-08 06:29:00,4.350,26,2.1896030410701273
MID60,SID60,67,2017-03-08 06:29:00,4.350,27,2.072832301978486
MID39,SID39,67,2017-03-08 06:29:00,3.867,34,2.0546163528434374
MID38,SID38,67,2017-03-08 06:29:00,3.383,29,2.0312081860541444
MID37,SID37,67,2017-03-08 06:29:00,3.867,28,2.4222127181043547
MID36,SID36,67,2017-03-08 06:29:00,4.350,25,2.262234667020664
MID35,SID35,67,2017-03-08 06:29:00,4.350,31,2.439827687926053
MID34,SID34,67,2017-03-08 06:29:00,2.417,34,2.181463336921966
MID33,SID33,67,2017-03-08 06:29:00,4.833,26,2.4760640397284894
MID32,SID32,67,2017-03-08 06:29:00,4.350,30,2.4420674294726394
MID31,SID31,67,2017-03-08 06:29:00,2.417,29,2.073042250509001
MID30,SID30,67,2017-03-08 06:29:00,3.383,25,2.2496900507558806
MID49,SID49,67,2017-03-08 06:29:00,3.383,32,2.351087429108307
MID48,SID48,67,2017-03-08 06:29:00,4.350,29,2.124040312381156
MID47,SID47,67,2017-03-08 06:29:00,3.383,27,2.3904348872594343
MID46,SID46,67,2017-03-08 06:29:00,3.867,33,2.4421791674265103
MID45,SID45,67,2017-03-08 06:29:00,3.383,26,2.022989330968411
MID44,SID44,67,2017-03-08 06:29:00,2.417,34,2.3613161520348207
MID43,SID43,67,2017-03-08 06:29:00,2.900,28,2.017691410626931
MID42,SID42,67,2017-03-08 06:29:00,4.350,25,2.2260453642149254
MID41,SID41,67,2017-03-08 06:29:00,4.350,31,2.25563518658438
MID40,SID40,67,2017-03-08 06:29:00,4.833,28,2.4523762562704823
MID19,SID19,67,2017-03-08 06:29:10,3.889,29,2.228157456137829
MID18,SID18,67,2017-03-08 06:29:10,3.403,31,2.0835692650099498
MID17,SID17,67,2017-03-08 06:29:10,3.889,32,2.2886140528062224
MID16,SID16,67,2017-03-08 06:29:10,3.403,33,2.3073015428918078
MID15,SID15,67,2017-03-08 06:29:10,2.431,32,2.397982116969577
MID14,SID14,67,2017-03-08 06:29:10,3.889,34,2.208577320087978
MID13,SID13,67,2017-03-08 06:29:10,4.375,30,2.208400578819154
MID12,SID12,67,2017-03-08 06:29:10,3.889,25,2.0535050142996236
MID11,SID11,67,2017-03-08 06:29:10,4.861,32,2.1751160562530303
MID99,SID99,67,2017-03-08 06:29:10,3.403,30,2.091630287116849
MID10,SID10,67,2017-03-08 06:29:10,2.431,33,2.148776345260546
MID98,SID98,67,2017-03-08 06:29:10,4.375,34,2.1431283693082377
MID97,SID97,67,2017-03-08 06:29:10,2.431,33,2.390715037630666
MID96,SID96,67,2017-03-08 06:29:10,4.375,28,2.4284534245701623
MID95,SID95,67,2017-03-08 06:29:10,4.861,34,2.129789658695307
MID94,SID94,67,2017-03-08 06:29:10,4.861,29,2.0539691675843064
MID93,SID93,67,2017-03-08 06:29:10,4.861,26,2.3608482939259745
MID92,SID92,67,2017-03-08 06:29:10,3.403,26,2.30754985992206
MID91,SID91,67,2017-03-08 06:29:10,4.861,27,2.4719625949696495
MID4,SID4,67,2017-03-08 06:29:10,2.431,31,2.156484328822354
MID5,SID5,67,2017-03-08 06:29:10,3.889,27,2.3682918011507432
MID6,SID6,67,2017-03-08 06:29:10,2.917,32,2.1963245767640744
MID7,SID7,67,2017-03-08 06:29:10,4.861,25,2.113457985541748
MID1,SID1,67,2017-03-08 06:29:10,3.403,32,2.4413646498970136
MID2,SID2,67,2017-03-08 06:29:10,4.861,27,2.320706009651066
MID3,SID3,67,2017-03-08 06:29:10,4.375,33,2.4720436531052856
MID29,SID29,67,2017-03-08 06:29:10,4.375,25,2.317393902414226
MID28,SID28,67,2017-03-08 06:29:10,3.403,29,2.347873757819683
MID27,SID27,67,2017-03-08 06:29:10,2.917,28,2.356443427913764
MID26,SID26,67,2017-03-08 06:29:10,2.917,27,2.214520460494585
MID8,SID8,67,2017-03-08 06:29:10,3.403,34,2.1137889831323586
MID25,SID25,67,2017-03-08 06:29:10,2.431,30,2.1035679537048155
MID9,SID9,67,2017-03-08 06:29:10,3.889,25,2.135236304054713
MID24,SID24,67,2017-03-08 06:29:10,2.431,30,2.4684689645137
MID23,SID23,67,2017-03-08 06:29:10,3.889,26,2.168048277325867
MID22,SID22,67,2017-03-08 06:29:10,3.403,31,2.0132063118165617
MID21,SID21,67,2017-03-08 06:29:10,2.917,25,2.2160533620002303
MID20,SID20,67,2017-03-08 06:29:10,3.403,25,2.288504194081014
MID100,SID100,67,2017-03-08 06:29:10,3.889,34,2.45449995141183
MID79,SID79,67,2017-03-08 06:29:10,2.431,31,2.2063601868872738
MID78,SID78,67,2017-03-08 06:29:10,3.889,29,2.326257742009099
MID77,SID77,67,2017-03-08 06:29:10,2.431,29,2.343172986966125
MID76,SID76,67,2017-03-08 06:29:10,2.917,30,2.2739084481461638
MID75,SID75,67,2017-03-08 06:29:10,3.403,28,2.275368374247635
MID74,SID74,67,2017-03-08 06:29:10,3.889,32,2.1032490330104046
MID73,SID73,67,2017-03-08 06:29:10,2.917,33,2.0770609723554863
MID72,SID72,67,2017-03-08 06:29:10,4.861,31,2.1781687641342864
MID71,SID71,67,2017-03-08 06:29:10,2.917,32,2.4082745569409334
MID70,SID70,67,2017-03-08 06:29:10,2.917,30,2.1189153884790772
MID90,SID90,67,2017-03-08 06:29:10,3.889,34,2.2601690980608478
MID89,SID89,67,2017-03-08 06:29:10,4.861,32,2.0954169102337965
MID88,SID88,67,2017-03-08 06:29:10,3.889,31,2.063829340562223
MID87,SID87,67,2017-03-08 06:29:10,4.375,33,2.215621061116765
MID86,SID86,67,2017-03-08 06:29:10,2.917,26,2.432198049593434
MID85,SID85,67,2017-03-08 06:29:10,4.861,25,2.115163704508552
MID84,SID84,67,2017-03-08 06:29:10,2.917,33,2.471580444703547
MID83,SID83,67,2017-03-08 06:29:10,2.917,33,2.255330967339802
MID82,SID82,67,2017-03-08 06:29:10,4.375,28,2.3009866894794566
MID81,SID81,67,2017-03-08 06:29:10,4.375,25,2.4938456275647285
MID80,SID80,67,2017-03-08 06:29:10,4.375,31,2.2506092219847615
MID59,SID59,67,2017-03-08 06:29:10,2.917,29,2.0297270724125696
MID58,SID58,67,2017-03-08 06:29:10,2.917,26,2.010521851845193
MID57,SID57,67,2017-03-08 06:29:10,4.861,25,2.2333643039682967
MID56,SID56,67,2017-03-08 06:29:10,2.431,32,2.2218871997903165
MID55,SID55,67,2017-03-08 06:29:10,3.889,33,2.2193929542629958
MID54,SID54,67,2017-03-08 06:29:10,2.431,30,2.247028950246232
MID53,SID53,67,2017-03-08 06:29:10,3.403,27,2.116825116898989
MID52,SID52,67,2017-03-08 06:29:10,4.861,29,2.3200542903921884
MID51,SID51,67,2017-03-08 06:29:10,4.375,27,2.4727352084260006
MID50,SID50,67,2017-03-08 06:29:10,2.431,30,2.046152488549759
MID69,SID69,67,2017-03-08 06:29:10,4.861,29,2.135051395741674
MID68,SID68,67,2017-03-08 06:29:10,3.403,34,2.2731747117567367
MID67,SID67,67,2017-03-08 06:29:10,4.375,31,2.1325849544782964
MID66,SID66,67,2017-03-08 06:29:10,2.917,33,2.1081882607240905
MID65,SID65,67,2017-03-08 06:29:10,4.375,26,2.0276983967018958
MID64,SID64,67,2017-03-08 06:29:10,3.889,34,2.402206188981885
MID63,SID63,67,2017-03-08 06:29:10,2.917,34,2.0264294661143243
MID62,SID62,67,2017-03-08 06:29:10,4.861,27,2.0324023376980334
MID61,SID61,67,2017-03-08 06:29:10,4.375,32,2.1098667952452166
MID60,SID60,67,2017-03-08 06:29:10,4.375,27,2.454216187937687
MID39,SID39,67,2017-03-08 06:29:10,3.889,26,2.376471271095682
MID38,SID38,67,2017-03-08 06:29:10,3.403,29,2.456597091499636
MID37,SID37,67,2017-03-08 06:29:10,3.889,30,2.4163677701720188
MID36,SID36,67,2017-03-08 06:29:10,4.375,26,2.2007334444355107
MID35,SID35,67,2017-03-08 06:29:10,4.375,30,2.0111252598841536
MID34,SID34,67,2017-03-08 06:29:10,2.431,28,2.2454979477138055
MID33,SID33,67,2017-03-08 06:29:10,4.861,31,2.1903924639378567
MID32,SID32,67,2017-03-08 06:29:10,4.375,25,2.1426988852859097
MID31,SID31,67,2017-03-08 06:29:10,2.431,27,2.0095947628855995
MID30,SID30,67,2017-03-08 06:29:10,3.403,27,2.268136204676287
MID49,SID49,67,2017-03-08 06:29:10,3.403,25,2.1147747169013433
MID48,SID48,67,2017-03-08 06:29:10,4.375,34,2.213844793348965
MID47,SID47,67,2017-03-08 06:29:10,3.403,31,2.1851016042283526
MID46,SID46,67,2017-03-08 06:29:10,3.889,28,2.3796695887935306
MID45,SID45,67,2017-03-08 06:29:10,3.403,25,2.1275475259993333
MID44,SID44,67,2017-03-08 06:29:10,2.431,29,2.33042969355641
MID43,SID43,67,2017-03-08 06:29:10,2.917,31,2.3318162642902323
MID42,SID42,67,2017-03-08 06:29:10,4.375,29,2.2063964828185583
MID41,SID41,67,2017-03-08 06:29:10,4.375,27,2.170342798214562
MID40,SID40,67,2017-03-08 06:29:10,4.861,31,2.0782333817824883
MID19,SID19,67,2017-03-08 06:29:20,3.911,33,2.2251317589991295
MID18,SID18,67,2017-03-08 06:29:20,3.422,27,2.036767510095091
MID17,SID17,67,2017-03-08 06:29:20,3.911,34,2.437093287400238
MID16,SID16,67,2017-03-08 06:29:20,3.422,31,2.033423283922705
MID15,SID15,67,2017-03-08 06:29:20,2.444,28,2.370689772805736
MID14,SID14,67,2017-03-08 06:29:20,3.911,30,2.0961467285828492
MID13,SID13,67,2017-03-08 06:29:20,4.400,28,2.1779475256590866
MID12,SID12,67,2017-03-08 06:29:20,3.911,29,2.1456921846729595
MID11,SID11,67,2017-03-08 06:29:20,4.889,27,2.4292213670172425
MID99,SID99,67,2017-03-08 06:29:20,3.422,31,2.4721765751270253
MID10,SID10,67,2017-03-08 06:29:20,2.444,30,2.0650227449716656
MID98,SID98,67,2017-03-08 06:29:20,4.400,26,2.467965699532983
MID97,SID97,67,2017-03-08 06:29:20,2.444,31,2.3788318902830516
MID96,SID96,67,2017-03-08 06:29:20,4.400,26,2.3496770068616137
MID95,SID95,67,2017-03-08 06:29:20,4.889,31,2.255799582171502
MID94,SID94,67,2017-03-08 06:29:20,4.889,31,2.0563386063616775
MID93,SID93,67,2017-03-08 06:29:20,4.889,33,2.0700084798453937
MID92,SID92,67,2017-03-08 06:29:20,3.422,31,2.1116364191537818
MID91,SID91,67,2017-03-08 06:29:20,4.889,31,2.223099873507727
MID4,SID4,67,2017-03-08 06:29:20,2.444,31,2.4790796353299207
MID5,SID5,67,2017-03-08 06:29:20,3.911,27,2.3439003273991554
MID6,SID6,67,2017-03-08 06:29:20,2.933,33,2.428372319505352
MID7,SID7,67,2017-03-08 06:29:20,4.889,27,2.3889398095022343
MID1,SID1,67,2017-03-08 06:29:20,3.422,31,2.1588353492808654
MID2,SID2,67,2017-03-08 06:29:20,4.889,26,2.3109169328555113
MID3,SID3,67,2017-03-08 06:29:20,4.400,30,2.449224419488069
MID29,SID29,67,2017-03-08 06:29:20,4.400,25,2.4146789843911334
MID28,SID28,67,2017-03-08 06:29:20,3.422,31,2.0577651433579773
MID27,SID27,67,2017-03-08 06:29:20,2.933,31,2.285207551382533
MID26,SID26,67,2017-03-08 06:29:20,2.933,25,2.0892026957044734
MID8,SID8,67,2017-03-08 06:29:20,3.422,27,2.196881861422394
MID25,SID25,67,2017-03-08 06:29:20,2.444,26,2.3356730940123525
MID9,SID9,67,2017-03-08 06:29:20,3.911,28,2.112007112054185
MID24,SID24,67,2017-03-08 06:29:20,2.444,29,2.0269050440716505
MID23,SID23,67,2017-03-08 06:29:20,3.911,25,2.365962246876509
MID22,SID22,67,2017-03-08 06:29:20,3.422,26,2.1871834935790497
MID21,SID21,67,2017-03-08 06:29:20,2.933,33,2.4131164120214876
MID20,SID20,67,2017-03-08 06:29:20,3.422,29,2.006344418277128
MID100,SID100,67,2017-03-08 06:29:20,3.911,28,2.230899497236402
MID79,SID79,67,2017-03-08 06:29:20,2.444,26,2.2897103359279125
MID78,SID78,67,2017-03-08 06:29:20,3.911,31,2.437699686455962
MID77,SID77,67,2017-03-08 06:29:20,2.444,27,2.436030328499843
MID76,SID76,67,2017-03-08 06:29:20,2.933,30,2.4705027658047274
MID75,SID75,67,2017-03-08 06:29:20,3.422,34,2.399046421057703
MID74,SID74,67,2017-03-08 06:29:20,3.911,31,2.2404792697491973
MID73,SID73,67,2017-03-08 06:29:20,2.933,25,2.048822770627805
MID72,SID72,67,2017-03-08 06:29:20,4.889,30,2.038247990965221
MID71,SID71,67,2017-03-08 06:29:20,2.933,27,2.254908626280495
MID70,SID70,67,2017-03-08 06:29:20,2.933,32,2.1499278027863364
MID90,SID90,67,2017-03-08 06:29:20,3.911,30,2.1613309990079066
MID89,SID89,67,2017-03-08 06:29:20,4.889,33,2.063804793232791
MID88,SID88,67,2017-03-08 06:29:20,3.911,33,2.028757025518681
MID87,SID87,67,2017-03-08 06:29:20,4.400,30,2.413999102267724
MID86,SID86,67,2017-03-08 06:29:20,2.933,34,2.0122200526529808
MID85,SID85,67,2017-03-08 06:29:20,4.889,31,2.088507764311316
MID84,SID84,67,2017-03-08 06:29:20,2.933,34,2.4052948618521115
MID83,SID83,67,2017-03-08 06:29:20,2.933,26,2.2552578410712125
MID82,SID82,67,2017-03-08 06:29:20,4.400,26,2.172979877037348
MID81,SID81,67,2017-03-08 06:29:20,4.400,33,2.494957042007006
MID80,SID80,67,2017-03-08 06:29:20,4.400,34,2.0021217865564833
MID59,SID59,67,2017-03-08 06:29:20,2.933,31,2.011638669029641
MID58,SID58,67,2017-03-08 06:29:20,2.933,25,2.343326394259533
MID57,SID57,67,2017-03-08 06:29:20,4.889,33,2.219588894067248
MID56,SID56,67,2017-03-08 06:29:20,2.444,30,2.044585477072513
MID55,SID55,67,2017-03-08 06:29:20,3.911,29,2.021741545720702
MID54,SID54,67,2017-03-08 06:29:20,2.444,30,2.3785325664459114
MID53,SID53,67,2017-03-08 06:29:20,3.422,26,2.3577851386650783
MID52,SID52,67,2017-03-08 06:29:20,4.889,29,2.4282088228659653
MID51,SID51,67,2017-03-08 06:29:20,4.400,32,2.168124086728645
MID50,SID50,67,2017-03-08 06:29:20,2.444,31,2.318924410839552
MID69,SID69,67,2017-03-08 06:29:20,4.889,28,2.118539940180475
MID68,SID68,67,2017-03-08 06:29:20,3.422,29,2.457991978367179
MID67,SID67,67,2017-03-08 06:29:20,4.400,32,2.000959960299048
MID66,SID66,67,2017-03-08 06:29:20,2.933,25,2.4284187994057076
MID65,SID65,67,2017-03-08 06:29:20,4.400,28,2.496780190301976
MID64,SID64,67,2017-03-08 06:29:20,3.911,26,2.0986232755699774
MID63,SID63,67,2017-03-08 06:29:20,2.933,26,2.14346573410227
MID62,SID62,67,2017-03-08 06:29:20,4.889,28,2.057472699024526
MID61,SID61,67,2017-03-08 06:29:20,4.400,27,2.12143123397962
MID60,SID60,67,2017-03-08 06:29:20,4.400,29,2.3833087816501655
MID39,SID39,67,2017-03-08 06:29:20,3.911,34,2.027658990317919
MID38,SID38,67,2017-03-08 06:29:20,3.422,26,2.2376008065537336
MID37,SID37,67,2017-03-08 06:29:20,3.911,26,2.474007331602583
MID36,SID36,67,2017-03-08 06:29:20,4.400,29,2.1648933133656403
MID35,SID35,67,2017-03-08 06:29:20,4.400,33,2.189372763049291
MID34,SID34,67,2017-03-08 06:29:20,2.444,32,2.2884978370191935
MID33,SID33,67,2017-03-08 06:29:20,4.889,31,2.2624753562042095
MID32,SID32,67,2017-03-08 06:29:20,4.400,29,2.054207440256108
MID31,SID31,67,2017-03-08 06:29:20,2.444,28,2.213387560406898
MID30,SID30,67,2017-03-08 06:29:20,3.422,34,2.487519130702141
MID49,SID49,67,2017-03-08 06:29:20,3.422,26,2.466007408591909
MID48,SID48,67,2017-03-08 06:29:20,4.400,34,2.242244692327837
MID47,SID47,67,2017-03-08 06:29:20,3.422,25,2.0402692121253505
MID46,SID46,67,2017-03-08 06:29:20,3.911,29,2.2804697845200304
MID45,SID45,67,2017-03-08 06:29:20,3.422,26,2.26939200564528
MID44,SID44,67,2017-03-08 06:29:20,2.444,27,2.1182250600672816
MID43,SID43,67,2017-03-08 06:29:20,2.933,27,2.189521104084761
MID42,SID42,67,2017-03-08 06:29:20,4.400,33,2.3742762837982934
MID41,SID41,67,2017-03-08 06:29:20,4.400,34,2.482969526480857
MID40,SID40,67,2017-03-08 06:29:20,4.889,26,2.1639679364526545
MID19,SID19,67,2017-03-08 06:29:30,3.933,33,2.1601115952844094
MID18,SID18,67,2017-03-08 06:29:30,3.442,33,2.1472783308726036
MID17,SID17,67,2017-03-08 06:29:30,3.933,27,2.1869479691684526
MID16,SID16,67,2017-03-08 06:29:30,3.442,29,2.093211602014852
MID15,SID15,67,2017-03-08 06:29:30,2.458,27,2.4722670620883322
MID14,SID14,67,2017-03-08 06:29:30,3.933,30,2.0577726592193493
MID13,SID13,67,2017-03-08 06:29:30,4.425,32,2.2855254024865155
MID12,SID12,67,2017-03-08 06:29:30,3.933,34,2.49087685671553
MID11,SID11,67,2017-03-08 06:29:30,4.917,34,2.237341562996626
MID99,SID99,67,2017-03-08 06:29:30,3.442,30,2.2250104212895017
MID10,SID10,67,2017-03-08 06:29:30,2.458,30,2.2730761639182417
MID98,SID98,67,2017-03-08 06:29:30,4.425,34,2.142802557593436
MID97,SID97,67,2017-03-08 06:29:30,2.458,29,2.115749879176196
MID96,SID96,67,2017-03-08 06:29:30,4.425,31,2.307114248947927
MID95,SID95,67,2017-03-08 06:29:30,4.917,33,2.2600105345932393
MID94,SID94,67,2017-03-08 06:29:30,4.917,26,2.0134868936805965
MID93,SID93,67,2017-03-08 06:29:30,4.917,32,2.474850652404298
MID92,SID92,67,2017-03-08 06:29:30,3.442,26,2.169999336901619
MID91,SID91,67,2017-03-08 06:29:30,4.917,30,2.390243423879923
MID4,SID4,67,2017-03-08 06:29:30,2.458,31,2.004730035576439
MID5,SID5,67,2017-03-08 06:29:30,3.933,25,2.262766813051965
MID6,SID6,67,2017-03-08 06:29:30,2.950,25,2.323729084304939
MID7,SID7,67,2017-03-08 06:29:30,4.917,29,2.0804583039493174
MID1,SID1,67,2017-03-08 06:29:30,3.442,26,2.3102762287859653
MID2,SID2,67,2017-03-08 06:29:30,4.917,31,2.2757455722781126
MID3,SID3,67,2017-03-08 06:29:30,4.425,33,2.0670441085040223
MID29,SID29,67,2017-03-08 06:29:30,4.425,31,2.1965943215359904
MID28,SID28,67,2017-03-08 06:29:30,3.442,27,2.1143633762724585
MID27,SID27,67,2017-03-08 06:29:30,2.950,33,2.23933260313297
MID26,SID26,67,2017-03-08 06:29:30,2.950,26,2.393988778438259
MID8,SID8,67,2017-03-08 06:29:30,3.442,28,2.104904021796991
MID25,SID25,67,2017-03-08 06:29:30,2.458,27,2.2767783465779865
MID9,SID9,67,2017-03-08 06:29:30,3.933,30,2.2586381298425153
MID24,SID24,67,2017-03-08 06:29:30,2.458,28,2.3407074966798684
MID23,SID23,67,2017-03-08 06:29:30,3.933,29,2.1435736589883683
MID22,SID22,67,2017-03-08 06:29:30,3.442,31,2.4306822451420835
MID21,SID21,67,2017-03-08 06:29:30,2.950,34,2.4954399391710376
MID20,SID20,67,2017-03-08 06:29:30,3.442,32,2.086930742219489
MID100,SID100,67,2017-03-08 06:29:30,3.933,29,2.358280979840767
MID79,SID79,67,2017-03-08 06:29:30,2.458,32,2.404425018715717
MID78,SID78,67,2017-03-08 06:29:30,3.933,34,2.0514470106812572
MID77,SID77,67,2017-03-08 06:29:30,2.458,33,2.1350984239386284
MID76,SID76,67,2017-03-08 06:29:30,2.950,28,2.0474179716641383
MID75,SID75,67,2017-03-08 06:29:30,3.442,34,2.4205067773366253
MID74,SID74,67,2017-03-08 06:29:30,3.933,26,2.2737734666656526
MID73,SID73,67,2017-03-08 06:29:30,2.950,26,2.078024066309131
MID72,SID72,67,2017-03-08 06:29:30,4.917,33,2.366243774009745
MID71,SID71,67,2017-03-08 06:29:30,2.950,32,2.102620023056039
MID70,SID70,67,2017-03-08 06:29:30,2.950,29,2.132317030922289
MID90,SID90,67,2017-03-08 06:29:30,3.933,33,2.3312624293243367
MID89,SID89,67,2017-03-08 06:29:30,4.917,27,2.365144925285404
MID88,SID88,67,2017-03-08 06:29:30,3.933,30,2.274320992568505
MID87,SID87,67,2017-03-08 06:29:30,4.425,29,2.2574870770761586
MID86,SID86,67,2017-03-08 06:29:30,2.950,29,2.4187752903639366
MID85,SID85,67,2017-03-08 06:29:30,4.917,33,2.088963604869571
MID84,SID84,67,2017-03-08 06:29:30,2.950,31,2.200946107203974
MID83,SID83,67,2017-03-08 06:29:30,2.950,26,2.490666592153155
MID82,SID82,67,2017-03-08 06:29:30,4.425,28,2.151347336672943
MID81,SID81,67,2017-03-08 06:29:30,4.425,25,2.229649643333843
MID80,SID80,67,2017-03-08 06:29:30,4.425,32,2.025699308797168
MID59,SID59,67,2017-03-08 06:29:30,2.950,30,2.3110057333592002
MID58,SID58,67,2017-03-08 06:29:30,2.950,32,2.0818023568241464
MID57,SID57,67,2017-03-08 06:29:30,4.917,33,2.4312091873033244
MID56,SID56,67,2017-03-08 06:29:30,2.458,28,2.2980516874261614
MID55,SID55,67,2017-03-08 06:29:30,3.933,28,2.1387987965380093
MID54,SID54,67,2017-03-08 06:29:30,2.458,32,2.004301428912445
MID53,SID53,67,2017-03-08 06:29:30,3.442,26,2.438193603582175
MID52,SID52,67,2017-03-08 06:29:30,4.917,32,2.1940799333969436
MID51,SID51,67,2017-03-08 06:29:30,4.425,25,2.203344555782537
MID50,SID50,67,2017-03-08 06:29:30,2.458,34,2.2261368709058673
MID69,SID69,67,2017-03-08 06:29:30,4.917,25,2.288305426823375
MID68,SID68,67,2017-03-08 06:29:30,3.442,26,2.0823655442231566
MID67,SID67,67,2017-03-08 06:29:30,4.425,27,2.2809875123366723
MID66,SID66,67,2017-03-08 06:29:30,2.950,28,2.473588334231539
MID65,SID65,67,2017-03-08 06:29:30,4.425,27,2.2843750923119095
MID64,SID64,67,2017-03-08 06:29:30,3.933,31,2.1795399402734392
MID63,SID63,67,2017-03-08 06:29:30,2.950,25,2.123812946729212
MID62,SID62,67,2017-03-08 06:29:30,4.917,26,2.0689533888745735
MID61,SID61,67,2017-03-08 06:29:30,4.425,28,2.3607823692430725
MID60,SID60,67,2017-03-08 06:29:30,4.425,29,2.4272764945991665
MID39,SID39,67,2017-03-08 06:29:30,3.933,26,2.4705026416114833
MID38,SID38,67,2017-03-08 06:29:30,3.442,33,2.222959963567893
MID37,SID37,67,2017-03-08 06:29:30,3.933,32,2.491882640176403
MID36,SID36,67,2017-03-08 06:29:30,4.425,30,2.1515384113620133
MID35,SID35,67,2017-03-08 06:29:30,4.425,25,2.1345759117717273
MID34,SID34,67,2017-03-08 06:29:30,2.458,27,2.0940395839172954
MID33,SID33,67,2017-03-08 06:29:30,4.917,28,2.004490363674074
MID32,SID32,67,2017-03-08 06:29:30,4.425,32,2.312798862605022
MID31,SID31,67,2017-03-08 06:29:30,2.458,27,2.4615282845436
MID30,SID30,67,2017-03-08 06:29:30,3.442,34,2.1657016747372353
MID49,SID49,67,2017-03-08 06:29:30,3.442,30,2.256605583303342
MID48,SID48,67,2017-03-08 06:29:30,4.425,32,2.1022666270818253
MID47,SID47,67,2017-03-08 06:29:30,3.442,30,2.2644771424986465
MID46,SID46,67,2017-03-08 06:29:30,3.933,29,2.426057723898445
MID45,SID45,67,2017-03-08 06:29:30,3.442,27,2.3236806061046296
MID44,SID44,67,2017-03-08 06:29:30,2.458,27,2.4207910714289937
MID43,SID43,67,2017-03-08 06:29:30,2.950,28,2.406728049912339
MID42,SID42,67,2017-03-08 06:29:30,4.425,30,2.3700950571098454
MID41,SID41,67,2017-03-08 06:29:30,4.425,26,2.190418447654952
MID40,SID40,67,2017-03-08 06:29:30,4.917,34,2.340669723335542
MID19,SID19,67,2017-03-08 06:29:40,3.956,32,2.37078465759402
MID18,SID18,67,2017-03-08 06:29:40,3.461,27,2.0675345042438877
MID17,SID17,67,2017-03-08 06:29:40,3.956,33,2.0842507578226055
MID16,SID16,67,2017-03-08 06:29:40,3.461,27,2.2190788051666352
MID15,SID15,67,2017-03-08 06:29:40,2.472,34,2.186084154474828
MID14,SID14,67,2017-03-08 06:29:40,3.956,32,2.1054553849346296
MID13,SID13,67,2017-03-08 06:29:40,4.450,26,2.3705836503105306
MID12,SID12,67,2017-03-08 06:29:40,3.956,25,2.1793330458644156
MID11,SID11,67,2017-03-08 06:29:40,4.944,31,2.378059760929495
MID99,SID99,67,2017-03-08 06:29:40,3.461,26,2.394820073646092
MID10,SID10,67,2017-03-08 06:29:40,2.472,30,2.1167104762446987
MID98,SID98,67,2017-03-08 06:29:40,4.450,32,2.082994631793456
MID97,SID97,67,2017-03-08 06:29:40,2.472,34,2.2684926408717243
MID96,SID96,67,2017-03-08 06:29:40,4.450,33,2.010072551608743
MID95,SID95,67,2017-03-08 06:29:40,4.944,25,2.4961654706047964
MID94,SID94,67,2017-03-08 06:29:40,4.944,25,2.156312074014889
MID93,SID93,67,2017-03-08 06:29:40,4.944,28,2.3108437042741636
MID92,SID92,67,2017-03-08 06:29:40,3.461,30,2.0234267670037895
MID91,SID91,67,2017-03-08 06:29:40,4.944,27,2.382611853138332
MID4,SID4,67,2017-03-08 06:29:40,2.472,28,2.15092931857361
MID5,SID5,67,2017-03-08 06:29:40,3.956,32,2.4873028985145105
MID6,SID6,67,2017-03-08 06:29:40,2.967,26,2.157861935141078
MID7,SID7,67,2017-03-08 06:29:40,4.944,25,2.2254872301357236
MID1,SID1,67,2017-03-08 06:29:40,3.461,28,2.4903586783967406
MID2,SID2,67,2017-03-08 06:29:40,4.944,34,2.1787057629460733
MID3,SID3,67,2017-03-08 06:29:40,4.450,28,2.3803273236904836
MID29,SID29,67,2017-03-08 06:29:40,4.450,33,2.3314578674599145
MID28,SID28,67,2017-03-08 06:29:40,3.461,34,2.3642475043594784
MID27,SID27,67,2017-03-08 06:29:40,2.967,33,2.4230884213896013
MID26,SID26,67,2017-03-08 06:29:40,2.967,34,2.1715813304125406
MID8,SID8,67,2017-03-08 06:29:40,3.461,33,2.200647069106408
MID25,SID25,67,2017-03-08 06:29:40,2.472,34,2.256099830446421
MID9,SID9,67,2017-03-08 06:29:40,3.956,29,2.0764592258810053
MID24,SID24,67,2017-03-08 06:29:40,2.472,30,2.143963223465051
MID23,SID23,67,2017-03-08 06:29:40,3.956,28,2.0998200336470636
MID22,SID22,67,2017-03-08 06:29:40,3.461,33,2.1636750901588457
MID21,SID21,67,2017-03-08 06:29:40,2.967,27,2.161047284310796
MID20,SID20,67,2017-03-08 06:29:40,3.461,27,2.479055063887729
MID100,SID100,67,2017-03-08 06:29:40,3.956,28,2.164359982251993
MID79,SID79,67,2017-03-08 06:29:40,2.472,31,2.3420347196269224
MID78,SID78,67,2017-03-08 06:29:40,3.956,30,2.2360542999739508
MID77,SID77,67,2017-03-08 06:29:40,2.472,31,2.0704505429404056
MID76,SID76,67,2017-03-08 06:29:40,2.967,31,2.4104268635509616
MID75,SID75,67,2017-03-08 06:29:40,3.461,33,2.475512590938587
MID74,SID74,67,2017-03-08 06:29:40,3.956,32,2.3647325338576115
MID73,SID73,67,2017-03-08 06:29:40,2.967,25,2.3851336745145155
MID72,SID72,67,2017-03-08 06:29:40,4.944,29,2.4821201831695445
MID71,SID71,67,2017-03-08 06:29:40,2.967,30,2.0872924621677695
MID70,SID70,67,2017-03-08 06:29:40,2.967,32,2.1218927301639905
MID90,SID90,67,2017-03-08 06:29:40,3.956,34,2.25573737047021
MID89,SID89,67,2017-03-08 06:29:40,4.944,30,2.413490386950756
MID88,SID88,67,2017-03-08 06:29:40,3.956,25,2.2747875941206854
MID87,SID87,67,2017-03-08 06:29:40,4.450,29,2.185725968319554
MID86,SID86,67,2017-03-08 06:29:40,2.967,33,2.491320712625861
MID85,SID85,67,2017-03-08 06:29:40,4.944,33,2.1963768137957858
MID84,SID84,67,2017-03-08 06:29:40,2.967,26,2.391218626031623
MID83,SID83,67,2017-03-08 06:29:40,2.967,34,2.204186323772554
MID82,SID82,67,2017-03-08 06:29:40,4.450,28,2.3928329205011303
MID81,SID81,67,2017-03-08 06:29:40,4.450,34,2.1528300566715997
MID80,SID80,67,2017-03-08 06:29:40,4.450,28,2.3629819380389736
MID59,SID59,67,2017-03-08 06:29:40,2.967,29,2.234805190297605
MID58,SID58,67,2017-03-08 06:29:40,2.967,30,2.193026817337891
MID57,SID57,67,2017-03-08 06:29:40,4.944,28,2.1687154012834413
MID56,SID56,67,2017-03-08 06:29:40,2.472,32,2.2545208606862905
MID55,SID55,67,2017-03-08 06:29:40,3.956,33,2.16606397521065
MID54,SID54,67,2017-03-08 06:29:40,2.472,28,2.343726614953263
MID53,SID53,67,2017-03-08 06:29:40,3.461,33,2.0022491834346066
MID52,SID52,67,2017-03-08 06:29:40,4.944,33,2.4740121937051316
MID51,SID51,67,2017-03-08 06:29:40,4.450,32,2.4528654974745674
MID50,SID50,67,2017-03-08 06:29:40,2.472,30,2.0041379954275005
MID69,SID69,67,2017-03-08 06:29:40,4.944,34,2.4313233642703094
MID68,SID68,67,2017-03-08 06:29:40,3.461,33,2.3497751444567436
MID67,SID67,67,2017-03-08 06:29:40,4.450,32,2.469964048912314
MID66,SID66,67,2017-03-08 06:29:40,2.967,31,2.0549234896713546
MID65,SID65,67,2017-03-08 06:29:40,4.450,34,2.1400656141174412
MID64,SID64,67,2017-03-08 06:29:40,3.956,27,2.339684847650369
MID63,SID63,67,2017-03-08 06:29:40,2.967,34,2.0087994556016895
MID62,SID62,67,2017-03-08 06:29:40,4.944,33,2.4748378413477723
MID61,SID61,67,2017-03-08 06:29:40,4.450,31,2.017829468842633
MID60,SID60,67,2017-03-08 06:29:40,4.450,33,2.373900959800053
MID39,SID39,67,2017-03-08 06:29:40,3.956,33,2.2012877590008575
MID38,SID38,67,2017-03-08 06:29:40,3.461,26,2.1136114389033516
MID37,SID37,67,2017-03-08 06:29:40,3.956,29,2.397192958191547
MID36,SID36,67,2017-03-08 06:29:40,4.450,29,2.213255229307713
MID35,SID35,67,2017-03-08 06:29:40,4.450,30,2.3993581814256406
MID34,SID34,67,2017-03-08 06:29:40,2.472,32,2.3164786245847515
MID33,SID33,67,2017-03-08 06:29:40,4.944,33,2.3440397087809677
MID32,SID32,67,2017-03-08 06:29:40,4.450,28,2.3355889613136704
MID31,SID31,67,2017-03-08 06:29:40,2.472,30,2.130781092451225
MID30,SID30,67,2017-03-08 06:29:40,3.461,29,2.207275867554345
MID49,SID49,67,2017-03-08 06:29:40,3.461,28,2.473614377032552
MID48,SID48,67,2017-03-08 06:29:40,4.450,34,2.180201057523689
MID47,SID47,67,2017-03-08 06:29:40,3.461,26,2.386115175430086
MID46,SID46,67,2017-03-08 06:29:40,3.956,34,2.099161503830069
MID45,SID45,67,2017-03-08 06:29:40,3.461,25,2.085364118577516
MID44,SID44,67,2017-03-08 06:29:40,2.472,32,2.0192706919062244
MID43,SID43,67,2017-03-08 06:29:40,2.967,32,2.3513943279232734
MID42,SID42,67,2017-03-08 06:29:40,4.450,30,2.2889140962929244
MID41,SID41,67,2017-03-08 06:29:40,4.450,29,2.3139036831198134
MID40,SID40,67,2017-03-08 06:29:40,4.944,26,2.3853716807650764
MID19,SID19,67,2017-03-08 06:29:50,3.978,28,2.1591390261159535
MID18,SID18,67,2017-03-08 06:29:50,3.481,31,2.1387204152802113
MID17,SID17,67,2017-03-08 06:29:50,3.978,26,2.455084854441856
MID16,SID16,67,2017-03-08 06:29:50,3.481,28,2.3215364939691456
MID15,SID15,67,2017-03-08 06:29:50,2.486,28,2.219848689368964
MID14,SID14,67,2017-03-08 06:29:50,3.978,28,2.089339237337199
MID13,SID13,67,2017-03-08 06:29:50,4.475,29,2.077310693919094
MID12,SID12,67,2017-03-08 06:29:50,3.978,32,2.0134636456107513
MID11,SID11,67,2017-03-08 06:29:50,4.972,29,2.0219227556867496
MID99,SID99,67,2017-03-08 06:29:50,3.481,34,2.0788800301425403
MID10,SID10,67,2017-03-08 06:29:50,2.486,30,2.214662131825923
MID98,SID98,67,2017-03-08 06:29:50,4.475,28,2.0032566345098726
MID97,SID97,67,2017-03-08 06:29:50,2.486,31,2.4200141564270976
MID96,SID96,67,2017-03-08 06:29:50,4.475,34,2.0193683676474095
MID95,SID95,67,2017-03-08 06:29:50,4.972,33,2.0663144916983733
MID94,SID94,67,2017-03-08 06:29:50,4.972,27,2.371330577097871
MID93,SID93,67,2017-03-08 06:29:50,4.972,25,2.38776547286372
MID92,SID92,67,2017-03-08 06:29:50,3.481,25,2.442373297781563
MID91,SID91,67,2017-03-08 06:29:50,4.972,33,2.249674053225201
MID4,SID4,67,2017-03-08 06:29:50,2.486,30,2.4848148067949203
MID5,SID5,67,2017-03-08 06:29:50,3.978,34,2.213956019756254
MID6,SID6,67,2017-03-08 06:29:50,2.983,28,2.1845623242915955
MID7,SID7,67,2017-03-08 06:29:50,4.972,27,2.0567797177870086
MID1,SID1,67,2017-03-08 06:29:50,3.481,27,2.4204341635830864
MID2,SID2,67,2017-03-08 06:29:50,4.972,30,2.0020510856549474
MID3,SID3,67,2017-03-08 06:29:50,4.475,30,2.435652029238565
MID29,SID29,67,2017-03-08 06:29:50,4.475,32,2.149663718152871
MID28,SID28,67,2017-03-08 06:29:50,3.481,32,2.30439144679816
MID27,SID27,67,2017-03-08 06:29:50,2.983,26,2.4449770825571346
MID26,SID26,67,2017-03-08 06:29:50,2.983,29,2.2272842641964377
MID8,SID8,67,2017-03-08 06:29:50,3.481,34,2.0484177673350867
MID25,SID25,67,2017-03-08 06:29:50,2.486,32,2.1873247102597526
MID9,SID9,67,2017-03-08 06:29:50,3.978,30,2.3640398021742564
MID24,SID24,67,2017-03-08 06:29:50,2.486,25,2.4864053719666157
MID23,SID23,67,2017-03-08 06:29:50,3.978,34,2.074546551061493
MID22,SID22,67,2017-03-08 06:29:50,3.481,32,2.258524221836877
MID21,SID21,67,2017-03-08 06:29:50,2.983,25,2.080048660509156
MID20,SID20,67,2017-03-08 06:29:50,3.481,34,2.1517610710714234
MID100,SID100,67,2017-03-08 06:29:50,3.978,31,2.0226056661191203
MID79,SID79,67,2017-03-08 06:29:50,2.486,29,2.0725459257319985
MID78,SID78,67,2017-03-08 06:29:50,3.978,33,2.3498472422843686
MID77,SID77,67,2017-03-08 06:29:50,2.486,27,2.15648403097091
MID76,SID76,67,2017-03-08 06:29:50,2.983,30,2.0867610716882377
MID75,SID75,67,2017-03-08 06:29:50,3.481,34,2.1240179889731294
MID74,SID74,67,2017-03-08 06:29:50,3.978,33,2.382385428750327
MID73,SID73,67,2017-03-08 06:29:50,2.983,32,2.2341735565384555
MID72,SID72,67,2017-03-08 06:29:50,4.972,25,2.3520395365003806
MID71,SID71,67,2017-03-08 06:29:50,2.983,28,2.058834120126427
MID70,SID70,67,2017-03-08 06:29:50,2.983,28,2.0591778792892166
MID90,SID90,67,2017-03-08 06:29:50,3.978,30,2.486525840330637
MID89,SID89,67,2017-03-08 06:29:50,4.972,27,2.134106672063632
MID88,SID88,67,2017-03-08 06:29:50,3.978,26,2.1016746006863305
MID87,SID87,67,2017-03-08 06:29:50,4.475,32,2.179785361914696
MID86,SID86,67,2017-03-08 06:29:50,2.983,29,2.036280056833649
MID85,SID85,67,2017-03-08 06:29:50,4.972,25,2.1823378556264323
MID84,SID84,67,2017-03-08 06:29:50,2.983,30,2.33835672794496
MID83,SID83,67,2017-03-08 06:29:50,2.983,34,2.487949320011901
MID82,SID82,67,2017-03-08 06:29:50,4.475,29,2.0431427894197247
MID81,SID81,67,2017-03-08 06:29:50,4.475,34,2.464003713298748
MID80,SID80,67,2017-03-08 06:29:50,4.475,30,2.305238124375767
MID59,SID59,67,2017-03-08 06:29:50,2.983,27,2.0184261878885352
MID58,SID58,67,2017-03-08 06:29:50,2.983,33,2.326220298812176
MID57,SID57,67,2017-03-08 06:29:50,4.972,31,2.464414423523231
MID56,SID56,67,2017-03-08 06:29:50,2.486,32,2.144104311411899
MID55,SID55,67,2017-03-08 06:29:50,3.978,30,2.3989534744730565
MID54,SID54,67,2017-03-08 06:29:50,2.486,29,2.2964029825209824
MID53,SID53,67,2017-03-08 06:29:50,3.481,30,2.248796794653831
MID52,SID52,67,2017-03-08 06:29:50,4.972,32,2.4291162624859384
MID51,SID51,67,2017-03-08 06:29:50,4.475,29,2.2883910699899204
MID50,SID50,67,2017-03-08 06:29:50,2.486,29,2.0245304323584787
MID69,SID69,67,2017-03-08 06:29:50,4.972,26,2.4113013099572664
MID68,SID68,67,2017-03-08 06:29:50,3.481,31,2.3748666481035516
MID67,SID67,67,2017-03-08 06:29:50,4.475,30,2.0125751873939985
MID66,SID66,67,2017-03-08 06:29:50,2.983,34,2.2932413470011057
MID65,SID65,67,2017-03-08 06:29:50,4.475,26,2.288670155230741
MID64,SID64,67,2017-03-08 06:29:50,3.978,26,2.349629565388371
MID63,SID63,67,2017-03-08 06:29:50,2.983,26,2.1934346316611038
MID62,SID62,67,2017-03-08 06:29:50,4.972,26,2.206408180490986
MID61,SID61,67,2017-03-08 06:29:50,4.475,30,2.2665972689139156
MID60,SID60,67,2017-03-08 06:29:50,4.475,33,2.2457789387123865
MID39,SID39,67,2017-03-08 06:29:50,3.978,28,2.188600568999475
MID38,SID38,67,2017-03-08 06:29:50,3.481,29,2.457776594328433
MID37,SID37,67,2017-03-08 06:29:50,3.978,28,2.128416101508574
MID36,SID36,67,2017-03-08 06:29:50,4.475,30,2.0656916609481364
MID35,SID35,67,2017-03-08 06:29:50,4.475,33,2.4637333655120583
MID34,SID34,67,2017-03-08 06:29:50,2.486,27,2.4499710168333766
MID33,SID33,67,2017-03-08 06:29:50,4.972,31,2.3075147734624153
MID32,SID32,67,2017-03-08 06:29:50,4.475,25,2.2156929762285906
MID31,SID31,67,2017-03-08 06:29:50,2.486,27,2.316483159983552
MID30,SID30,67,2017-03-08 06:29:50,3.481,33,2.097044124607652
MID49,SID49,67,2017-03-08 06:29:50,3.481,33,2.169806460640645
MID48,SID48,67,2017-03-08 06:29:50,4.475,28,2.335546474726514
MID47,SID47,67,2017-03-08 06:29:50,3.481,31,2.2630223911035863
MID46,SID46,67,2017-03-08 06:29:50,3.978,31,2.3070462076476645
MID45,SID45,67,2017-03-08 06:29:50,3.481,31,2.1629526030561523
MID44,SID44,67,2017-03-08 06:29:50,2.486,29,2.483556302896584
MID43,SID43,67,2017-03-08 06:29:50,2.983,32,2.374729969104437
MID42,SID42,67,2017-03-08 06:29:50,4.475,26,2.1650945473162313
MID41,SID41,67,2017-03-08 06:29:50,4.475,29,2.4628449721247065
MID40,SID40,67,2017-03-08 06:29:50,4.972,34,2.1666103191505908
MID19,SID19,67,2017-03-08 06:30:00,4.000,33,2.2915888980794796
MID18,SID18,67,2017-03-08 06:30:00,3.500,25,2.065194898684308
MID17,SID17,67,2017-03-08 06:30:00,4.000,30,2.038905902820867
MID16,SID16,67,2017-03-08 06:30:00,3.500,28,2.142003713107435
MID15,SID15,67,2017-03-08 06:30:00,2.500,33,2.1198490197865785
MID14,SID14,67,2017-03-08 06:30:00,4.000,30,2.0627017992505157
MID13,SID13,67,2017-03-08 06:30:00,4.500,28,2.146641617861126
MID12,SID12,67,2017-03-08 06:30:00,4.000,32,2.0412389539879006
MID11,SID11,67,2017-03-08 06:30:00,5.000,30,2.0995520355308033
MID99,SID99,67,2017-03-08 06:30:00,3.500,33,2.3078917801422794
MID10,SID10,67,2017-03-08 06:30:00,2.500,29,2.263746850149875
MID98,SID98,67,2017-03-08 06:30:00,4.500,31,2.4962429843889624
MID97,SID97,67,2017-03-08 06:30:00,2.500,28,2.170264355244698
MID96,SID96,67,2017-03-08 06:30:00,4.500,31,2.052616364491664
MID95,SID95,67,2017-03-08 06:30:00,5.000,28,2.0602695533373234
MID94,SID94,67,2017-03-08 06:30:00,5.000,26,2.394264118194739
MID93,SID93,67,2017-03-08 06:30:00,5.000,34,2.1131150248187076
MID92,SID92,67,2017-03-08 06:30:00,3.500,28,2.181307957007828
MID91,SID91,67,2017-03-08 06:30:00,5.000,31,2.0397574835932297
MID4,SID4,67,2017-03-08 06:30:00,2.500,34,2.4716572425981442
MID5,SID5,67,2017-03-08 06:30:00,4.000,25,2.4779958761582157
MID6,SID6,67,2017-03-08 06:30:00,3.000,30,2.1258694687483426
MID7,SID7,67,2017-03-08 06:30:00,5.000,34,2.4127517416176514
MID1,SID1,67,2017-03-08 06:30:00,3.500,28,2.1665702590602107
MID2,SID2,67,2017-03-08 06:30:00,5.000,32,2.3857742970833695
MID3,SID3,67,2017-03-08 06:30:00,4.500,27,2.4774693359938347
MID29,SID29,67,2017-03-08 06:30:00,4.500,29,2.140149914701405
MID28,SID28,67,2017-03-08 06:30:00,3.500,26,2.163163923768281
MID27,SID27,67,2017-03-08 06:30:00,3.000,28,2.2464617506153934
MID26,SID26,67,2017-03-08 06:30:00,3.000,27,2.3515844882936507
MID8,SID8,67,2017-03-08 06:30:00,3.500,32,2.2631801925729773
MID25,SID25,67,2017-03-08 06:30:00,2.500,31,2.4385327604083447
MID9,SID9,67,2017-03-08 06:30:00,4.000,31,2.4758967478680995
MID24,SID24,67,2017-03-08 06:30:00,2.500,29,2.494666015182709
MID23,SID23,67,2017-03-08 06:30:00,4.000,27,2.307195368696223
MID22,SID22,67,2017-03-08 06:30:00,3.500,26,2.2471378674515696
MID21,SID21,67,2017-03-08 06:30:00,3.000,31,2.299854455052208
MID20,SID20,67,2017-03-08 06:30:00,3.500,33,2.4858464291769
MID100,SID100,67,2017-03-08 06:30:00,4.000,25,2.4556382661810736
MID79,SID79,67,2017-03-08 06:30:00,2.500,32,2.1421230035391967
MID78,SID78,67,2017-03-08 06:30:00,4.000,29,2.3885777440254006
MID77,SID77,67,2017-03-08 06:30:00,2.500,30,2.4412684861883247
MID76,SID76,67,2017-03-08 06:30:00,3.000,28,2.082716888691521
MID75,SID75,67,2017-03-08 06:30:00,3.500,26,2.2064570904455305
MID74,SID74,67,2017-03-08 06:30:00,4.000,34,2.1768659202638783
MID73,SID73,67,2017-03-08 06:30:00,3.000,28,2.3130781016345736
MID72,SID72,67,2017-03-08 06:30:00,5.000,31,2.0295197927383617
MID71,SID71,67,2017-03-08 06:30:00,3.000,32,2.0822443449274015
MID70,SID70,67,2017-03-08 06:30:00,3.000,30,2.0204565443658824
MID90,SID90,67,2017-03-08 06:30:00,4.000,30,2.3620318502528583
MID89,SID89,67,2017-03-08 06:30:00,5.000,25,2.2458557205542955
MID88,SID88,67,2017-03-08 06:30:00,4.000,30,2.007360070707204
MID87,SID87,67,2017-03-08 06:30:00,4.500,34,2.3488155136672537
MID86,SID86,67,2017-03-08 06:30:00,3.000,28,2.477686365275706
MID85,SID85,67,2017-03-08 06:30:00,5.000,28,2.1016091160040475
MID84,SID84,67,2017-03-08 06:30:00,3.000,33,2.021980502809491
MID83,SID83,67,2017-03-08 06:30:00,3.000,28,2.1448114975435946
MID82,SID82,67,2017-03-08 06:30:00,4.500,28,2.0994808193181624
MID81,SID81,67,2017-03-08 06:30:00,4.500,32,2.0120697052273866
MID80,SID80,67,2017-03-08 06:30:00,4.500,27,2.4544535221089903
MID59,SID59,67,2017-03-08 06:30:00,3.000,27,2.189281533352926
MID58,SID58,67,2017-03-08 06:30:00,3.000,30,2.263722267790521
MID57,SID57,67,2017-03-08 06:30:00,5.000,25,2.0314931164013488
MID56,SID56,67,2017-03-08 06:30:00,2.500,27,2.221181734736814
MID55,SID55,67,2017-03-08 06:30:00,4.000,34,2.29049781936268
MID54,SID54,67,2017-03-08 06:30:00,2.500,28,2.036528069717382
MID53,SID53,67,2017-03-08 06:30:00,3.500,34,2.475234582334868
MID52,SID52,67,2017-03-08 06:30:00,5.000,31,2.0017399125911655
MID51,SID51,67,2017-03-08 06:30:00,4.500,25,2.076542773044151
MID50,SID50,67,2017-03-08 06:30:00,2.500,25,2.4626675970020546
MID69,SID69,67,2017-03-08 06:30:00,5.000,25,2.3197953015020096
MID68,SID68,67,2017-03-08 06:30:00,3.500,26,2.4716141790457353
MID67,SID67,67,2017-03-08 06:30:00,4.500,31,2.3437108859674747
MID66,SID66,67,2017-03-08 06:30:00,3.000,25,2.1405122570387736
MID65,SID65,67,2017-03-08 06:30:00,4.500,29,2.4704734069826206
MID64,SID64,67,2017-03-08 06:30:00,4.000,30,2.283272354817524
MID63,SID63,67,2017-03-08 06:30:00,3.000,25,2.260599260346508
MID62,SID62,67,2017-03-08 06:30:00,5.000,25,2.0963918944541717
MID61,SID61,67,2017-03-08 06:30:00,4.500,31,2.4864724220960053
MID60,SID60,67,2017-03-08 06:30:00,4.500,34,2.0256363679913743
MID39,SID39,67,2017-03-08 06:30:00,4.000,30,2.4383027444993255
MID38,SID38,67,2017-03-08 06:30:00,3.500,29,2.141542767149115
MID37,SID37,67,2017-03-08 06:30:00,4.000,29,2.1512844777012288
MID36,SID36,67,2017-03-08 06:30:00,4.500,32,2.491636774150574
MID35,SID35,67,2017-03-08 06:30:00,4.500,32,2.485676028778733
MID34,SID34,67,2017-03-08 06:30:00,2.500,32,2.350332968878314
MID33,SID33,67,2017-03-08 06:30:00,5.000,25,2.225108379765234
MID32,SID32,67,2017-03-08 06:30:00,4.500,30,2.1320283654710783
MID31,SID31,67,2017-03-08 06:30:00,2.500,25,2.271584537327158
MID30,SID30,67,2017-03-08 06:30:00,3.500,33,2.237172690785871
MID49,SID49,67,2017-03-08 06:30:00,3.500,29,2.283614406132577
MID48,SID48,67,2017-03-08 06:30:00,4.500,31,2.3217058614122785
MID47,SID47,67,2017-03-08 06:30:00,3.500,26,2.274436886714261
MID46,SID46,67,2017-03-08 06:30:00,4.000,29,2.0350837317440127
MID45,SID45,67,2017-03-08 06:30:00,3.500,28,2.4209423756902293
MID44,SID44,67,2017-03-08 06:30:00,2.500,28,2.31623306163777
MID43,SID43,67,2017-03-08 06:30:00,3.000,28,2.2387028198445096
MID42,SID42,67,2017-03-08 06:30:00,4.500,25,2.006908899433804
MID41,SID41,67,2017-03-08 06:30:00,4.500,26,2.3643850763569474
MID40,SID40,67,2017-03-08 06:30:00,5.000,27,2.262336817853728
MID19,SID19,67,2017-03-08 06:30:10,4.022,29,2.342540174316943
MID18,SID18,67,2017-03-08 06:30:10,3.519,28,2.255654961844766
MID17,SID17,67,2017-03-08 06:30:10,4.022,33,2.240890075069176
MID16,SID16,67,2017-03-08 06:30:10,3.519,33,2.4519777463335046
MID15,SID15,67,2017-03-08 06:30:10,2.514,30,2.0241339191130696
MID14,SID14,67,2017-03-08 06:30:10,4.022,29,2.2999441436209103
MID13,SID13,67,2017-03-08 06:30:10,4.525,34,2.255673470267863
MID12,SID12,67,2017-03-08 06:30:10,4.022,26,2.2936877466301926
MID11,SID11,67,2017-03-08 06:30:10,5.028,27,2.4476627203086503
MID99,SID99,67,2017-03-08 06:30:10,3.519,29,2.3458011622479957
MID10,SID10,67,2017-03-08 06:30:10,2.514,28,2.421784277529532
MID98,SID98,67,2017-03-08 06:30:10,4.525,34,2.3126766077191636
MID97,SID97,67,2017-03-08 06:30:10,2.514,32,2.225938973204031
MID96,SID96,67,2017-03-08 06:30:10,4.525,29,2.499756975540528
MID95,SID95,67,2017-03-08 06:30:10,5.028,27,2.3332406812447797
MID94,SID94,67,2017-03-08 06:30:10,5.028,29,2.1952313732272954
MID93,SID93,67,2017-03-08 06:30:10,5.028,29,2.066001234922995
MID92,SID92,67,2017-03-08 06:30:10,3.519,32,2.1671152363980917
MID91,SID91,67,2017-03-08 06:30:10,5.028,29,2.1157717068557798
MID4,SID4,67,2017-03-08 06:30:10,2.514,30,2.3234039114650487
MID5,SID5,67,2017-03-08 06:30:10,4.022,30,2.374307902576533
MID6,SID6,67,2017-03-08 06:30:10,3.017,32,2.39205463990188
MID7,SID7,67,2017-03-08 06:30:10,5.028,28,2.13256928485901
MID1,SID1,67,2017-03-08 06:30:10,3.519,33,2.2599180410719995
MID2,SID2,67,2017-03-08 06:30:10,5.028,27,2.2726193951581766
MID3,SID3,67,2017-03-08 06:30:10,4.525,28,2.2540128594813957
MID29,SID29,67,2017-03-08 06:30:10,4.525,28,2.421018675769081
MID28,SID28,67,2017-03-08 06:30:10,3.519,34,2.3545226200644818
MID27,SID27,67,2017-03-08 06:30:10,3.017,27,2.3465973229782633
MID26,SID26,67,2017-03-08 06:30:10,3.017,32,2.337963526171464
MID8,SID8,67,2017-03-08 06:30:10,3.519,33,2.394697521588086
MID25,SID25,67,2017-03-08 06:30:10,2.514,27,2.181120586493723
MID9,SID9,67,2017-03-08 06:30:10,4.022,29,2.049503377916742
MID24,SID24,67,2017-03-08 06:30:10,2.514,28,2.4124831978526298
MID23,SID23,67,2017-03-08 06:30:10,4.022,27,2.097837128764464
MID22,SID22,67,2017-03-08 06:30:10,3.519,26,2.0461676692291526
MID21,SID21,67,2017-03-08 06:30:10,3.017,33,2.4998693608581046
MID20,SID20,67,2017-03-08 06:30:10,3.519,26,2.2186339508331865
MID100,SID100,67,2017-03-08 06:30:10,4.022,31,2.123446652214556
MID79,SID79,67,2017-03-08 06:30:10,2.514,34,2.38973604735862
MID78,SID78,67,2017-03-08 06:30:10,4.022,31,2.2940221792642066
MID77,SID77,67,2017-03-08 06:30:10,2.514,27,2.4314567110252265
MID76,SID76,67,2017-03-08 06:30:10,3.017,29,2.0733516972761254
MID75,SID75,67,2017-03-08 06:30:10,3.519,33,2.330565645011914
MID74,SID74,67,2017-03-08 06:30:10,4.022,26,2.273227338505493
MID73,SID73,67,2017-03-08 06:30:10,3.017,31,2.0277097476165045
MID72,SID72,67,2017-03-08 06:30:10,5.028,34,2.3672555154490853
MID71,SID71,67,2017-03-08 06:30:10,3.017,30,2.0003777152345306
MID70,SID70,67,2017-03-08 06:30:10,3.017,29,2.2853273125599256
MID90,SID90,67,2017-03-08 06:30:10,4.022,31,2.338241493175595
MID89,SID89,67,2017-03-08 06:30:10,5.028,33,2.469261065639278
MID88,SID88,67,2017-03-08 06:30:10,4.022,26,2.0782883277027255
MID87,SID87,67,2017-03-08 06:30:10,4.525,32,2.076573036284439
MID86,SID86,67,2017-03-08 06:30:10,3.017,26,2.125829955739329
MID85,SID85,67,2017-03-08 06:30:10,5.028,27,2.0425399128148003
MID84,SID84,67,2017-03-08 06:30:10,3.017,29,2.3448155339563996
MID83,SID83,67,2017-03-08 06:30:10,3.017,29,2.000459208531808
MID82,SID82,67,2017-03-08 06:30:10,4.525,25,2.0844110076585762
MID81,SID81,67,2017-03-08 06:30:10,4.525,33,2.4801680210626493
MID80,SID80,67,2017-03-08 06:30:10,4.525,28,2.4923357504839596
MID59,SID59,67,2017-03-08 06:30:10,3.017,33,2.3611367640700323
MID58,SID58,67,2017-03-08 06:30:10,3.017,25,2.1894395774093565
MID57,SID57,67,2017-03-08 06:30:10,5.028,25,2.077707631794347
MID56,SID56,67,2017-03-08 06:30:10,2.514,34,2.4264024396104733
MID55,SID55,67,2017-03-08 06:30:10,4.022,28,2.2458460849763253
MID54,SID54,67,2017-03-08 06:30:10,2.514,34,2.2825929664518165
MID53,SID53,67,2017-03-08 06:30:10,3.519,34,2.465557477491857
MID52,SID52,67,2017-03-08 06:30:10,5.028,25,2.441353622903843
MID51,SID51,67,2017-03-08 06:30:10,4.525,33,2.495211164424789
MID50,SID50,67,2017-03-08 06:30:10,2.514,32,2.0491558800233003
MID69,SID69,67,2017-03-08 06:30:10,5.028,27,2.2991974821304906
MID68,SID68,67,2017-03-08 06:30:10,3.519,33,2.379483210649349
MID67,SID67,67,2017-03-08 06:30:10,4.525,25,2.0271456478029837
MID66,SID66,67,2017-03-08 06:30:10,3.017,27,2.325644045503096
MID65,SID65,67,2017-03-08 06:30:10,4.525,29,2.109824335633477
MID64,SID64,67,2017-03-08 06:30:10,4.022,32,2.162828248080831
MID63,SID63,67,2017-03-08 06:30:10,3.017,31,2.0792942896088267
MID62,SID62,67,2017-03-08 06:30:10,5.028,34,2.0044690975272417
MID61,SID61,67,2017-03-08 06:30:10,4.525,31,2.0522993957913847
MID60,SID60,67,2017-03-08 06:30:10,4.525,33,2.1097905066468634
MID39,SID39,67,2017-03-08 06:30:10,4.022,31,2.068673882023255
MID38,SID38,67,2017-03-08 06:30:10,3.519,27,2.164457626210955
MID37,SID37,67,2017-03-08 06:30:10,4.022,30,2.210880771626596
MID36,SID36,67,2017-03-08 06:30:10,4.525,28,2.258289839904742
MID35,SID35,67,2017-03-08 06:30:10,4.525,33,2.0131642812406936
MID34,SID34,67,2017-03-08 06:30:10,2.514,30,2.174127295425415
MID33,SID33,67,2017-03-08 06:30:10,5.028,33,2.2435419306464754
MID32,SID32,67,2017-03-08 06:30:10,4.525,32,2.368642251183534
MID31,SID31,67,2017-03-08 06:30:10,2.514,28,2.275944499570039
MID30,SID30,67,2017-03-08 06:30:10,3.519,28,2.3501305199282143
MID49,SID49,67,2017-03-08 06:30:10,3.519,34,2.4635311632457744
MID48,SID48,67,2017-03-08 06:30:10,4.525,33,2.0191576143916885
MID47,SID47,67,2017-03-08 06:30:10,3.519,30,2.037564711686901
MID46,SID46,67,2017-03-08 06:30:10,4.022,26,2.1491003527989774
MID45,SID45,67,2017-03-08 06:30:10,3.519,30,2.0774959727197304
MID44,SID44,67,2017-03-08 06:30:10,2.514,27,2.295472320584961
MID43,SID43,67,2017-03-08 06:30:10,3.017,32,2.1473707787889955
MID42,SID42,67,2017-03-08 06:30:10,4.525,33,2.109800726461259
MID41,SID41,67,2017-03-08 06:30:10,4.525,31,2.318763762567605
MID40,SID40,67,2017-03-08 06:30:10,5.028,32,2.2362846168189074
MID19,SID19,67,2017-03-08 06:30:20,4.044,28,2.4136579549230937
MID18,SID18,67,2017-03-08 06:30:20,3.539,31,2.4077064099618135
MID17,SID17,67,2017-03-08 06:30:20,4.044,28,2.484636236951593
MID16,SID16,67,2017-03-08 06:30:20,3.539,30,2.346701408425779
MID15,SID15,67,2017-03-08 06:30:20,2.528,33,2.277133725550482
MID14,SID14,67,2017-03-08 06:30:20,4.044,29,2.1452404308174513
MID13,SID13,67,2017-03-08 06:30:20,4.550,34,2.2992564537023608
MID12,SID12,67,2017-03-08 06:30:20,4.044,34,2.2540215452936243
MID11,SID11,67,2017-03-08 06:30:20,5.056,30,2.0662899957021037
MID99,SID99,67,2017-03-08 06:30:20,3.539,29,2.182221423312867
MID10,SID10,67,2017-03-08 06:30:20,2.528,32,2.0703328309395785
MID98,SID98,67,2017-03-08 06:30:20,4.550,32,2.043513321592259
MID97,SID97,67,2017-03-08 06:30:20,2.528,26,2.4256230831824395
MID96,SID96,67,2017-03-08 06:30:20,4.550,33,2.4267530705031293
MID95,SID95,67,2017-03-08 06:30:20,5.056,27,2.491437045287504
MID94,SID94,67,2017-03-08 06:30:20,5.056,25,2.2654556574977036
MID93,SID93,67,2017-03-08 06:30:20,5.056,29,2.2828611560893273
MID92,SID92,67,2017-03-08 06:30:20,3.539,31,2.3142350852323483
MID91,SID91,67,2017-03-08 06:30:20,5.056,26,2.3341978651750397
MID4,SID4,67,2017-03-08 06:30:20,2.528,31,2.255572005652798
MID5,SID5,67,2017-03-08 06:30:20,4.044,27,2.2055818957394435
MID6,SID6,67,2017-03-08 06:30:20,3.033,27,2.4592105472122783
MID7,SID7,67,2017-03-08 06:30:20,5.056,32,2.2516606972088766
MID1,SID1,67,2017-03-08 06:30:20,3.539,28,2.3968821487327623
MID2,SID2,67,2017-03-08 06:30:20,5.056,30,2.4906531833478063
MID3,SID3,67,2017-03-08 06:30:20,4.550,27,2.236301484184903
MID29,SID29,67,2017-03-08 06:30:20,4.550,29,2.173402101514753
MID28,SID28,67,2017-03-08 06:30:20,3.539,28,2.4053886684632446
MID27,SID27,67,2017-03-08 06:30:20,3.033,32,2.0969595320488126
MID26,SID26,67,2017-03-08 06:30:20,3.033,28,2.2886962140497347
MID8,SID8,67,2017-03-08 06:30:20,3.539,28,2.145376985937341
MID25,SID25,67,2017-03-08 06:30:20,2.528,30,2.1238600426050125
MID9,SID9,67,2017-03-08 06:30:20,4.044,26,2.111930362247241
MID24,SID24,67,2017-03-08 06:30:20,2.528,29,2.269223354023394
MID23,SID23,67,2017-03-08 06:30:20,4.044,33,2.2225000684730314
MID22,SID22,67,2017-03-08 06:30:20,3.539,28,2.154458542493023
MID21,SID21,67,2017-03-08 06:30:20,3.033,28,2.184673971350451
MID20,SID20,67,2017-03-08 06:30:20,3.539,32,2.03019553783301
MID100,SID100,67,2017-03-08 06:30:20,4.044,30,2.1226522909515517
MID79,SID79,67,2017-03-08 06:30:20,2.528,31,2.270277450275279
MID78,SID78,67,2017-03-08 06:30:20,4.044,29,2.3013959090291394
MID77,SID77,67,2017-03-08 06:30:20,2.528,34,2.441399899291102
MID76,SID76,67,2017-03-08 06:30:20,3.033,30,2.337304247647956
MID75,SID75,67,2017-03-08 06:30:20,3.539,29,2.2664502899776666
MID74,SID74,67,2017-03-08 06:30:20,4.044,28,2.167977706613646
MID73,SID73,67,2017-03-08 06:30:20,3.033,33,2.2004498435464583
MID72,SID72,67,2017-03-08 06:30:20,5.056,30,2.3090217082140674
MID71,SID71,67,2017-03-08 06:30:20,3.033,31,2.239034374347143
MID70,SID70,67,2017-03-08 06:30:20,3.033,34,2.00342610618458
MID90,SID90,67,2017-03-08 06:30:20,4.044,27,2.1799487002305513
MID89,SID89,67,2017-03-08 06:30:20,5.056,32,2.152316311840442
MID88,SID88,67,2017-03-08 06:30:20,4.044,32,2.3202248236347187
MID87,SID87,67,2017-03-08 06:30:20,4.550,28,2.189440043762451
MID86,SID86,67,2017-03-08 06:30:20,3.033,31,2.4017661507235646
MID85,SID85,67,2017-03-08 06:30:20,5.056,33,2.2291013875066006
MID84,SID84,67,2017-03-08 06:30:20,3.033,30,2.0936556589914797
MID83,SID83,67,2017-03-08 06:30:20,3.033,34,2.043672888810951
MID82,SID82,67,2017-03-08 06:30:20,4.550,27,2.3666121340960213
MID81,SID81,67,2017-03-08 06:30:20,4.550,27,2.1282284366707116
MID80,SID80,67,2017-03-08 06:30:20,4.550,28,2.324306414043897
MID59,SID59,67,2017-03-08 06:30:20,3.033,34,2.140875514813788
MID58,SID58,67,2017-03-08 06:30:20,3.033,28,2.1232510257500765
MID57,SID57,67,2017-03-08 06:30:20,5.056,29,2.4517030579357466
MID56,SID56,67,2017-03-08 06:30:20,2.528,31,2.1429240045892546
MID55,SID55,67,2017-03-08 06:30:20,4.044,30,2.043382630859827
MID54,SID54,67,2017-03-08 06:30:20,2.528,28,2.2083578547055702
MID53,SID53,67,2017-03-08 06:30:20,3.539,32,2.1093245327067383
MID52,SID52,67,2017-03-08 06:30:20,5.056,33,2.3995134187868365
MID51,SID51,67,2017-03-08 06:30:20,4.550,26,2.1784436981563973
MID50,SID50,67,2017-03-08 06:30:20,2.528,25,2.441838555824923
MID69,SID69,67,2017-03-08 06:30:20,5.056,28,2.0027103238813746
MID68,SID68,67,2017-03-08 06:30:20,3.539,28,2.370341914924611
MID67,SID67,67,2017-03-08 06:30:20,4.550,31,2.001111990974978
MID66,SID66,67,2017-03-08 06:30:20,3.033,33,2.022807539063317
MID65,SID65,67,2017-03-08 06:30:20,4.550,33,2.082116539839617
MID64,SID64,67,2017-03-08 06:30:20,4.044,30,2.006452067452767
MID63,SID63,67,2017-03-08 06:30:20,3.033,33,2.049441939957903
MID62,SID62,67,2017-03-08 06:30:20,5.056,25,2.4292137203572595
MID61,SID61,67,2017-03-08 06:30:20,4.550,30,2.2977207412541114
MID60,SID60,67,2017-03-08 06:30:20,4.550,33,2.191585760684889
MID39,SID39,67,2017-03-08 06:30:20,4.044,32,2.440013298587831
MID38,SID38,67,2017-03-08 06:30:20,3.539,34,2.120454586398592
MID37,SID37,67,2017-03-08 06:30:20,4.044,25,2.032029154325531
MID36,SID36,67,2017-03-08 06:30:20,4.550,29,2.108641631079905
MID35,SID35,67,2017-03-08 06:30:20,4.550,29,2.347205579249674
MID34,SID34,67,2017-03-08 06:30:20,2.528,27,2.044466835469715
MID33,SID33,67,2017-03-08 06:30:20,5.056,32,2.3961419453015727
MID32,SID32,67,2017-03-08 06:30:20,4.550,26,2.135607744472401
MID31,SID31,67,2017-03-08 06:30:20,2.528,32,2.2422968936956145
MID30,SID30,67,2017-03-08 06:30:20,3.539,25,2.3274131943874052
MID49,SID49,67,2017-03-08 06:30:20,3.539,27,2.3620212076015834
MID48,SID48,67,2017-03-08 06:30:20,4.550,30,2.2601887367418856
MID47,SID47,67,2017-03-08 06:30:20,3.539,30,2.385957862878337
MID46,SID46,67,2017-03-08 06:30:20,4.044,28,2.3545252860710053
MID45,SID45,67,2017-03-08 06:30:20,3.539,34,2.1447157854212735
MID44,SID44,67,2017-03-08 06:30:20,2.528,28,2.1153211396332763
MID43,SID43,67,2017-03-08 06:30:20,3.033,33,2.399423476289788
MID42,SID42,67,2017-03-08 06:30:20,4.550,31,2.46356403959894
MID41,SID41,67,2017-03-08 06:30:20,4.550,26,2.2551352968182146
MID40,SID40,67,2017-03-08 06:30:20,5.056,34,2.4745349925053626
MID19,SID19,67,2017-03-08 06:30:30,4.067,31,2.1610460146742057
MID18,SID18,67,2017-03-08 06:30:30,3.558,34,2.418586079222753
MID17,SID17,67,2017-03-08 06:30:30,4.067,29,2.2543568719900073
MID16,SID16,67,2017-03-08 06:30:30,3.558,25,2.352484294887494
MID15,SID15,67,2017-03-08 06:30:30,2.542,34,2.250915804258413
MID14,SID14,67,2017-03-08 06:30:30,4.067,31,2.369574861665594
MID13,SID13,67,2017-03-08 06:30:30,4.575,34,2.134841198427217
MID12,SID12,67,2017-03-08 06:30:30,4.067,25,2.2889947778344477
MID11,SID11,67,2017-03-08 06:30:30,5.083,27,2.106081572233078
MID99,SID99,67,2017-03-08 06:30:30,3.558,31,2.187319661493758
MID10,SID10,67,2017-03-08 06:30:30,2.542,28,2.3833961795202883
MID98,SID98,67,2017-03-08 06:30:30,4.575,31,2.0202821791929253
MID97,SID97,67,2017-03-08 06:30:30,2.542,34,2.31979924800549
MID96,SID96,67,2017-03-08 06:30:30,4.575,29,2.303994171020437
MID95,SID95,67,2017-03-08 06:30:30,5.083,31,2.0238094179387027
MID94,SID94,67,2017-03-08 06:30:30,5.083,27,2.370607971534314
MID93,SID93,67,2017-03-08 06:30:30,5.083,31,2.343246912058051
MID92,SID92,67,2017-03-08 06:30:30,3.558,32,2.1444047693371706
MID91,SID91,67,2017-03-08 06:30:30,5.083,29,2.395068315246796
MID4,SID4,67,2017-03-08 06:30:30,2.542,25,2.454594422996384
MID5,SID5,67,2017-03-08 06:30:30,4.067,26,2.0618761014806215
MID6,SID6,67,2017-03-08 06:30:30,3.050,34,2.4719108841828956
MID7,SID7,67,2017-03-08 06:30:30,5.083,30,2.0180133427566798
MID1,SID1,67,2017-03-08 06:30:30,3.558,32,2.3843002421096444
MID2,SID2,67,2017-03-08 06:30:30,5.083,33,2.4145447178379933
MID3,SID3,67,2017-03-08 06:30:30,4.575,25,2.343896582794639
MID29,SID29,67,2017-03-08 06:30:30,4.575,30,2.003569915909699
MID28,SID28,67,2017-03-08 06:30:30,3.558,31,2.4413860179438194
MID27,SID27,67,2017-03-08 06:30:30,3.050,32,2.3644096752173955
MID26,SID26,67,2017-03-08 06:30:30,3.050,26,2.038180863190805
MID8,SID8,67,2017-03-08 06:30:30,3.558,27,2.132595220661838
MID25,SID25,67,2017-03-08 06:30:30,2.542,34,2.465014114325784
MID9,SID9,67,2017-03-08 06:30:30,4.067,34,2.2826273143405857
MID24,SID24,67,2017-03-08 06:30:30,2.542,28,2.0194362366756606
MID23,SID23,67,2017-03-08 06:30:30,4.067,26,2.2496729494950296
MID22,SID22,67,2017-03-08 06:30:30,3.558,29,2.177751622650388
MID21,SID21,67,2017-03-08 06:30:30,3.050,27,2.1398564640592146
MID20,SID20,67,2017-03-08 06:30:30,3.558,26,2.040158613694024
MID100,SID100,67,2017-03-08 06:30:30,4.067,27,2.4381902250048446
MID79,SID79,67,2017-03-08 06:30:30,2.542,26,2.257827101593443
MID78,SID78,67,2017-03-08 06:30:30,4.067,27,2.1098809015706297
MID77,SID77,67,2017-03-08 06:30:30,2.542,31,2.22674218395405
MID76,SID76,67,2017-03-08 06:30:30,3.050,31,2.0515880032840648
MID75,SID75,67,2017-03-08 06:30:30,3.558,25,2.0073833111287436
MID74,SID74,67,2017-03-08 06:30:30,4.067,33,2.419079239303708
MID73,SID73,67,2017-03-08 06:30:30,3.050,26,2.2519479312165442
MID72,SID72,67,2017-03-08 06:30:30,5.083,26,2.429270200942658
MID71,SID71,67,2017-03-08 06:30:30,3.050,25,2.326172492748488
MID70,SID70,67,2017-03-08 06:30:30,3.050,31,2.287635545170615
MID90,SID90,67,2017-03-08 06:30:30,4.067,27,2.1109043954883138
MID89,SID89,67,2017-03-08 06:30:30,5.083,30,2.0367924867954903
MID88,SID88,67,2017-03-08 06:30:30,4.067,27,2.014714828997935
MID87,SID87,67,2017-03-08 06:30:30,4.575,26,2.144463437108665
MID86,SID86,67,2017-03-08 06:30:30,3.050,26,2.423142831994635
MID85,SID85,67,2017-03-08 06:30:30,5.083,32,2.286230277835353
MID84,SID84,67,2017-03-08 06:30:30,3.050,25,2.129539933413411
MID83,SID83,67,2017-03-08 06:30:30,3.050,31,2.448947319079182
MID82,SID82,67,2017-03-08 06:30:30,4.575,26,2.405083924575062
MID81,SID81,67,2017-03-08 06:30:30,4.575,26,2.2907981320213073
MID80,SID80,67,2017-03-08 06:30:30,4.575,30,2.3913872766890414
MID59,SID59,67,2017-03-08 06:30:30,3.050,33,2.1370258296350464
MID58,SID58,67,2017-03-08 06:30:30,3.050,28,2.4286603967213183
MID57,SID57,67,2017-03-08 06:30:30,5.083,28,2.053706053602724
MID56,SID56,67,2017-03-08 06:30:30,2.542,33,2.1358735087856484
MID55,SID55,67,2017-03-08 06:30:30,4.067,26,2.0679218232474694
MID54,SID54,67,2017-03-08 06:30:30,2.542,29,2.063601710675426
MID53,SID53,67,2017-03-08 06:30:30,3.558,28,2.2758345045718475
MID52,SID52,67,2017-03-08 06:30:30,5.083,31,2.306237527783299
MID51,SID51,67,2017-03-08 06:30:30,4.575,28,2.2221624433577127
MID50,SID50,67,2017-03-08 06:30:30,2.542,27,2.3452107798690096
MID69,SID69,67,2017-03-08 06:30:30,5.083,30,2.262233698844528
MID68,SID68,67,2017-03-08 06:30:30,3.558,32,2.301815859019967
MID67,SID67,67,2017-03-08 06:30:30,4.575,32,2.297272894030679
MID66,SID66,67,2017-03-08 06:30:30,3.050,31,2.0097766478268166
MID65,SID65,67,2017-03-08 06:30:30,4.575,31,2.479685645410877
MID64,SID64,67,2017-03-08 06:30:30,4.067,30,2.3968079643759026
MID63,SID63,67,2017-03-08 06:30:30,3.050,30,2.3101973909131583
MID62,SID62,67,2017-03-08 06:30:30,5.083,33,2.4349061742318088
MID61,SID61,67,2017-03-08 06:30:30,4.575,26,2.3878284214346777
MID60,SID60,67,2017-03-08 06:30:30,4.575,34,2.112976992803812
MID39,SID39,67,2017-03-08 06:30:30,4.067,26,2.4387755727110303
MID38,SID38,67,2017-03-08 06:30:30,3.558,28,2.0389268693370837
MID37,SID37,67,2017-03-08 06:30:30,4.067,32,2.4309108878428844
MID36,SID36,67,2017-03-08 06:30:30,4.575,34,2.1036016103833948
MID35,SID35,67,2017-03-08 06:30:30,4.575,26,2.1529106332620764
MID34,SID34,67,2017-03-08 06:30:30,2.542,29,2.2683397237571654
MID33,SID33,67,2017-03-08 06:30:30,5.083,27,2.3112066471998647
MID32,SID32,67,2017-03-08 06:30:30,4.575,30,2.4936265011180287
MID31,SID31,67,2017-03-08 06:30:30,2.542,28,2.2753276016596695
MID30,SID30,67,2017-03-08 06:30:30,3.558,28,2.0865447154314665
MID49,SID49,67,2017-03-08 06:30:30,3.558,29,2.467121908249714
MID48,SID48,67,2017-03-08 06:30:30,4.575,28,2.071544892535695
MID47,SID47,67,2017-03-08 06:30:30,3.558,26,2.0578227882121576
MID46,SID46,67,2017-03-08 06:30:30,4.067,26,2.25470646688897
MID45,SID45,67,2017-03-08 06:30:30,3.558,29,2.0584549797326606
MID44,SID44,67,2017-03-08 06:30:30,2.542,25,2.404441874971325
MID43,SID43,67,2017-03-08 06:30:30,3.050,33,2.338392041260228
MID42,SID42,67,2017-03-08 06:30:30,4.575,27,2.022133650281465
MID41,SID41,67,2017-03-08 06:30:30,4.575,25,2.3057957431347984
MID40,SID40,67,2017-03-08 06:30:30,5.083,33,2.198913380159031
MID19,SID19,67,2017-03-08 06:30:40,4.089,34,2.4940947761576853
MID18,SID18,67,2017-03-08 06:30:40,3.578,28,2.2121480562987994
MID17,SID17,67,2017-03-08 06:30:40,4.089,31,2.2180766982368767
MID16,SID16,67,2017-03-08 06:30:40,3.578,34,2.2606808949904114
MID15,SID15,67,2017-03-08 06:30:40,2.556,25,2.267835091621626
MID14,SID14,67,2017-03-08 06:30:40,4.089,25,2.077400212959874
MID13,SID13,67,2017-03-08 06:30:40,4.600,31,2.4135370337338853
MID12,SID12,67,2017-03-08 06:30:40,4.089,28,2.1519549467342087
MID11,SID11,67,2017-03-08 06:30:40,5.111,30,2.0349231111343093
MID99,SID99,67,2017-03-08 06:30:40,3.578,26,2.1690682415152427
MID10,SID10,67,2017-03-08 06:30:40,2.556,32,2.4120775731257105
MID98,SID98,67,2017-03-08 06:30:40,4.600,32,2.1758888146650963
MID97,SID97,67,2017-03-08 06:30:40,2.556,33,2.488318145899074
MID96,SID96,67,2017-03-08 06:30:40,4.600,25,2.3378498278152158
MID95,SID95,67,2017-03-08 06:30:40,5.111,34,2.118742630257804
MID94,SID94,67,2017-03-08 06:30:40,5.111,33,2.059443129095761
MID93,SID93,67,2017-03-08 06:30:40,5.111,29,2.008595889572636
MID92,SID92,67,2017-03-08 06:30:40,3.578,31,2.4003440683067128
MID91,SID91,67,2017-03-08 06:30:40,5.111,27,2.016748387478286
MID4,SID4,67,2017-03-08 06:30:40,2.556,29,2.242074125860317
MID5,SID5,67,2017-03-08 06:30:40,4.089,31,2.384871567691477
MID6,SID6,67,2017-03-08 06:30:40,3.067,30,2.3991841887288947
MID7,SID7,67,2017-03-08 06:30:40,5.111,27,2.055294396165346
MID1,SID1,67,2017-03-08 06:30:40,3.578,28,2.30372082668615
MID2,SID2,67,2017-03-08 06:30:40,5.111,26,2.0172130631430885
MID3,SID3,67,2017-03-08 06:30:40,4.600,31,2.3186286839756387
MID29,SID29,67,2017-03-08 06:30:40,4.600,34,2.042415304071523
MID28,SID28,67,2017-03-08 06:30:40,3.578,27,2.140892053548971
MID27,SID27,67,2017-03-08 06:30:40,3.067,33,2.0874879825872896
MID26,SID26,67,2017-03-08 06:30:40,3.067,28,2.4506384098922194
MID8,SID8,67,2017-03-08 06:30:40,3.578,25,2.337521341944874
MID25,SID25,67,2017-03-08 06:30:40,2.556,31,2.1321476518701883
MID9,SID9,67,2017-03-08 06:30:40,4.089,28,2.108663900972219
MID24,SID24,67,2017-03-08 06:30:40,2.556,30,2.246704527007241
MID23,SID23,67,2017-03-08 06:30:40,4.089,29,2.0806707369741178
MID22,SID22,67,2017-03-08 06:30:40,3.578,29,2.4160335448436694
MID21,SID21,67,2017-03-08 06:30:40,3.067,34,2.1025842815062767
MID20,SID20,67,2017-03-08 06:30:40,3.578,31,2.123230007707895
MID100,SID100,67,2017-03-08 06:30:40,4.089,25,2.1988930187037115
MID79,SID79,67,2017-03-08 06:30:40,2.556,29,2.345015575516308
MID78,SID78,67,2017-03-08 06:30:40,4.089,28,2.3765617767035385
MID77,SID77,67,2017-03-08 06:30:40,2.556,32,2.136166085577668
MID76,SID76,67,2017-03-08 06:30:40,3.067,31,2.341426285327351
MID75,SID75,67,2017-03-08 06:30:40,3.578,29,2.106771802611636
MID74,SID74,67,2017-03-08 06:30:40,4.089,34,2.07705149799735
MID73,SID73,67,2017-03-08 06:30:40,3.067,34,2.1229791496589208
MID72,SID72,67,2017-03-08 06:30:40,5.111,26,2.2753900125907176
MID71,SID71,67,2017-03-08 06:30:40,3.067,30,2.260692494853094
MID70,SID70,67,2017-03-08 06:30:40,3.067,28,2.310341684156291
MID90,SID90,67,2017-03-08 06:30:40,4.089,32,2.0936505667852394
MID89,SID89,67,2017-03-08 06:30:40,5.111,34,2.466626018295116
MID88,SID88,67,2017-03-08 06:30:40,4.089,30,2.3168533066088095
MID87,SID87,67,2017-03-08 06:30:40,4.600,29,2.342295757317449
MID86,SID86,67,2017-03-08 06:30:40,3.067,32,2.4562230609585898
MID85,SID85,67,2017-03-08 06:30:40,5.111,34,2.422905828434051
MID84,SID84,67,2017-03-08 06:30:40,3.067,30,2.074947703010349
MID83,SID83,67,2017-03-08 06:30:40,3.067,26,2.313430541350307
MID82,SID82,67,2017-03-08 06:30:40,4.600,32,2.1025607573284084
MID81,SID81,67,2017-03-08 06:30:40,4.600,29,2.335835755395058
MID80,SID80,67,2017-03-08 06:30:40,4.600,32,2.101104562157418
MID59,SID59,67,2017-03-08 06:30:40,3.067,31,2.0614229737634755
MID58,SID58,67,2017-03-08 06:30:40,3.067,32,2.0143267697680747
MID57,SID57,67,2017-03-08 06:30:40,5.111,27,2.21955495542767
MID56,SID56,67,2017-03-08 06:30:40,2.556,33,2.3520042985213734
MID55,SID55,67,2017-03-08 06:30:40,4.089,31,2.4007967803452335
MID54,SID54,67,2017-03-08 06:30:40,2.556,28,2.0867935069023917
MID53,SID53,67,2017-03-08 06:30:40,3.578,34,2.1166945255340095
MID52,SID52,67,2017-03-08 06:30:40,5.111,25,2.490412447877866
MID51,SID51,67,2017-03-08 06:30:40,4.600,30,2.34784030720897
MID50,SID50,67,2017-03-08 06:30:40,2.556,30,2.3108410072754726
MID69,SID69,67,2017-03-08 06:30:40,5.111,27,2.0987818673854375
MID68,SID68,67,2017-03-08 06:30:40,3.578,25,2.2566693609600588
MID67,SID67,67,2017-03-08 06:30:40,4.600,28,2.0590385643861735
MID66,SID66,67,2017-03-08 06:30:40,3.067,33,2.065165810028022
MID65,SID65,67,2017-03-08 06:30:40,4.600,33,2.0907841241647325
MID64,SID64,67,2017-03-08 06:30:40,4.089,26,2.251940603740713
MID63,SID63,67,2017-03-08 06:30:40,3.067,34,2.4478453075728597
MID62,SID62,67,2017-03-08 06:30:40,5.111,28,2.0444302836521073
MID61,SID61,67,2017-03-08 06:30:40,4.600,30,2.2791146194098197
MID60,SID60,67,2017-03-08 06:30:40,4.600,32,2.4808092278843485
MID39,SID39,67,2017-03-08 06:30:40,4.089,27,2.105188691525542
MID38,SID38,67,2017-03-08 06:30:40,3.578,34,2.3302026804303297
MID37,SID37,67,2017-03-08 06:30:40,4.089,25,2.414295231511675
MID36,SID36,67,2017-03-08 06:30:40,4.600,34,2.1318786341554015
MID35,SID35,67,2017-03-08 06:30:40,4.600,25,2.3192193573386546
MID34,SID34,67,2017-03-08 06:30:40,2.556,28,2.3848349746574486
MID33,SID33,67,2017-03-08 06:30:40,5.111,26,2.381096713878132
MID32,SID32,67,2017-03-08 06:30:40,4.600,29,2.3522277257043003
MID31,SID31,67,2017-03-08 06:30:40,2.556,29,2.1161524620552337
MID30,SID30,67,2017-03-08 06:30:40,3.578,26,2.474382798243426
MID49,SID49,67,2017-03-08 06:30:40,3.578,33,2.4978017673642756
MID48,SID48,67,2017-03-08 06:30:40,4.600,32,2.466306405437749
MID47,SID47,67,2017-03-08 06:30:40,3.578,29,2.062140312098464
MID46,SID46,67,2017-03-08 06:30:40,4.089,31,2.1689524247971383
MID45,SID45,67,2017-03-08 06:30:40,3.578,25,2.0963532151556667
MID44,SID44,67,2017-03-08 06:30:40,2.556,29,2.2213170437562817
MID43,SID43,67,2017-03-08 06:30:40,3.067,30,2.368744601134218
MID42,SID42,67,2017-03-08 06:30:40,4.600,31,2.4307558785361123
MID41,SID41,67,2017-03-08 06:30:40,4.600,29,2.13010854524851
MID40,SID40,67,2017-03-08 06:30:40,5.111,27,2.3063492102723444
MID19,SID19,67,2017-03-08 06:30:50,4.111,32,2.4321206459459566
MID18,SID18,67,2017-03-08 06:30:50,3.597,28,2.069573279249765
MID17,SID17,67,2017-03-08 06:30:50,4.111,26,2.2233989951063102
MID16,SID16,67,2017-03-08 06:30:50,3.597,27,2.4601625915129355
MID15,SID15,67,2017-03-08 06:30:50,2.569,31,2.00720399614232
MID14,SID14,67,2017-03-08 06:30:50,4.111,25,2.197534637305081
MID13,SID13,67,2017-03-08 06:30:50,4.625,28,2.181228796793922
MID12,SID12,67,2017-03-08 06:30:50,4.111,30,2.4520160179581647
MID11,SID11,67,2017-03-08 06:30:50,5.139,30,2.435153855446132
MID99,SID99,67,2017-03-08 06:30:50,3.597,25,2.2698614331305738
MID10,SID10,67,2017-03-08 06:30:50,2.569,28,2.0316848267879983
MID98,SID98,67,2017-03-08 06:30:50,4.625,26,2.1790452930963515
MID97,SID97,67,2017-03-08 06:30:50,2.569,33,2.253087519451635
MID96,SID96,67,2017-03-08 06:30:50,4.625,32,2.4460801411457824
MID95,SID95,67,2017-03-08 06:30:50,5.139,29,2.124314264479037
MID94,SID94,67,2017-03-08 06:30:50,5.139,33,2.4845526944875544
MID93,SID93,67,2017-03-08 06:30:50,5.139,28,2.084438758473235
MID92,SID92,67,2017-03-08 06:30:50,3.597,27,2.163667338594351
MID91,SID91,67,2017-03-08 06:30:50,5.139,33,2.4694816411060607
MID4,SID4,67,2017-03-08 06:30:50,2.569,28,2.0060295789158467
MID5,SID5,67,2017-03-08 06:30:50,4.111,29,2.414743513461873
MID6,SID6,67,2017-03-08 06:30:50,3.083,28,2.3098416528729597
MID7,SID7,67,2017-03-08 06:30:50,5.139,33,2.4171957643160487
MID1,SID1,67,2017-03-08 06:30:50,3.597,25,2.3979939140653723
MID2,SID2,67,2017-03-08 06:30:50,5.139,29,2.0097228169461485
MID3,SID3,67,2017-03-08 06:30:50,4.625,32,2.176900959495636
MID29,SID29,67,2017-03-08 06:30:50,4.625,27,2.3116852970766564
MID28,SID28,67,2017-03-08 06:30:50,3.597,27,2.427614827137967
MID27,SID27,67,2017-03-08 06:30:50,3.083,28,2.2002505295125987
MID26,SID26,67,2017-03-08 06:30:50,3.083,34,2.1730429290492497
MID8,SID8,67,2017-03-08 06:30:50,3.597,27,2.071792784777832
MID25,SID25,67,2017-03-08 06:30:50,2.569,34,2.1642493090539023
MID9,SID9,67,2017-03-08 06:30:50,4.111,25,2.420229167038019
MID24,SID24,67,2017-03-08 06:30:50,2.569,34,2.072835530427641
MID23,SID23,67,2017-03-08 06:30:50,4.111,27,2.4516134964117082
MID22,SID22,67,2017-03-08 06:30:50,3.597,25,2.421942619352517
MID21,SID21,67,2017-03-08 06:30:50,3.083,28,2.1554520664214083
MID20,SID20,67,2017-03-08 06:30:50,3.597,28,2.212419278192628
MID100,SID100,67,2017-03-08 06:30:50,4.111,30,2.251404831178204
MID79,SID79,67,2017-03-08 06:30:50,2.569,29,2.3085320202077235
MID78,SID78,67,2017-03-08 06:30:50,4.111,33,2.4453788427108236
MID77,SID77,67,2017-03-08 06:30:50,2.569,32,2.1729195600178333
MID76,SID76,67,2017-03-08 06:30:50,3.083,31,2.3031302647222076
MID75,SID75,67,2017-03-08 06:30:50,3.597,33,2.2966863011879313
MID74,SID74,67,2017-03-08 06:30:50,4.111,31,2.4640618889700066
MID73,SID73,67,2017-03-08 06:30:50,3.083,28,2.087735432508127
MID72,SID72,67,2017-03-08 06:30:50,5.139,28,2.1896026203447
MID71,SID71,67,2017-03-08 06:30:50,3.083,29,2.1819505470153415
MID70,SID70,67,2017-03-08 06:30:50,3.083,29,2.33448284226477
MID90,SID90,67,2017-03-08 06:30:50,4.111,31,2.4116014361694527
MID89,SID89,67,2017-03-08 06:30:50,5.139,31,2.036074000843521
MID88,SID88,67,2017-03-08 06:30:50,4.111,33,2.209084086680164
MID87,SID87,67,2017-03-08 06:30:50,4.625,27,2.2043853162848897
MID86,SID86,67,2017-03-08 06:30:50,3.083,30,2.266287023925527
MID85,SID85,67,2017-03-08 06:30:50,5.139,30,2.4409231412155012
MID84,SID84,67,2017-03-08 06:30:50,3.083,25,2.2406558897367783
MID83,SID83,67,2017-03-08 06:30:50,3.083,34,2.194981194631988
MID82,SID82,67,2017-03-08 06:30:50,4.625,28,2.0014847539540233
MID81,SID81,67,2017-03-08 06:30:50,4.625,25,2.2221450727703416
MID80,SID80,67,2017-03-08 06:30:50,4.625,30,2.4933112873559984
MID59,SID59,67,2017-03-08 06:30:50,3.083,31,2.2839162369782846
MID58,SID58,67,2017-03-08 06:30:50,3.083,28,2.1894157609291387
MID57,SID57,67,2017-03-08 06:30:50,5.139,27,2.400128510263124
MID56,SID56,67,2017-03-08 06:30:50,2.569,31,2.1952239921442778
MID55,SID55,67,2017-03-08 06:30:50,4.111,29,2.4981055195608666
MID54,SID54,67,2017-03-08 06:30:50,2.569,33,2.078993292241592
MID53,SID53,67,2017-03-08 06:30:50,3.597,33,2.2355565439619287
MID52,SID52,67,2017-03-08 06:30:50,5.139,33,2.1935873776593895
MID51,SID51,67,2017-03-08 06:30:50,4.625,29,2.070859932666879
MID50,SID50,67,2017-03-08 06:30:50,2.569,29,2.04506857838411
MID69,SID69,67,2017-03-08 06:30:50,5.139,27,2.097261778323525
MID68,SID68,67,2017-03-08 06:30:50,3.597,27,2.348386707634762
MID67,SID67,67,2017-03-08 06:30:50,4.625,29,2.2837200824277666
MID66,SID66,67,2017-03-08 06:30:50,3.083,26,2.0752520411009887
MID65,SID65,67,2017-03-08 06:30:50,4.625,27,2.0871067252206
MID64,SID64,67,2017-03-08 06:30:50,4.111,26,2.2458714027429623
MID63,SID63,67,2017-03-08 06:30:50,3.083,30,2.37400415383421
MID62,SID62,67,2017-03-08 06:30:50,5.139,26,2.144490195940829
MID61,SID61,67,2017-03-08 06:30:50,4.625,29,2.11543249834016
MID60,SID60,67,2017-03-08 06:30:50,4.625,25,2.080014354965598
MID39,SID39,67,2017-03-08 06:30:50,4.111,29,2.247893102348162
MID38,SID38,67,2017-03-08 06:30:50,3.597,33,2.1122354620463932
MID37,SID37,67,2017-03-08 06:30:50,4.111,27,2.0526345502492442
MID36,SID36,67,2017-03-08 06:30:50,4.625,26,2.1441465297164854
MID35,SID35,67,2017-03-08 06:30:50,4.625,31,2.397570445075951
MID34,SID34,67,2017-03-08 06:30:50,2.569,34,2.019786624782525
MID33,SID33,67,2017-03-08 06:30:50,5.139,32,2.0385151135770623
MID32,SID32,67,2017-03-08 06:30:50,4.625,30,2.3627767251432386
MID31,SID31,67,2017-03-08 06:30:50,2.569,30,2.1129539053085438
MID30,SID30,67,2017-03-08 06:30:50,3.597,33,2.4587629845948693
MID49,SID49,67,2017-03-08 06:30:50,3.597,31,2.418256315464638
MID48,SID48,67,2017-03-08 06:30:50,4.625,30,2.207654144879707
MID47,SID47,67,2017-03-08 06:30:50,3.597,32,2.3350457718847846
MID46,SID46,67,2017-03-08 06:30:50,4.111,30,2.3887731008462088
MID45,SID45,67,2017-03-08 06:30:50,3.597,31,2.0019710037377347
MID44,SID44,67,2017-03-08 06:30:50,2.569,27,2.3629140780012556
MID43,SID43,67,2017-03-08 06:30:50,3.083,27,2.2827004835886084
MID42,SID42,67,2017-03-08 06:30:50,4.625,27,2.050719177936398
MID41,SID41,67,2017-03-08 06:30:50,4.625,30,2.0411348035694705
MID40,SID40,67,2017-03-08 06:30:50,5.139,31,2.4211928160932095
MID19,SID19,67,2017-03-08 06:31:00,4.133,31,2.464047265197792
MID18,SID18,67,2017-03-08 06:31:00,3.617,27,2.097075429642366
MID17,SID17,67,2017-03-08 06:31:00,4.133,28,2.4602946194723145
MID16,SID16,67,2017-03-08 06:31:00,3.617,30,2.324400292172029
MID15,SID15,67,2017-03-08 06:31:00,2.583,28,2.3484459153736905
MID14,SID14,67,2017-03-08 06:31:00,4.133,28,2.22326252543751
MID13,SID13,67,2017-03-08 06:31:00,4.650,30,2.3854143538682773
MID12,SID12,67,2017-03-08 06:31:00,4.133,34,2.123468041523298
MID11,SID11,67,2017-03-08 06:31:00,5.167,25,2.2913909904565877
MID99,SID99,67,2017-03-08 06:31:00,3.617,27,2.1228931049879156
MID10,SID10,67,2017-03-08 06:31:00,2.583,31,2.0967614166247923
MID98,SID98,67,2017-03-08 06:31:00,4.650,32,2.4208677328591777
MID97,SID97,67,2017-03-08 06:31:00,2.583,28,2.4554438475234797
MID96,SID96,67,2017-03-08 06:31:00,4.650,25,2.193140930752599
MID95,SID95,67,2017-03-08 06:31:00,5.167,31,2.099685699356365
MID94,SID94,67,2017-03-08 06:31:00,5.167,28,2.1778939161092157
MID93,SID93,67,2017-03-08 06:31:00,5.167,32,2.4142757171678624
MID92,SID92,67,2017-03-08 06:31:00,3.617,32,2.2931376258687695
MID91,SID91,67,2017-03-08 06:31:00,5.167,29,2.257401357288119
MID4,SID4,67,2017-03-08 06:31:00,2.583,26,2.3461392821930325
MID5,SID5,67,2017-03-08 06:31:00,4.133,30,2.1699879235451363
MID6,SID6,67,2017-03-08 06:31:00,3.100,31,2.163143575766281
MID7,SID7,67,2017-03-08 06:31:00,5.167,26,2.0596765457075907
MID1,SID1,67,2017-03-08 06:31:00,3.617,28,2.272484505913627
MID2,SID2,67,2017-03-08 06:31:00,5.167,33,2.251885692203743
MID3,SID3,67,2017-03-08 06:31:00,4.650,27,2.125551653260374
MID29,SID29,67,2017-03-08 06:31:00,4.650,29,2.223905166681864
MID28,SID28,67,2017-03-08 06:31:00,3.617,31,2.358557177912788
MID27,SID27,67,2017-03-08 06:31:00,3.100,26,2.2879166836738447
MID26,SID26,67,2017-03-08 06:31:00,3.100,29,2.0041670714500492
MID8,SID8,67,2017-03-08 06:31:00,3.617,34,2.0130512001372027
MID25,SID25,67,2017-03-08 06:31:00,2.583,32,2.32158977805323
MID9,SID9,67,2017-03-08 06:31:00,4.133,27,2.344464703712073
MID24,SID24,67,2017-03-08 06:31:00,2.583,34,2.1140586305317757
MID23,SID23,67,2017-03-08 06:31:00,4.133,29,2.041147163519454
MID22,SID22,67,2017-03-08 06:31:00,3.617,33,2.073694483959321
MID21,SID21,67,2017-03-08 06:31:00,3.100,34,2.237478461082729
MID20,SID20,67,2017-03-08 06:31:00,3.617,31,2.2921205847464616
MID100,SID100,67,2017-03-08 06:31:00,4.133,28,2.0594998170195202
MID79,SID79,67,2017-03-08 06:31:00,2.583,33,2.011886725995299
MID78,SID78,67,2017-03-08 06:31:00,4.133,29,2.001473665373336
MID77,SID77,67,2017-03-08 06:31:00,2.583,34,2.0525917088241195
MID76,SID76,67,2017-03-08 06:31:00,3.100,27,2.4248625903661236
MID75,SID75,67,2017-03-08 06:31:00,3.617,33,2.454688118858988
MID74,SID74,67,2017-03-08 06:31:00,4.133,32,2.3032487266292776
MID73,SID73,67,2017-03-08 06:31:00,3.100,26,2.3723332310412495
MID72,SID72,67,2017-03-08 06:31:00,5.167,31,2.260500482026987
MID71,SID71,67,2017-03-08 06:31:00,3.100,25,2.322723190270077
MID70,SID70,67,2017-03-08 06:31:00,3.100,34,2.464260327783462
MID90,SID90,67,2017-03-08 06:31:00,4.133,29,2.236955629209328
MID89,SID89,67,2017-03-08 06:31:00,5.167,26,2.1743056101453764
MID88,SID88,67,2017-03-08 06:31:00,4.133,27,2.023910975776119
MID87,SID87,67,2017-03-08 06:31:00,4.650,34,2.3229171318949193
MID86,SID86,67,2017-03-08 06:31:00,3.100,30,2.218151180008745
MID85,SID85,67,2017-03-08 06:31:00,5.167,34,2.160865545107698
MID84,SID84,67,2017-03-08 06:31:00,3.100,31,2.105166247549661
MID83,SID83,67,2017-03-08 06:31:00,3.100,32,2.2881253774578525
MID82,SID82,67,2017-03-08 06:31:00,4.650,33,2.392242709176682
MID81,SID81,67,2017-03-08 06:31:00,4.650,27,2.2994889390382616
MID80,SID80,67,2017-03-08 06:31:00,4.650,30,2.002319037594787
MID59,SID59,67,2017-03-08 06:31:00,3.100,30,2.4051760973551812
MID58,SID58,67,2017-03-08 06:31:00,3.100,33,2.251343814891239
MID57,SID57,67,2017-03-08 06:31:00,5.167,33,2.042625974268963
MID56,SID56,67,2017-03-08 06:31:00,2.583,27,2.0321046888794756
MID55,SID55,67,2017-03-08 06:31:00,4.133,27,2.146736526224627
MID54,SID54,67,2017-03-08 06:31:00,2.583,30,2.219191733665613
MID53,SID53,67,2017-03-08 06:31:00,3.617,30,2.156037065806798
MID52,SID52,67,2017-03-08 06:31:00,5.167,33,2.038166675791727
MID51,SID51,67,2017-03-08 06:31:00,4.650,33,2.0301654697073697
MID50,SID50,67,2017-03-08 06:31:00,2.583,27,2.1947439610450483
MID69,SID69,67,2017-03-08 06:31:00,5.167,32,2.1916152157911895
MID68,SID68,67,2017-03-08 06:31:00,3.617,33,2.0851694808039856
MID67,SID67,67,2017-03-08 06:31:00,4.650,30,2.1147808469707607
MID66,SID66,67,2017-03-08 06:31:00,3.100,29,2.1481139332024775
MID65,SID65,67,2017-03-08 06:31:00,4.650,34,2.3825622824425214
MID64,SID64,67,2017-03-08 06:31:00,4.133,33,2.347219213452033
MID63,SID63,67,2017-03-08 06:31:00,3.100,28,2.2107109103188654
MID62,SID62,67,2017-03-08 06:31:00,5.167,34,2.2083876623233523
MID61,SID61,67,2017-03-08 06:31:00,4.650,26,2.468478310885344
MID60,SID60,67,2017-03-08 06:31:00,4.650,28,2.23135047242695
MID39,SID39,67,2017-03-08 06:31:00,4.133,26,2.2573256283735645
MID38,SID38,67,2017-03-08 06:31:00,3.617,28,2.0770294348629266
MID37,SID37,67,2017-03-08 06:31:00,4.133,27,2.05358018207672
MID36,SID36,67,2017-03-08 06:31:00,4.650,29,2.1614635634895967
MID35,SID35,67,2017-03-08 06:31:00,4.650,31,2.1903935652995274
MID34,SID34,67,2017-03-08 06:31:00,2.583,28,2.244282868330131
MID33,SID33,67,2017-03-08 06:31:00,5.167,28,2.1331680922557608
MID32,SID32,67,2017-03-08 06:31:00,4.650,31,2.1242629474723675
MID31,SID31,67,2017-03-08 06:31:00,2.583,25,2.218384077207976
MID30,SID30,67,2017-03-08 06:31:00,3.617,31,2.371363942898606
MID49,SID49,67,2017-03-08 06:31:00,3.617,28,2.1143668563605917
MID48,SID48,67,2017-03-08 06:31:00,4.650,26,2.345977351337003
MID47,SID47,67,2017-03-08 06:31:00,3.617,25,2.1880610658242308
MID46,SID46,67,2017-03-08 06:31:00,4.133,32,2.4312296802226743
MID45,SID45,67,2017-03-08 06:31:00,3.617,25,2.4399921966689755
MID44,SID44,67,2017-03-08 06:31:00,2.583,28,2.218221457117724
MID43,SID43,67,2017-03-08 06:31:00,3.100,33,2.1498332088895507
MID42,SID42,67,2017-03-08 06:31:00,4.650,25,2.4088755445102215
MID41,SID41,67,2017-03-08 06:31:00,4.650,28,2.1373433913213065
MID40,SID40,67,2017-03-08 06:31:00,5.167,31,2.059809285074122
MID19,SID19,67,2017-03-08 06:31:10,4.156,33,2.313645411499744
MID18,SID18,67,2017-03-08 06:31:10,3.636,32,2.0335420969573854
MID17,SID17,67,2017-03-08 06:31:10,4.156,26,2.2335436489806755
MID16,SID16,67,2017-03-08 06:31:10,3.636,29,2.1749460047014257
MID15,SID15,67,2017-03-08 06:31:10,2.597,32,2.1150280459160804
MID14,SID14,67,2017-03-08 06:31:10,4.156,25,2.357002554361193
MID13,SID13,67,2017-03-08 06:31:10,4.675,29,2.4167342143108543
MID12,SID12,67,2017-03-08 06:31:10,4.156,33,2.413893924657484
MID11,SID11,67,2017-03-08 06:31:10,5.194,34,2.263190882470828
MID99,SID99,67,2017-03-08 06:31:10,3.636,28,2.347456634936499
MID10,SID10,67,2017-03-08 06:31:10,2.597,28,2.4251769751696717
MID98,SID98,67,2017-03-08 06:31:10,4.675,33,2.1502841563125608
MID97,SID97,67,2017-03-08 06:31:10,2.597,34,2.2294000517303303
MID96,SID96,67,2017-03-08 06:31:10,4.675,28,2.010820242035546
MID95,SID95,67,2017-03-08 06:31:10,5.194,27,2.499133170591197
MID94,SID94,67,2017-03-08 06:31:10,5.194,30,2.1706555360266364
MID93,SID93,67,2017-03-08 06:31:10,5.194,28,2.4234001764791824
MID92,SID92,67,2017-03-08 06:31:10,3.636,25,2.494464169305423
MID91,SID91,67,2017-03-08 06:31:10,5.194,31,2.3206316734897237
MID4,SID4,67,2017-03-08 06:31:10,2.597,34,2.034726965323832
MID5,SID5,67,2017-03-08 06:31:10,4.156,27,2.164311879184895
MID6,SID6,67,2017-03-08 06:31:10,3.117,28,2.381241852560815
MID7,SID7,67,2017-03-08 06:31:10,5.194,33,2.1916056966194195
MID1,SID1,67,2017-03-08 06:31:10,3.636,31,2.2341938898592812
MID2,SID2,67,2017-03-08 06:31:10,5.194,27,2.229080949635646
MID3,SID3,67,2017-03-08 06:31:10,4.675,30,2.187491934740703
MID29,SID29,67,2017-03-08 06:31:10,4.675,26,2.3536711314239
MID28,SID28,67,2017-03-08 06:31:10,3.636,28,2.315747960983584
MID27,SID27,67,2017-03-08 06:31:10,3.117,28,2.266253371286127
MID26,SID26,67,2017-03-08 06:31:10,3.117,27,2.222350192734243
MID8,SID8,67,2017-03-08 06:31:10,3.636,29,2.3136632232880454
MID25,SID25,67,2017-03-08 06:31:10,2.597,31,2.3279038549761655
MID9,SID9,67,2017-03-08 06:31:10,4.156,28,2.3881156407036253
MID24,SID24,67,2017-03-08 06:31:10,2.597,26,2.097714210011352
MID23,SID23,67,2017-03-08 06:31:10,4.156,29,2.4642164164821785
MID22,SID22,67,2017-03-08 06:31:10,3.636,34,2.2598489261045946
MID21,SID21,67,2017-03-08 06:31:10,3.117,27,2.0228757205457053
MID20,SID20,67,2017-03-08 06:31:10,3.636,34,2.4854866074777147
MID100,SID100,67,2017-03-08 06:31:10,4.156,29,2.47803971254499
MID79,SID79,67,2017-03-08 06:31:10,2.597,31,2.0976010577415805
MID78,SID78,67,2017-03-08 06:31:10,4.156,26,2.0968118926960737
MID77,SID77,67,2017-03-08 06:31:10,2.597,34,2.49547024454727
MID76,SID76,67,2017-03-08 06:31:10,3.117,26,2.333093439082843
MID75,SID75,67,2017-03-08 06:31:10,3.636,32,2.2241345973283178
MID74,SID74,67,2017-03-08 06:31:10,4.156,28,2.049176311657131
MID73,SID73,67,2017-03-08 06:31:10,3.117,34,2.3342474536151
MID72,SID72,67,2017-03-08 06:31:10,5.194,34,2.3222772090892283
MID71,SID71,67,2017-03-08 06:31:10,3.117,34,2.014969041680539
MID70,SID70,67,2017-03-08 06:31:10,3.117,26,2.2160430739943284
MID90,SID90,67,2017-03-08 06:31:10,4.156,27,2.001679127985956
MID89,SID89,67,2017-03-08 06:31:10,5.194,31,2.1353842742574343
MID88,SID88,67,2017-03-08 06:31:10,4.156,32,2.393407802364783
MID86,SID86,67,2017-03-08 06:31:10,3.117,28,2.0512272309327515
MID85,SID85,67,2017-03-08 06:31:10,5.194,34,2.205373111009811
MID84,SID84,67,2017-03-08 06:31:10,3.117,34,2.331053988367566
MID83,SID83,67,2017-03-08 06:31:10,3.117,26,2.08285442253731
MID82,SID82,67,2017-03-08 06:31:10,4.675,32,2.456833910630295
MID81,SID81,67,2017-03-08 06:31:10,4.675,31,2.3306308846246924
MID80,SID80,67,2017-03-08 06:31:10,4.675,33,2.396702992176789
MID59,SID59,67,2017-03-08 06:31:10,3.117,29,2.354218532501384
MID58,SID58,67,2017-03-08 06:31:10,3.117,28,2.0588826517378767
MID57,SID57,67,2017-03-08 06:31:10,5.194,25,2.4710567316998744
MID56,SID56,67,2017-03-08 06:31:10,2.597,25,2.13694812543789
MID55,SID55,67,2017-03-08 06:31:10,4.156,32,2.3144626772123673
MID54,SID54,67,2017-03-08 06:31:10,2.597,28,2.1831384773083657
MID53,SID53,67,2017-03-08 06:31:10,3.636,29,2.386204043368529
MID51,SID51,67,2017-03-08 06:31:10,4.675,33,2.3741939379179353
MID50,SID50,67,2017-03-08 06:31:10,2.597,28,2.174759457652335
MID69,SID69,67,2017-03-08 06:31:10,5.194,25,2.1899574161401807
MID68,SID68,67,2017-03-08 06:31:10,3.636,25,2.2314197651695227
MID67,SID67,67,2017-03-08 06:31:10,4.675,29,2.333270300861277
MID66,SID66,67,2017-03-08 06:31:10,3.117,34,2.3962344140984007
MID65,SID65,67,2017-03-08 06:31:10,4.675,27,2.07529932632995
MID64,SID64,67,2017-03-08 06:31:10,4.156,31,2.017599457752554
MID63,SID63,67,2017-03-08 06:31:10,3.117,27,2.2259728835192227
MID62,SID62,67,2017-03-08 06:31:10,5.194,28,2.4219447801117884
MID61,SID61,67,2017-03-08 06:31:10,4.675,26,2.2991439242912377
MID60,SID60,67,2017-03-08 06:31:10,4.675,31,2.3836224306089933
MID39,SID39,67,2017-03-08 06:31:10,4.156,29,2.382269333736224
MID38,SID38,67,2017-03-08 06:31:10,3.636,25,2.0374016065593046
MID37,SID37,67,2017-03-08 06:31:10,4.156,34,2.3980798818582825
MID36,SID36,67,2017-03-08 06:31:10,4.675,34,2.2495760604054222
MID35,SID35,67,2017-03-08 06:31:10,4.675,25,2.3471037029489548
MID34,SID34,67,2017-03-08 06:31:10,2.597,26,2.0593335322081154
MID33,SID33,67,2017-03-08 06:31:10,5.194,28,2.008907427114088
MID32,SID32,67,2017-03-08 06:31:10,4.675,33,2.145931611883199
MID31,SID31,67,2017-03-08 06:31:10,2.597,31,2.2002016995737605
MID30,SID30,67,2017-03-08 06:31:10,3.636,27,2.392690639662725
MID49,SID49,67,2017-03-08 06:31:10,3.636,30,2.463056273443371
MID48,SID48,67,2017-03-08 06:31:10,4.675,29,2.3938256989589632
MID47,SID47,67,2017-03-08 06:31:10,3.636,32,2.3787578043935262
MID46,SID46,67,2017-03-08 06:31:10,4.156,28,2.263285002673849
MID45,SID45,67,2017-03-08 06:31:10,3.636,27,2.137860596130702
MID44,SID44,67,2017-03-08 06:31:10,2.597,32,2.254732530541574
MID43,SID43,67,2017-03-08 06:31:10,3.117,25,2.28759533143719
MID42,SID42,67,2017-03-08 06:31:10,4.675,29,2.4783992627469966
MID41,SID41,67,2017-03-08 06:31:10,4.675,28,2.300570467414753
MID40,SID40,67,2017-03-08 06:31:10,5.194,26,2.3079210820330682
MID19,SID19,67,2017-03-08 06:31:20,4.178,34,2.0523665387309356
MID18,SID18,67,2017-03-08 06:31:20,3.656,32,2.4548663027208444
MID17,SID17,67,2017-03-08 06:31:20,4.178,32,2.2180887675526235
MID16,SID16,67,2017-03-08 06:31:20,3.656,32,2.3879150197668073
MID15,SID15,67,2017-03-08 06:31:20,2.611,31,2.2737906585533705
MID14,SID14,67,2017-03-08 06:31:20,4.178,29,2.1275843097295186
MID13,SID13,67,2017-03-08 06:31:20,4.700,29,2.0639075830822575
MID12,SID12,67,2017-03-08 06:31:20,4.178,33,2.181376872290798
MID11,SID11,67,2017-03-08 06:31:20,5.222,29,2.486544879598621
MID99,SID99,67,2017-03-08 06:31:20,3.656,29,2.144171150863228
MID10,SID10,67,2017-03-08 06:31:20,2.611,25,2.363031326059679
MID98,SID98,67,2017-03-08 06:31:20,4.700,31,2.104850996914295
MID97,SID97,67,2017-03-08 06:31:20,2.611,26,2.0193415122864202
MID96,SID96,67,2017-03-08 06:31:20,4.700,34,2.4586794357845196
MID95,SID95,67,2017-03-08 06:31:20,5.222,26,2.433545195248727
MID94,SID94,67,2017-03-08 06:31:20,5.222,32,2.360623306861348
MID93,SID93,67,2017-03-08 06:31:20,5.222,25,2.349391921139162
MID92,SID92,67,2017-03-08 06:31:20,3.656,29,2.2107197084587376
MID91,SID91,67,2017-03-08 06:31:20,5.222,30,2.0355685757111392
MID4,SID4,67,2017-03-08 06:31:20,2.611,32,2.4940631401004696
MID5,SID5,67,2017-03-08 06:31:20,4.178,28,2.114516856371383
MID6,SID6,67,2017-03-08 06:31:20,3.133,34,2.4312935044098434
MID7,SID7,67,2017-03-08 06:31:20,5.222,29,2.1280361006456827
MID1,SID1,67,2017-03-08 06:31:20,3.656,27,2.130686388848947
MID2,SID2,67,2017-03-08 06:31:20,5.222,34,2.1515109916519015
MID3,SID3,67,2017-03-08 06:31:20,4.700,27,2.4295380008498615
MID29,SID29,67,2017-03-08 06:31:20,4.700,32,2.266884660500186
MID28,SID28,67,2017-03-08 06:31:20,3.656,32,2.1721673392349206
MID27,SID27,67,2017-03-08 06:31:20,3.133,31,2.2786694989843483
MID26,SID26,67,2017-03-08 06:31:20,3.133,28,2.493269947248658
MID8,SID8,67,2017-03-08 06:31:20,3.656,26,2.334958818170534
MID25,SID25,67,2017-03-08 06:31:20,2.611,32,2.136913354665175
MID9,SID9,67,2017-03-08 06:31:20,4.178,25,2.3369553780237946
MID24,SID24,67,2017-03-08 06:31:20,2.611,32,2.17065430755693
MID23,SID23,67,2017-03-08 06:31:20,4.178,28,2.2111926500707835
MID22,SID22,67,2017-03-08 06:31:20,3.656,29,2.318656707994601
MID21,SID21,67,2017-03-08 06:31:20,3.133,31,2.402617980355906
MID20,SID20,67,2017-03-08 06:31:20,3.656,29,2.4936200762729586
MID100,SID100,67,2017-03-08 06:31:20,4.178,26,2.078379867251405
MID79,SID79,67,2017-03-08 06:31:20,2.611,33,2.0575949903261717
MID78,SID78,67,2017-03-08 06:31:20,4.178,31,2.338438933634233
MID77,SID77,67,2017-03-08 06:31:20,2.611,28,2.0781742374548897
MID76,SID76,67,2017-03-08 06:31:20,3.133,34,2.3007886116497924
MID75,SID75,67,2017-03-08 06:31:20,3.656,28,2.1785653616903367
MID74,SID74,67,2017-03-08 06:31:20,4.178,31,2.297440065690078
MID73,SID73,67,2017-03-08 06:31:20,3.133,27,2.081463709385965
MID72,SID72,67,2017-03-08 06:31:20,5.222,26,2.313344489542189
MID71,SID71,67,2017-03-08 06:31:20,3.133,30,2.2038077982525466
MID70,SID70,67,2017-03-08 06:31:20,3.133,31,2.427567385901893
MID90,SID90,67,2017-03-08 06:31:20,4.178,28,2.379902869111004
MID89,SID89,67,2017-03-08 06:31:20,5.222,30,2.351473711346735
MID88,SID88,67,2017-03-08 06:31:20,4.178,27,2.312864755028989
MID86,SID86,67,2017-03-08 06:31:20,3.133,30,2.0312128413535744
MID85,SID85,67,2017-03-08 06:31:20,5.222,33,2.184406623861492
MID84,SID84,67,2017-03-08 06:31:20,3.133,33,2.407538895193727
MID83,SID83,67,2017-03-08 06:31:20,3.133,32,2.0200349471755787
MID82,SID82,67,2017-03-08 06:31:20,4.700,33,2.1844188905451922
MID81,SID81,67,2017-03-08 06:31:20,4.700,33,2.3271858409353428
MID80,SID80,67,2017-03-08 06:31:20,4.700,34,2.084001250109472
MID59,SID59,67,2017-03-08 06:31:20,3.133,31,2.4767132475034845
MID58,SID58,67,2017-03-08 06:31:20,3.133,27,2.0925062545639053
MID57,SID57,67,2017-03-08 06:31:20,5.222,34,2.453978051169769
MID56,SID56,67,2017-03-08 06:31:20,2.611,26,2.0876061636176333
MID55,SID55,67,2017-03-08 06:31:20,4.178,31,2.4943882375141144
MID54,SID54,67,2017-03-08 06:31:20,2.611,26,2.144860168548202
MID53,SID53,67,2017-03-08 06:31:20,3.656,31,2.482608906488423
MID51,SID51,67,2017-03-08 06:31:20,4.700,27,2.2505942691652376
MID50,SID50,67,2017-03-08 06:31:20,2.611,30,2.0620945636636137
MID69,SID69,67,2017-03-08 06:31:20,5.222,29,2.025970796076359
MID68,SID68,67,2017-03-08 06:31:20,3.656,30,2.2026527512938228
MID67,SID67,67,2017-03-08 06:31:20,4.700,27,2.1448780973713824
MID66,SID66,67,2017-03-08 06:31:20,3.133,30,2.4375826527117184
MID65,SID65,67,2017-03-08 06:31:20,4.700,33,2.046618362130308
MID64,SID64,67,2017-03-08 06:31:20,4.178,31,2.381128507614019
MID63,SID63,67,2017-03-08 06:31:20,3.133,28,2.107087081196986
MID62,SID62,67,2017-03-08 06:31:20,5.222,31,2.185327105812916
MID61,SID61,67,2017-03-08 06:31:20,4.700,33,2.0103552047986284
MID60,SID60,67,2017-03-08 06:31:20,4.700,26,2.004458812658141
MID39,SID39,67,2017-03-08 06:31:20,4.178,28,2.051161546843255
MID38,SID38,67,2017-03-08 06:31:20,3.656,29,2.199144932111754
MID37,SID37,67,2017-03-08 06:31:20,4.178,26,2.1989408007640976
MID36,SID36,67,2017-03-08 06:31:20,4.700,27,2.425849291609089
MID35,SID35,67,2017-03-08 06:31:20,4.700,28,2.4939191629019515
MID34,SID34,67,2017-03-08 06:31:20,2.611,32,2.339471171028641
MID33,SID33,67,2017-03-08 06:31:20,5.222,28,2.074278906943445
MID32,SID32,67,2017-03-08 06:31:20,4.700,31,2.2571816628884704
MID31,SID31,67,2017-03-08 06:31:20,2.611,28,2.3479351980410055
MID30,SID30,67,2017-03-08 06:31:20,3.656,30,2.0107425392985636
MID49,SID49,67,2017-03-08 06:31:20,3.656,25,2.467896837664883
MID48,SID48,67,2017-03-08 06:31:20,4.700,34,2.365612114331414
MID47,SID47,67,2017-03-08 06:31:20,3.656,26,2.186316769138596
MID46,SID46,67,2017-03-08 06:31:20,4.178,27,2.01173168026766
MID45,SID45,67,2017-03-08 06:31:20,3.656,32,2.302113191118051
MID44,SID44,67,2017-03-08 06:31:20,2.611,32,2.3377890242996404
MID43,SID43,67,2017-03-08 06:31:20,3.133,30,2.3213628783278697
MID42,SID42,67,2017-03-08 06:31:20,4.700,27,2.164846831954642
MID41,SID41,67,2017-03-08 06:31:20,4.700,31,2.007381571965361
MID40,SID40,67,2017-03-08 06:31:20,5.222,34,2.1789730215285696
MID19,SID19,67,2017-03-08 06:31:30,4.200,33,2.4947703549163607
MID18,SID18,67,2017-03-08 06:31:30,3.675,34,2.134353439641504
MID17,SID17,67,2017-03-08 06:31:30,4.200,25,2.0005568518626684
MID16,SID16,67,2017-03-08 06:31:30,3.675,32,2.1231474969403035
MID15,SID15,67,2017-03-08 06:31:30,2.625,30,2.342441094593433
MID14,SID14,67,2017-03-08 06:31:30,4.200,34,2.4176725958765335
MID13,SID13,67,2017-03-08 06:31:30,4.725,33,2.2686815562495966
MID12,SID12,67,2017-03-08 06:31:30,4.200,34,2.373769235278082
MID11,SID11,67,2017-03-08 06:31:30,5.250,32,2.246930667542864
MID99,SID99,67,2017-03-08 06:31:30,3.675,29,2.0789047705301424
MID10,SID10,67,2017-03-08 06:31:30,2.625,26,2.033861113758677
MID98,SID98,67,2017-03-08 06:31:30,4.725,27,2.30515848567787
MID97,SID97,67,2017-03-08 06:31:30,2.625,33,2.14692812161411
MID96,SID96,67,2017-03-08 06:31:30,4.725,27,2.399662151822975
MID95,SID95,67,2017-03-08 06:31:30,5.250,31,2.112034131799997
MID94,SID94,67,2017-03-08 06:31:30,5.250,25,2.4195469177506577
MID93,SID93,67,2017-03-08 06:31:30,5.250,32,2.090669817676861
MID92,SID92,67,2017-03-08 06:31:30,3.675,30,2.4860904048863235
MID91,SID91,67,2017-03-08 06:31:30,5.250,33,2.0235056242440237
MID4,SID4,67,2017-03-08 06:31:30,2.625,29,2.4740866062291396
MID5,SID5,67,2017-03-08 06:31:30,4.200,25,2.4430084609854372
MID6,SID6,67,2017-03-08 06:31:30,3.150,31,2.1138228228647735
MID7,SID7,67,2017-03-08 06:31:30,5.250,28,2.186259673334899
MID1,SID1,67,2017-03-08 06:31:30,3.675,29,2.0432157782628684
MID2,SID2,67,2017-03-08 06:31:30,5.250,25,2.336839553837962
MID3,SID3,67,2017-03-08 06:31:30,4.725,31,2.168630550551714
MID29,SID29,67,2017-03-08 06:31:30,4.725,31,2.3980552952058396
MID28,SID28,67,2017-03-08 06:31:30,3.675,29,2.456361186893604
MID27,SID27,67,2017-03-08 06:31:30,3.150,31,2.0256043122330647
MID26,SID26,67,2017-03-08 06:31:30,3.150,27,2.2527155811623185
MID8,SID8,67,2017-03-08 06:31:30,3.675,27,2.105333037755711
MID25,SID25,67,2017-03-08 06:31:30,2.625,33,2.4679408239852623
MID9,SID9,67,2017-03-08 06:31:30,4.200,28,2.0989403604085286
MID24,SID24,67,2017-03-08 06:31:30,2.625,32,2.1627643638020047
MID23,SID23,67,2017-03-08 06:31:30,4.200,33,2.2873580313321202
MID22,SID22,67,2017-03-08 06:31:30,3.675,32,2.4737561107008115
MID21,SID21,67,2017-03-08 06:31:30,3.150,32,2.0216615062249534
MID20,SID20,67,2017-03-08 06:31:30,3.675,33,2.2146207571649925
MID100,SID100,67,2017-03-08 06:31:30,4.200,26,2.423833225500026
MID79,SID79,67,2017-03-08 06:31:30,2.625,28,2.1640531042634716
MID78,SID78,67,2017-03-08 06:31:30,4.200,25,2.1704667585638404
MID77,SID77,67,2017-03-08 06:31:30,2.625,29,2.4565162199590196
MID76,SID76,67,2017-03-08 06:31:30,3.150,26,2.4648114334947206
MID75,SID75,67,2017-03-08 06:31:30,3.675,32,2.4028844610522317
MID74,SID74,67,2017-03-08 06:31:30,4.200,31,2.497536823618071
MID73,SID73,67,2017-03-08 06:31:30,3.150,27,2.373258242376572
MID72,SID72,67,2017-03-08 06:31:30,5.250,33,2.026702229811514
MID71,SID71,67,2017-03-08 06:31:30,3.150,30,2.3278136666907687
MID70,SID70,67,2017-03-08 06:31:30,3.150,27,2.324884806533282
MID90,SID90,67,2017-03-08 06:31:30,4.200,33,2.0938929728985163
MID89,SID89,67,2017-03-08 06:31:30,5.250,31,2.2374865535753825
MID88,SID88,67,2017-03-08 06:31:30,4.200,31,2.060577144953515
MID86,SID86,67,2017-03-08 06:31:30,3.150,33,2.301076494229945
MID85,SID85,67,2017-03-08 06:31:30,5.250,32,2.1702096959831207
MID84,SID84,67,2017-03-08 06:31:30,3.150,33,2.1144809848957378
MID83,SID83,67,2017-03-08 06:31:30,3.150,27,2.0242818594578798
MID82,SID82,67,2017-03-08 06:31:30,4.725,29,2.084432864020642
MID81,SID81,67,2017-03-08 06:31:30,4.725,26,2.025726790190971
MID80,SID80,67,2017-03-08 06:31:30,4.725,29,2.159571512924365
MID59,SID59,67,2017-03-08 06:31:30,3.150,27,2.444675533035647
MID58,SID58,67,2017-03-08 06:31:30,3.150,34,2.3889193369976556
MID57,SID57,67,2017-03-08 06:31:30,5.250,34,2.1410285513381972
MID56,SID56,67,2017-03-08 06:31:30,2.625,27,2.3839014660806894
MID55,SID55,67,2017-03-08 06:31:30,4.200,32,2.2297374253405104
MID54,SID54,67,2017-03-08 06:31:30,2.625,31,2.1745602857342
MID53,SID53,67,2017-03-08 06:31:30,3.675,25,2.088747227597161
MID51,SID51,67,2017-03-08 06:31:30,4.725,30,2.180542995837646
MID50,SID50,67,2017-03-08 06:31:30,2.625,34,2.2110944977754823
MID69,SID69,67,2017-03-08 06:31:30,5.250,29,2.447092038385991
MID68,SID68,67,2017-03-08 06:31:30,3.675,34,2.261994869487619
MID67,SID67,67,2017-03-08 06:31:30,4.725,26,2.406107712608904
MID66,SID66,67,2017-03-08 06:31:30,3.150,26,2.4580213271406524
MID65,SID65,67,2017-03-08 06:31:30,4.725,33,2.012798238280092
MID64,SID64,67,2017-03-08 06:31:30,4.200,26,2.337341948292476
MID63,SID63,67,2017-03-08 06:31:30,3.150,29,2.1295887949410486
MID62,SID62,67,2017-03-08 06:31:30,5.250,27,2.126504446183567
MID61,SID61,67,2017-03-08 06:31:30,4.725,31,2.350118128576939
MID60,SID60,67,2017-03-08 06:31:30,4.725,33,2.297127426692005
MID39,SID39,67,2017-03-08 06:31:30,4.200,31,2.3714790912836206
MID38,SID38,67,2017-03-08 06:31:30,3.675,34,2.1642864701587183
MID37,SID37,67,2017-03-08 06:31:30,4.200,31,2.197077393226434
MID36,SID36,67,2017-03-08 06:31:30,4.725,29,2.2443338220745535
MID35,SID35,67,2017-03-08 06:31:30,4.725,29,2.09138948594268
MID34,SID34,67,2017-03-08 06:31:30,2.625,25,2.077264661999393
MID33,SID33,67,2017-03-08 06:31:30,5.250,29,2.067950717449101
MID32,SID32,67,2017-03-08 06:31:30,4.725,34,2.1413090740485807
MID31,SID31,67,2017-03-08 06:31:30,2.625,31,2.381742115636675
MID30,SID30,67,2017-03-08 06:31:30,3.675,26,2.270637077536584
MID49,SID49,67,2017-03-08 06:31:30,3.675,32,2.0712912797657594
MID48,SID48,67,2017-03-08 06:31:30,4.725,30,2.4334157729929404
MID47,SID47,67,2017-03-08 06:31:30,3.675,29,2.2428709846970594
MID46,SID46,67,2017-03-08 06:31:30,4.200,28,2.2052777935474213
MID45,SID45,67,2017-03-08 06:31:30,3.675,26,2.4813603267818682
MID44,SID44,67,2017-03-08 06:31:30,2.625,26,2.070571122815459
MID43,SID43,67,2017-03-08 06:31:30,3.150,28,2.2066854342712183
MID42,SID42,67,2017-03-08 06:31:30,4.725,30,2.304323102662191
MID41,SID41,67,2017-03-08 06:31:30,4.725,26,2.343511627066645
MID40,SID40,67,2017-03-08 06:31:30,5.250,25,2.089375857257482
MID19,SID19,67,2017-03-08 06:31:40,4.222,33,2.3852770183726317
MID18,SID18,67,2017-03-08 06:31:40,3.694,29,2.4895628567532797
MID17,SID17,67,2017-03-08 06:31:40,4.222,28,2.033531728336008
MID16,SID16,67,2017-03-08 06:31:40,3.694,32,2.32200046727423
MID15,SID15,67,2017-03-08 06:31:40,2.639,31,2.012517023647873
MID14,SID14,67,2017-03-08 06:31:40,4.222,25,2.015336232752033
MID13,SID13,67,2017-03-08 06:31:40,4.750,29,2.3320494122227498
MID12,SID12,67,2017-03-08 06:31:40,4.222,29,2.477415152029056
MID11,SID11,67,2017-03-08 06:31:40,5.278,33,2.3872087236026105
MID99,SID99,67,2017-03-08 06:31:40,3.694,25,2.277479840368847
MID10,SID10,67,2017-03-08 06:31:40,2.639,25,2.019585324768493
MID98,SID98,67,2017-03-08 06:31:40,4.750,31,2.270593124447751
MID97,SID97,67,2017-03-08 06:31:40,2.639,31,2.1164957566484515
MID96,SID96,67,2017-03-08 06:31:40,4.750,26,2.1231372064866068
MID95,SID95,67,2017-03-08 06:31:40,5.278,34,2.040470542927348
MID94,SID94,67,2017-03-08 06:31:40,5.278,32,2.485666425849399
MID93,SID93,67,2017-03-08 06:31:40,5.278,30,2.276073301907388
MID92,SID92,67,2017-03-08 06:31:40,3.694,31,2.4534991854592194
MID91,SID91,67,2017-03-08 06:31:40,5.278,29,2.4427735430889648
MID4,SID4,67,2017-03-08 06:31:40,2.639,25,2.356631258194799
MID5,SID5,67,2017-03-08 06:31:40,4.222,25,2.08430388012493
MID6,SID6,67,2017-03-08 06:31:40,3.167,26,2.0175053432640615
MID7,SID7,67,2017-03-08 06:31:40,5.278,33,2.0831782974844075
MID1,SID1,67,2017-03-08 06:31:40,3.694,32,2.014426575101316
MID2,SID2,67,2017-03-08 06:31:40,5.278,31,2.292921174619216
MID3,SID3,67,2017-03-08 06:31:40,4.750,34,2.3588643938094123
MID29,SID29,67,2017-03-08 06:31:40,4.750,34,2.111597977013809
MID28,SID28,67,2017-03-08 06:31:40,3.694,26,2.1552295445697194
MID27,SID27,67,2017-03-08 06:31:40,3.167,28,2.4942563884137128
MID26,SID26,67,2017-03-08 06:31:40,3.167,34,2.0255881840185195
MID8,SID8,67,2017-03-08 06:31:40,3.694,31,2.434931579112706
MID25,SID25,67,2017-03-08 06:31:40,2.639,25,2.4075312478568245
MID9,SID9,67,2017-03-08 06:31:40,4.222,26,2.2044343709383276
MID24,SID24,67,2017-03-08 06:31:40,2.639,27,2.41902553943304
MID23,SID23,67,2017-03-08 06:31:40,4.222,25,2.2758164458039185
MID22,SID22,67,2017-03-08 06:31:40,3.694,29,2.0612880694291107
MID21,SID21,67,2017-03-08 06:31:40,3.167,31,2.385845895230006
MID20,SID20,67,2017-03-08 06:31:40,3.694,25,2.4493835099156636
MID100,SID100,67,2017-03-08 06:31:40,4.222,28,2.1342255985359113
MID79,SID79,67,2017-03-08 06:31:40,2.639,32,2.0629293393639245
MID78,SID78,67,2017-03-08 06:31:40,4.222,29,2.2968444413713205
MID77,SID77,67,2017-03-08 06:31:40,2.639,27,2.155236624035356
MID76,SID76,67,2017-03-08 06:31:40,3.167,33,2.3874048118092293
MID75,SID75,67,2017-03-08 06:31:40,3.694,26,2.3420898999069757
MID74,SID74,67,2017-03-08 06:31:40,4.222,33,2.0089536595723256
MID73,SID73,67,2017-03-08 06:31:40,3.167,29,2.1815602409680857
MID72,SID72,67,2017-03-08 06:31:40,5.278,34,2.0456452790810618
MID71,SID71,67,2017-03-08 06:31:40,3.167,25,2.0597591003938134
MID70,SID70,67,2017-03-08 06:31:40,3.167,28,2.361000620787013
MID90,SID90,67,2017-03-08 06:31:40,4.222,30,2.4880939866203944
MID89,SID89,67,2017-03-08 06:31:40,5.278,30,2.405313966209579
MID88,SID88,67,2017-03-08 06:31:40,4.222,27,2.1064900915179154
MID86,SID86,67,2017-03-08 06:31:40,3.167,33,2.208842468028453
MID85,SID85,67,2017-03-08 06:31:40,5.278,33,2.364635376154928
MID84,SID84,67,2017-03-08 06:31:40,3.167,25,2.415013316026358
MID83,SID83,67,2017-03-08 06:31:40,3.167,30,2.11856438027579
MID82,SID82,67,2017-03-08 06:31:40,4.750,32,2.0396023704154578
MID81,SID81,67,2017-03-08 06:31:40,4.750,27,2.3210019184234687
MID80,SID80,67,2017-03-08 06:31:40,4.750,31,2.069790381612583
MID59,SID59,67,2017-03-08 06:31:40,3.167,26,2.3437821920444635
MID58,SID58,67,2017-03-08 06:31:40,3.167,27,2.2721527789856077
MID57,SID57,67,2017-03-08 06:31:40,5.278,33,2.2559406871145984
MID56,SID56,67,2017-03-08 06:31:40,2.639,28,2.050410543764952
MID55,SID55,67,2017-03-08 06:31:40,4.222,31,2.0190523701747805
MID54,SID54,67,2017-03-08 06:31:40,2.639,32,2.3732134459931173
MID53,SID53,67,2017-03-08 06:31:40,3.694,26,2.4502403805698085
MID51,SID51,67,2017-03-08 06:31:40,4.750,31,2.3922676566171166
MID50,SID50,67,2017-03-08 06:31:40,2.639,25,2.362861811735387
MID69,SID69,67,2017-03-08 06:31:40,5.278,33,2.371096121170214
MID68,SID68,67,2017-03-08 06:31:40,3.694,31,2.275988536127553
MID67,SID67,67,2017-03-08 06:31:40,4.750,28,2.3866724861341204
MID66,SID66,67,2017-03-08 06:31:40,3.167,34,2.477668500534759
MID65,SID65,67,2017-03-08 06:31:40,4.750,34,2.071079317067539
MID64,SID64,67,2017-03-08 06:31:40,4.222,28,2.496514339910231
MID63,SID63,67,2017-03-08 06:31:40,3.167,26,2.0984148085278216
MID62,SID62,67,2017-03-08 06:31:40,5.278,33,2.2395761036517357
MID61,SID61,67,2017-03-08 06:31:40,4.750,28,2.1242989348614043
MID60,SID60,67,2017-03-08 06:31:40,4.750,33,2.2983173160499355
MID39,SID39,67,2017-03-08 06:31:40,4.222,34,2.0677048233575572
MID38,SID38,67,2017-03-08 06:31:40,3.694,33,2.0319043765463416
MID37,SID37,67,2017-03-08 06:31:40,4.222,32,2.3533889877154643
MID36,SID36,67,2017-03-08 06:31:40,4.750,29,2.062207556323116
MID35,SID35,67,2017-03-08 06:31:40,4.750,33,2.1398619861945187
MID34,SID34,67,2017-03-08 06:31:40,2.639,29,2.289901527473324
MID33,SID33,67,2017-03-08 06:31:40,5.278,30,2.0533698005570913
MID32,SID32,67,2017-03-08 06:31:40,4.750,30,2.1086275519217192
MID31,SID31,67,2017-03-08 06:31:40,2.639,32,2.2203200618629224
MID30,SID30,67,2017-03-08 06:31:40,3.694,33,2.202268986903337
MID49,SID49,67,2017-03-08 06:31:40,3.694,34,2.1421348045595887
MID48,SID48,67,2017-03-08 06:31:40,4.750,28,2.036848267117981
MID47,SID47,67,2017-03-08 06:31:40,3.694,34,2.1594899558316376
MID46,SID46,67,2017-03-08 06:31:40,4.222,25,2.3798622380958987
MID45,SID45,67,2017-03-08 06:31:40,3.694,34,2.0562155802901816
MID44,SID44,67,2017-03-08 06:31:40,2.639,27,2.145337090100774
MID43,SID43,67,2017-03-08 06:31:40,3.167,34,2.0911932993272515
MID42,SID42,67,2017-03-08 06:31:40,4.750,33,2.392908882014855
MID41,SID41,67,2017-03-08 06:31:40,4.750,27,2.231501858051049
MID40,SID40,67,2017-03-08 06:31:40,5.278,25,2.198587980707075
MID19,SID19,67,2017-03-08 06:31:50,4.244,34,2.2360788431281087
MID18,SID18,67,2017-03-08 06:31:50,3.714,31,2.2236026326935816
MID17,SID17,67,2017-03-08 06:31:50,4.244,34,2.1459827484248533
MID16,SID16,67,2017-03-08 06:31:50,3.714,33,2.088062942463913
MID15,SID15,67,2017-03-08 06:31:50,2.653,25,2.464616720196395
MID14,SID14,67,2017-03-08 06:31:50,4.244,28,2.324105859314529
MID13,SID13,67,2017-03-08 06:31:50,4.775,34,2.1315621374752665
MID12,SID12,67,2017-03-08 06:31:50,4.244,34,2.485892379503259
MID11,SID11,67,2017-03-08 06:31:50,5.306,31,2.160474948874686
MID99,SID99,67,2017-03-08 06:31:50,3.714,30,2.086191118462726
MID10,SID10,67,2017-03-08 06:31:50,2.653,27,2.3861544275058786
MID98,SID98,67,2017-03-08 06:31:50,4.775,27,2.2954157491660587
MID97,SID97,67,2017-03-08 06:31:50,2.653,32,2.294832649010462
MID96,SID96,67,2017-03-08 06:31:50,4.775,32,2.221252018092082
MID95,SID95,67,2017-03-08 06:31:50,5.306,25,2.0113656516398906
MID94,SID94,67,2017-03-08 06:31:50,5.306,31,2.159232439431499
MID93,SID93,67,2017-03-08 06:31:50,5.306,26,2.441665028861938
MID92,SID92,67,2017-03-08 06:31:50,3.714,25,2.057576656150776
MID91,SID91,67,2017-03-08 06:31:50,5.306,31,2.201120773220311
MID4,SID4,67,2017-03-08 06:31:50,2.653,33,2.165882231221175
MID5,SID5,67,2017-03-08 06:31:50,4.244,34,2.1697769124303536
MID6,SID6,67,2017-03-08 06:31:50,3.183,29,2.4454802586330486
MID7,SID7,67,2017-03-08 06:31:50,5.306,27,2.1145649289651054
MID1,SID1,67,2017-03-08 06:31:50,3.714,31,2.2038957383141997
MID2,SID2,67,2017-03-08 06:31:50,5.306,26,2.44641805325862
MID3,SID3,67,2017-03-08 06:31:50,4.775,31,2.481213105196195
MID29,SID29,67,2017-03-08 06:31:50,4.775,32,2.298855390410225
MID28,SID28,67,2017-03-08 06:31:50,3.714,33,2.4865099512959197
MID27,SID27,67,2017-03-08 06:31:50,3.183,33,2.083761454866646
MID26,SID26,67,2017-03-08 06:31:50,3.183,28,2.229724424598772
MID8,SID8,67,2017-03-08 06:31:50,3.714,28,2.165214706895385
MID25,SID25,67,2017-03-08 06:31:50,2.653,30,2.182666733228518
MID9,SID9,67,2017-03-08 06:31:50,4.244,26,2.295402607151543
MID24,SID24,67,2017-03-08 06:31:50,2.653,26,2.257451613330125
MID23,SID23,67,2017-03-08 06:31:50,4.244,33,2.1273759468173568
MID22,SID22,67,2017-03-08 06:31:50,3.714,26,2.499072127252469
MID21,SID21,67,2017-03-08 06:31:50,3.183,27,2.4486702841201002
MID20,SID20,67,2017-03-08 06:31:50,3.714,27,2.483889665602524
MID100,SID100,67,2017-03-08 06:31:50,4.244,33,2.2215647685316164
MID79,SID79,67,2017-03-08 06:31:50,2.653,34,2.244874148982627
MID78,SID78,67,2017-03-08 06:31:50,4.244,29,2.302212289968789
MID77,SID77,67,2017-03-08 06:31:50,2.653,32,2.3791491576472557
MID76,SID76,67,2017-03-08 06:31:50,3.183,34,2.0858095327557624
MID75,SID75,67,2017-03-08 06:31:50,3.714,28,2.0577445334160345
MID74,SID74,67,2017-03-08 06:31:50,4.244,29,2.401287749781349
MID73,SID73,67,2017-03-08 06:31:50,3.183,31,2.430193128895142
MID72,SID72,67,2017-03-08 06:31:50,5.306,34,2.05489573520762
MID71,SID71,67,2017-03-08 06:31:50,3.183,32,2.3043494692184856
MID70,SID70,67,2017-03-08 06:31:50,3.183,25,2.2851470439843125
MID90,SID90,67,2017-03-08 06:31:50,4.244,34,2.21385560616355
MID89,SID89,67,2017-03-08 06:31:50,5.306,29,2.139116708577264
MID88,SID88,67,2017-03-08 06:31:50,4.244,31,2.3410248128962943
MID86,SID86,67,2017-03-08 06:31:50,3.183,34,2.2346946590694814
MID85,SID85,67,2017-03-08 06:31:50,5.306,30,2.4633885696872557
MID84,SID84,67,2017-03-08 06:31:50,3.183,34,2.33084530615006
MID83,SID83,67,2017-03-08 06:31:50,3.183,27,2.1494325626076147
MID82,SID82,67,2017-03-08 06:31:50,4.775,26,2.0580316037819926
MID81,SID81,67,2017-03-08 06:31:50,4.775,26,2.1710278026674823
MID80,SID80,67,2017-03-08 06:31:50,4.775,34,2.1400844323825936
MID59,SID59,67,2017-03-08 06:31:50,3.183,26,2.329564719056427
MID58,SID58,67,2017-03-08 06:31:50,3.183,31,2.0531314652830317
MID57,SID57,67,2017-03-08 06:31:50,5.306,32,2.455585172694025
MID56,SID56,67,2017-03-08 06:31:50,2.653,31,2.425768453416895
MID55,SID55,67,2017-03-08 06:31:50,4.244,32,2.2023521407981765
MID54,SID54,67,2017-03-08 06:31:50,2.653,29,2.1926178745255083
MID53,SID53,67,2017-03-08 06:31:50,3.714,25,2.169837115151152
MID51,SID51,67,2017-03-08 06:31:50,4.775,34,2.220347024625005
MID50,SID50,67,2017-03-08 06:31:50,2.653,30,2.311341101706031
MID69,SID69,67,2017-03-08 06:31:50,5.306,26,2.4757273672765847
MID68,SID68,67,2017-03-08 06:31:50,3.714,25,2.277869329114727
MID67,SID67,67,2017-03-08 06:31:50,4.775,32,2.0727659660416133
MID66,SID66,67,2017-03-08 06:31:50,3.183,30,2.156248580283038
MID65,SID65,67,2017-03-08 06:31:50,4.775,28,2.083605699695774
MID64,SID64,67,2017-03-08 06:31:50,4.244,26,2.0403595004925186
MID63,SID63,67,2017-03-08 06:31:50,3.183,30,2.265011593778522
MID62,SID62,67,2017-03-08 06:31:50,5.306,27,2.2229300048426053
MID61,SID61,67,2017-03-08 06:31:50,4.775,28,2.0422647552489837
MID60,SID60,67,2017-03-08 06:31:50,4.775,31,2.1482851826005067
MID39,SID39,67,2017-03-08 06:31:50,4.244,29,2.03689713491591
MID38,SID38,67,2017-03-08 06:31:50,3.714,32,2.278963919404811
MID37,SID37,67,2017-03-08 06:31:50,4.244,32,2.1225728383279936
MID36,SID36,67,2017-03-08 06:31:50,4.775,27,2.0558796116562124
MID35,SID35,67,2017-03-08 06:31:50,4.775,25,2.1257827160413454
MID34,SID34,67,2017-03-08 06:31:50,2.653,31,2.316434251864223
MID33,SID33,67,2017-03-08 06:31:50,5.306,30,2.08720756620028
MID32,SID32,67,2017-03-08 06:31:50,4.775,33,2.4835795826605356
MID31,SID31,67,2017-03-08 06:31:50,2.653,31,2.326125731060078
MID30,SID30,67,2017-03-08 06:31:50,3.714,25,2.0908231585565726
MID49,SID49,67,2017-03-08 06:31:50,3.714,31,2.3338262670079652
MID48,SID48,67,2017-03-08 06:31:50,4.775,28,2.062449019266708
MID47,SID47,67,2017-03-08 06:31:50,3.714,29,2.1769941926212564
MID46,SID46,67,2017-03-08 06:31:50,4.244,30,2.3188320011002785
MID45,SID45,67,2017-03-08 06:31:50,3.714,27,2.4940887706938146
MID44,SID44,67,2017-03-08 06:31:50,2.653,34,2.359936535945894
MID43,SID43,67,2017-03-08 06:31:50,3.183,25,2.196991581656331
MID42,SID42,67,2017-03-08 06:31:50,4.775,31,2.2612910263347596
MID41,SID41,67,2017-03-08 06:31:50,4.775,26,2.355804898804376
MID40,SID40,67,2017-03-08 06:31:50,5.306,31,2.4150186614341345
MID19,SID19,67,2017-03-08 06:32:00,4.267,34,2.0162213369836746
MID18,SID18,67,2017-03-08 06:32:00,3.733,29,2.47484846217289
MID17,SID17,67,2017-03-08 06:32:00,4.267,27,2.094880991870383
MID16,SID16,67,2017-03-08 06:32:00,3.733,34,2.355095469273872
MID15,SID15,67,2017-03-08 06:32:00,2.667,29,2.2095526975340154
MID14,SID14,67,2017-03-08 06:32:00,4.267,32,2.212309750419964
MID13,SID13,67,2017-03-08 06:32:00,4.800,28,2.1372285744295887
MID12,SID12,67,2017-03-08 06:32:00,4.267,30,2.4313360951066683
MID11,SID11,67,2017-03-08 06:32:00,5.333,31,2.049286842858656
MID99,SID99,67,2017-03-08 06:32:00,3.733,25,2.367700242634262
MID10,SID10,67,2017-03-08 06:32:00,2.667,29,2.2948344284118147
MID98,SID98,67,2017-03-08 06:32:00,4.800,32,2.1427541536070667
MID97,SID97,67,2017-03-08 06:32:00,2.667,30,2.364545437431765
MID96,SID96,67,2017-03-08 06:32:00,4.800,29,2.2134221133014034
MID95,SID95,67,2017-03-08 06:32:00,5.333,33,2.4735689389222917
MID94,SID94,67,2017-03-08 06:32:00,5.333,29,2.4491928643563132
MID93,SID93,67,2017-03-08 06:32:00,5.333,26,2.1672919540210356
MID92,SID92,67,2017-03-08 06:32:00,3.733,30,2.3389881229731126
MID91,SID91,67,2017-03-08 06:32:00,5.333,28,2.416795978789527
MID4,SID4,67,2017-03-08 06:32:00,2.667,26,2.177112327901987
MID5,SID5,67,2017-03-08 06:32:00,4.267,25,2.0410928562026194
MID6,SID6,67,2017-03-08 06:32:00,3.200,32,2.443047253756006
MID7,SID7,67,2017-03-08 06:32:00,5.333,29,2.222616601008879
MID1,SID1,67,2017-03-08 06:32:00,3.733,26,2.3477355471190315
MID2,SID2,67,2017-03-08 06:32:00,5.333,31,2.4316192909118683
MID3,SID3,67,2017-03-08 06:32:00,4.800,29,2.4755834028313863
MID29,SID29,67,2017-03-08 06:32:00,4.800,32,2.458072757841897
MID28,SID28,67,2017-03-08 06:32:00,3.733,31,2.1105367593228186
MID27,SID27,67,2017-03-08 06:32:00,3.200,34,2.026746843365259
MID26,SID26,67,2017-03-08 06:32:00,3.200,25,2.4284279749554107
MID8,SID8,67,2017-03-08 06:32:00,3.733,25,2.4703559131074946
MID25,SID25,67,2017-03-08 06:32:00,2.667,28,2.072098211075088
MID9,SID9,67,2017-03-08 06:32:00,4.267,29,2.42774775059905
MID24,SID24,67,2017-03-08 06:32:00,2.667,30,2.4475601391084933
MID23,SID23,67,2017-03-08 06:32:00,4.267,27,2.2913453988283923
MID22,SID22,67,2017-03-08 06:32:00,3.733,25,2.2898854189017426
MID21,SID21,67,2017-03-08 06:32:00,3.200,25,2.3307432437593723
MID20,SID20,67,2017-03-08 06:32:00,3.733,31,2.161604430494403
MID100,SID100,67,2017-03-08 06:32:00,4.267,31,2.4960511741577522
MID79,SID79,67,2017-03-08 06:32:00,2.667,33,2.386244292783787
MID78,SID78,67,2017-03-08 06:32:00,4.267,27,2.214940868270614
MID77,SID77,67,2017-03-08 06:32:00,2.667,27,2.0171439941686615
MID76,SID76,67,2017-03-08 06:32:00,3.200,25,2.1846495186727477
MID75,SID75,67,2017-03-08 06:32:00,3.733,28,2.272952699692161
MID74,SID74,67,2017-03-08 06:32:00,4.267,32,2.29775891176769
MID73,SID73,67,2017-03-08 06:32:00,3.200,32,2.0554061445797207
MID72,SID72,67,2017-03-08 06:32:00,5.333,32,2.359737255232031
MID71,SID71,67,2017-03-08 06:32:00,3.200,26,2.4797942927935135
MID70,SID70,67,2017-03-08 06:32:00,3.200,31,2.2856922275471736
MID90,SID90,67,2017-03-08 06:32:00,4.267,26,2.3602930572076195
MID89,SID89,67,2017-03-08 06:32:00,5.333,26,2.0101652809113286
MID88,SID88,67,2017-03-08 06:32:00,4.267,26,2.3081231256967025
MID86,SID86,67,2017-03-08 06:32:00,3.200,30,2.099393508819691
MID85,SID85,67,2017-03-08 06:32:00,5.333,32,2.2313729919596788
MID84,SID84,67,2017-03-08 06:32:00,3.200,30,2.182166505842313
MID83,SID83,67,2017-03-08 06:32:00,3.200,31,2.1529112589973405
MID82,SID82,67,2017-03-08 06:32:00,4.800,33,2.4904831426258807
MID81,SID81,67,2017-03-08 06:32:00,4.800,34,2.21094393244738
MID80,SID80,67,2017-03-08 06:32:00,4.800,31,2.085832466004308
MID59,SID59,67,2017-03-08 06:32:00,3.200,28,2.3166860370347964
MID58,SID58,67,2017-03-08 06:32:00,3.200,25,2.1919509589178228
MID57,SID57,67,2017-03-08 06:32:00,5.333,28,2.2902552612972595
MID56,SID56,67,2017-03-08 06:32:00,2.667,32,2.233049008584211
MID55,SID55,67,2017-03-08 06:32:00,4.267,28,2.112696066541019
MID54,SID54,67,2017-03-08 06:32:00,2.667,26,2.2281309839915866
MID53,SID53,67,2017-03-08 06:32:00,3.733,25,2.4513343603410185
MID51,SID51,67,2017-03-08 06:32:00,4.800,27,2.321450003427712
MID50,SID50,67,2017-03-08 06:32:00,2.667,26,2.0741960555113383
MID69,SID69,67,2017-03-08 06:32:00,5.333,29,2.1669643993251277
MID68,SID68,67,2017-03-08 06:32:00,3.733,32,2.089641300650891
MID67,SID67,67,2017-03-08 06:32:00,4.800,30,2.0526932842953367
MID66,SID66,67,2017-03-08 06:32:00,3.200,33,2.2810078825710525
MID65,SID65,67,2017-03-08 06:32:00,4.800,27,2.094657806791395
MID64,SID64,67,2017-03-08 06:32:00,4.267,26,2.102273353601702
MID63,SID63,67,2017-03-08 06:32:00,3.200,26,2.3624094812499363
MID62,SID62,67,2017-03-08 06:32:00,5.333,32,2.268946883400135
MID61,SID61,67,2017-03-08 06:32:00,4.800,26,2.1297386839064774
MID60,SID60,67,2017-03-08 06:32:00,4.800,34,2.485221128913156
MID39,SID39,67,2017-03-08 06:32:00,4.267,34,2.0036687294761473
MID38,SID38,67,2017-03-08 06:32:00,3.733,30,2.455227273024348
MID37,SID37,67,2017-03-08 06:32:00,4.267,29,2.1824092920323794
MID36,SID36,67,2017-03-08 06:32:00,4.800,34,2.2534969336636097
MID35,SID35,67,2017-03-08 06:32:00,4.800,29,2.1351295731508153
MID34,SID34,67,2017-03-08 06:32:00,2.667,30,2.4987093057374974
MID33,SID33,67,2017-03-08 06:32:00,5.333,25,2.3520536475583844
MID32,SID32,67,2017-03-08 06:32:00,4.800,27,2.1066007058307443
MID31,SID31,67,2017-03-08 06:32:00,2.667,29,2.0824107172949127
MID30,SID30,67,2017-03-08 06:32:00,3.733,32,2.0434336528481256
MID49,SID49,67,2017-03-08 06:32:00,3.733,28,2.36593825644977
MID48,SID48,67,2017-03-08 06:32:00,4.800,33,2.4421362339288835
MID47,SID47,67,2017-03-08 06:32:00,3.733,27,2.364444037524756
MID46,SID46,67,2017-03-08 06:32:00,4.267,29,2.041414699581554
MID45,SID45,67,2017-03-08 06:32:00,3.733,27,2.377973052010751
MID44,SID44,67,2017-03-08 06:32:00,2.667,32,2.069896783051207
MID43,SID43,67,2017-03-08 06:32:00,3.200,33,2.330415490490079
MID42,SID42,67,2017-03-08 06:32:00,4.800,27,2.1684151964333473
MID41,SID41,67,2017-03-08 06:32:00,4.800,30,2.228622294400302
MID40,SID40,67,2017-03-08 06:32:00,5.333,26,2.1444145975588533
MID19,SID19,67,2017-03-08 06:32:10,4.289,33,2.483976199237444
MID18,SID18,67,2017-03-08 06:32:10,3.753,32,2.447793863662596
MID17,SID17,67,2017-03-08 06:32:10,4.289,26,2.444721582461137
MID16,SID16,67,2017-03-08 06:32:10,3.753,26,2.1525334215175955
MID15,SID15,67,2017-03-08 06:32:10,2.681,29,2.3788388387352573
MID14,SID14,67,2017-03-08 06:32:10,4.289,33,2.4891874149922053
MID13,SID13,67,2017-03-08 06:32:10,4.825,33,2.38669807168262
MID12,SID12,67,2017-03-08 06:32:10,4.289,34,2.0094089982580234
MID11,SID11,67,2017-03-08 06:32:10,5.361,32,2.218260851606032
MID99,SID99,67,2017-03-08 06:32:10,3.753,29,2.181712495071271
MID10,SID10,67,2017-03-08 06:32:10,2.681,29,2.1978568533321456
MID98,SID98,67,2017-03-08 06:32:10,4.825,26,2.1230999890512177
MID97,SID97,67,2017-03-08 06:32:10,2.681,33,2.2857337222824867
MID96,SID96,67,2017-03-08 06:32:10,4.825,32,2.410337141808789
MID95,SID95,67,2017-03-08 06:32:10,5.361,27,2.3248668753908257
MID94,SID94,67,2017-03-08 06:32:10,5.361,32,2.2808314007425694
MID93,SID93,67,2017-03-08 06:32:10,5.361,34,2.031065642269355
MID92,SID92,67,2017-03-08 06:32:10,3.753,34,2.3697254685690856
MID4,SID4,67,2017-03-08 06:32:10,2.681,26,2.2787200278138595
MID5,SID5,67,2017-03-08 06:32:10,4.289,26,2.43766007050732
MID6,SID6,67,2017-03-08 06:32:10,3.217,28,2.326206938841318
MID7,SID7,67,2017-03-08 06:32:10,5.361,34,2.3736934598710553
MID1,SID1,67,2017-03-08 06:32:10,3.753,25,2.0558255875514426
MID2,SID2,67,2017-03-08 06:32:10,5.361,34,2.2832253600669636
MID3,SID3,67,2017-03-08 06:32:10,4.825,25,2.309140621546512
MID29,SID29,67,2017-03-08 06:32:10,4.825,25,2.140307643490309
MID28,SID28,67,2017-03-08 06:32:10,3.753,33,2.0195057630413458
MID27,SID27,67,2017-03-08 06:32:10,3.217,31,2.303651683392977
MID26,SID26,67,2017-03-08 06:32:10,3.217,30,2.4748670472436523
MID8,SID8,67,2017-03-08 06:32:10,3.753,32,2.0224941062428816
MID25,SID25,67,2017-03-08 06:32:10,2.681,26,2.241888687230695
MID9,SID9,67,2017-03-08 06:32:10,4.289,29,2.440301886913592
MID24,SID24,67,2017-03-08 06:32:10,2.681,34,2.1856345755032054
MID23,SID23,67,2017-03-08 06:32:10,4.289,30,2.011362427822537
MID22,SID22,67,2017-03-08 06:32:10,3.753,27,2.4430327222657064
MID21,SID21,67,2017-03-08 06:32:10,3.217,31,2.0867666575375856
MID20,SID20,67,2017-03-08 06:32:10,3.753,33,2.1855297908411915
MID100,SID100,67,2017-03-08 06:32:10,4.289,30,2.1120613819554186
MID79,SID79,67,2017-03-08 06:32:10,2.681,25,2.378471182165678
MID78,SID78,67,2017-03-08 06:32:10,4.289,33,2.157182409831519
MID77,SID77,67,2017-03-08 06:32:10,2.681,29,2.1170322131706105
MID76,SID76,67,2017-03-08 06:32:10,3.217,27,2.3516704683774305
MID75,SID75,67,2017-03-08 06:32:10,3.753,29,2.1844079433592434
MID74,SID74,67,2017-03-08 06:32:10,4.289,30,2.0428252554159476
MID73,SID73,67,2017-03-08 06:32:10,3.217,33,2.0639253320251894
MID72,SID72,67,2017-03-08 06:32:10,5.361,34,2.0169673175540597
MID71,SID71,67,2017-03-08 06:32:10,3.217,28,2.3190538588466083
MID70,SID70,67,2017-03-08 06:32:10,3.217,25,2.0758376031296653
MID90,SID90,67,2017-03-08 06:32:10,4.289,31,2.025277685509229
MID89,SID89,67,2017-03-08 06:32:10,5.361,33,2.2817284475176347
MID88,SID88,67,2017-03-08 06:32:10,4.289,26,2.1750537390691163
MID86,SID86,67,2017-03-08 06:32:10,3.217,29,2.2246949460980057
MID85,SID85,67,2017-03-08 06:32:10,5.361,29,2.430473017466448
MID84,SID84,67,2017-03-08 06:32:10,3.217,33,2.268832267249295
MID83,SID83,67,2017-03-08 06:32:10,3.217,26,2.1146130835171153
MID82,SID82,67,2017-03-08 06:32:10,4.825,27,2.498625360258371
MID81,SID81,67,2017-03-08 06:32:10,4.825,28,2.1046781535318053
MID80,SID80,67,2017-03-08 06:32:10,4.825,32,2.2955719247995487
MID59,SID59,67,2017-03-08 06:32:10,3.217,32,2.0181400395412594
MID58,SID58,67,2017-03-08 06:32:10,3.217,30,2.373856206438062
MID57,SID57,67,2017-03-08 06:32:10,5.361,26,2.200833942454911
MID56,SID56,67,2017-03-08 06:32:10,2.681,27,2.2367458106428573
MID55,SID55,67,2017-03-08 06:32:10,4.289,30,2.196593004424233
MID54,SID54,67,2017-03-08 06:32:10,2.681,25,2.2818035610241534
MID53,SID53,67,2017-03-08 06:32:10,3.753,25,2.17025072906821
MID51,SID51,67,2017-03-08 06:32:10,4.825,26,2.073528493678265
MID50,SID50,67,2017-03-08 06:32:10,2.681,29,2.1258656771918925
MID69,SID69,67,2017-03-08 06:32:10,5.361,32,2.048251740750455
MID68,SID68,67,2017-03-08 06:32:10,3.753,31,2.4991165432374243
MID67,SID67,67,2017-03-08 06:32:10,4.825,29,2.184063506632902
MID66,SID66,67,2017-03-08 06:32:10,3.217,33,2.4128176241706316
MID65,SID65,67,2017-03-08 06:32:10,4.825,27,2.31763953324715
MID64,SID64,67,2017-03-08 06:32:10,4.289,27,2.4555789682645854
MID63,SID63,67,2017-03-08 06:32:10,3.217,25,2.179024589610365
MID62,SID62,67,2017-03-08 06:32:10,5.361,33,2.4000243720069703
MID61,SID61,67,2017-03-08 06:32:10,4.825,27,2.2797685243604735
MID60,SID60,67,2017-03-08 06:32:10,4.825,31,2.360023497422628
MID39,SID39,67,2017-03-08 06:32:10,4.289,29,2.3102455388157086
MID38,SID38,67,2017-03-08 06:32:10,3.753,27,2.4929737506716028
MID37,SID37,67,2017-03-08 06:32:10,4.289,25,2.498707678232817
MID36,SID36,67,2017-03-08 06:32:10,4.825,27,2.118980830420198
MID35,SID35,67,2017-03-08 06:32:10,4.825,25,2.3424534069677976
MID34,SID34,67,2017-03-08 06:32:10,2.681,31,2.0417258217743783
MID33,SID33,67,2017-03-08 06:32:10,5.361,33,2.305855465954455
MID32,SID32,67,2017-03-08 06:32:10,4.825,31,2.128841359076785
MID31,SID31,67,2017-03-08 06:32:10,2.681,25,2.4498210650026353
MID30,SID30,67,2017-03-08 06:32:10,3.753,26,2.1027540181100295
MID49,SID49,67,2017-03-08 06:32:10,3.753,28,2.414808134497727
MID48,SID48,67,2017-03-08 06:32:10,4.825,32,2.3043190817435555
MID47,SID47,67,2017-03-08 06:32:10,3.753,31,2.209042192444847
MID46,SID46,67,2017-03-08 06:32:10,4.289,27,2.3240222704842037
MID45,SID45,67,2017-03-08 06:32:10,3.753,32,2.491734767265252
MID44,SID44,67,2017-03-08 06:32:10,2.681,33,2.3744779044655213
MID43,SID43,67,2017-03-08 06:32:10,3.217,29,2.1621697349289044
MID42,SID42,67,2017-03-08 06:32:10,4.825,30,2.3342140269941862
MID41,SID41,67,2017-03-08 06:32:10,4.825,31,2.4884646717994787
MID40,SID40,67,2017-03-08 06:32:10,5.361,26,2.286495902250424
MID19,SID19,67,2017-03-08 06:32:20,4.311,25,2.072219875626162
MID18,SID18,67,2017-03-08 06:32:20,3.772,29,2.1243991529131536
MID17,SID17,67,2017-03-08 06:32:20,4.311,26,2.030646666648043
MID16,SID16,67,2017-03-08 06:32:20,3.772,31,2.473360149746518
MID15,SID15,67,2017-03-08 06:32:20,2.694,32,2.040679340438674
MID14,SID14,67,2017-03-08 06:32:20,4.311,34,2.0578550278845413
MID13,SID13,67,2017-03-08 06:32:20,4.850,32,2.216206715416636
MID12,SID12,67,2017-03-08 06:32:20,4.311,30,2.426524810178307
MID11,SID11,67,2017-03-08 06:32:20,5.389,32,2.498263425990464
MID99,SID99,67,2017-03-08 06:32:20,3.772,33,2.3052378634254937
MID10,SID10,67,2017-03-08 06:32:20,2.694,33,2.0949355614540073
MID98,SID98,67,2017-03-08 06:32:20,4.850,27,2.033021275881636
MID97,SID97,67,2017-03-08 06:32:20,2.694,27,2.4629665487907877
MID96,SID96,67,2017-03-08 06:32:20,4.850,28,2.2223668866543136
MID95,SID95,67,2017-03-08 06:32:20,5.389,34,2.1512032787729902
MID94,SID94,67,2017-03-08 06:32:20,5.389,26,2.1861050439303296
MID93,SID93,67,2017-03-08 06:32:20,5.389,29,2.095806123154711
MID92,SID92,67,2017-03-08 06:32:20,3.772,25,2.097349225573979
MID4,SID4,67,2017-03-08 06:32:20,2.694,34,2.306593920104869
MID5,SID5,67,2017-03-08 06:32:20,4.311,28,2.287968296079752
MID6,SID6,67,2017-03-08 06:32:20,3.233,27,2.1087207125038776
MID7,SID7,67,2017-03-08 06:32:20,5.389,31,2.3961605244210347
MID1,SID1,67,2017-03-08 06:32:20,3.772,33,2.178434981124596
MID2,SID2,67,2017-03-08 06:32:20,5.389,25,2.201864193991107
MID3,SID3,67,2017-03-08 06:32:20,4.850,26,2.449865444506694
MID29,SID29,67,2017-03-08 06:32:20,4.850,33,2.341756112474175
MID28,SID28,67,2017-03-08 06:32:20,3.772,28,2.1154083042441845
MID27,SID27,67,2017-03-08 06:32:20,3.233,33,2.4732397169435094
MID26,SID26,67,2017-03-08 06:32:20,3.233,34,2.063918062073668
MID8,SID8,67,2017-03-08 06:32:20,3.772,27,2.1814022997527913
MID25,SID25,67,2017-03-08 06:32:20,2.694,25,2.274982707760535
MID9,SID9,67,2017-03-08 06:32:20,4.311,33,2.3905696573208925
MID24,SID24,67,2017-03-08 06:32:20,2.694,27,2.0499024208926175
MID23,SID23,67,2017-03-08 06:32:20,4.311,28,2.252995700581015
MID22,SID22,67,2017-03-08 06:32:20,3.772,26,2.2611249008799934
MID21,SID21,67,2017-03-08 06:32:20,3.233,34,2.2907410982180623
MID20,SID20,67,2017-03-08 06:32:20,3.772,27,2.306783674155348
MID100,SID100,67,2017-03-08 06:32:20,4.311,28,2.434540871511752
MID79,SID79,67,2017-03-08 06:32:20,2.694,32,2.0795807246802807
MID78,SID78,67,2017-03-08 06:32:20,4.311,29,2.006379062276501
MID77,SID77,67,2017-03-08 06:32:20,2.694,29,2.2814443510777127
MID76,SID76,67,2017-03-08 06:32:20,3.233,30,2.1225408443210934
MID75,SID75,67,2017-03-08 06:32:20,3.772,34,2.210822562898427
MID74,SID74,67,2017-03-08 06:32:20,4.311,26,2.4069645205990864
MID73,SID73,67,2017-03-08 06:32:20,3.233,27,2.3545128011469445
MID72,SID72,67,2017-03-08 06:32:20,5.389,33,2.184098759970287
MID71,SID71,67,2017-03-08 06:32:20,3.233,28,2.110479019327213
MID70,SID70,67,2017-03-08 06:32:20,3.233,27,2.090231891658684
MID90,SID90,67,2017-03-08 06:32:20,4.311,29,2.467277191188695
MID89,SID89,67,2017-03-08 06:32:20,5.389,33,2.2476233420962193
MID88,SID88,67,2017-03-08 06:32:20,4.311,25,2.2203748223522703
MID86,SID86,67,2017-03-08 06:32:20,3.233,34,2.122515651015749
MID85,SID85,67,2017-03-08 06:32:20,5.389,30,2.0756006996963867
MID84,SID84,67,2017-03-08 06:32:20,3.233,33,2.116814864325715
MID83,SID83,67,2017-03-08 06:32:20,3.233,27,2.2740509254556875
MID82,SID82,67,2017-03-08 06:32:20,4.850,26,2.4910377920658995
MID81,SID81,67,2017-03-08 06:32:20,4.850,29,2.286596513736292
MID80,SID80,67,2017-03-08 06:32:20,4.850,34,2.3817248145040537
MID59,SID59,67,2017-03-08 06:32:20,3.233,32,2.2847488668422233
MID58,SID58,67,2017-03-08 06:32:20,3.233,29,2.499756982972617
MID57,SID57,67,2017-03-08 06:32:20,5.389,25,2.2962441623095806
MID56,SID56,67,2017-03-08 06:32:20,2.694,29,2.1206714180693846
MID55,SID55,67,2017-03-08 06:32:20,4.311,25,2.10895231551009
MID54,SID54,67,2017-03-08 06:32:20,2.694,25,2.3485687371973833
MID53,SID53,67,2017-03-08 06:32:20,3.772,27,2.157907792898532
MID51,SID51,67,2017-03-08 06:32:20,4.850,26,2.254467833417944
MID50,SID50,67,2017-03-08 06:32:20,2.694,32,2.3573020272342706
MID69,SID69,67,2017-03-08 06:32:20,5.389,28,2.4985717135206125
MID68,SID68,67,2017-03-08 06:32:20,3.772,29,2.488983921776924
MID67,SID67,67,2017-03-08 06:32:20,4.850,29,2.28472050992983
MID66,SID66,67,2017-03-08 06:32:20,3.233,28,2.271132641021305
MID65,SID65,67,2017-03-08 06:32:20,4.850,34,2.02645454667469
MID64,SID64,67,2017-03-08 06:32:20,4.311,26,2.120850722577708
MID63,SID63,67,2017-03-08 06:32:20,3.233,33,2.383133578592507
MID62,SID62,67,2017-03-08 06:32:20,5.389,27,2.250208828511515
MID61,SID61,67,2017-03-08 06:32:20,4.850,33,2.1349087961319273
MID60,SID60,67,2017-03-08 06:32:20,4.850,26,2.2971675975806396
MID39,SID39,67,2017-03-08 06:32:20,4.311,25,2.235475688059491
MID38,SID38,67,2017-03-08 06:32:20,3.772,29,2.1799960541887424
MID37,SID37,67,2017-03-08 06:32:20,4.311,29,2.2717803783847494
MID36,SID36,67,2017-03-08 06:32:20,4.850,29,2.169339891409689
MID35,SID35,67,2017-03-08 06:32:20,4.850,30,2.339828513989241
MID34,SID34,67,2017-03-08 06:32:20,2.694,25,2.3019436705078893
MID33,SID33,67,2017-03-08 06:32:20,5.389,29,2.163997918018076
MID32,SID32,67,2017-03-08 06:32:20,4.850,31,2.325562826519322
MID31,SID31,67,2017-03-08 06:32:20,2.694,30,2.0485710215651327
MID30,SID30,67,2017-03-08 06:32:20,3.772,25,2.1681659893382084
MID49,SID49,67,2017-03-08 06:32:20,3.772,29,2.444342168445636
MID48,SID48,67,2017-03-08 06:32:20,4.850,32,2.104038066389117
MID47,SID47,67,2017-03-08 06:32:20,3.772,26,2.0870550107661865
MID46,SID46,67,2017-03-08 06:32:20,4.311,34,2.3658004948746507
MID45,SID45,67,2017-03-08 06:32:20,3.772,30,2.4179026010001423
MID44,SID44,67,2017-03-08 06:32:20,2.694,33,2.0911878139494484
MID43,SID43,67,2017-03-08 06:32:20,3.233,25,2.195733123436981
MID42,SID42,67,2017-03-08 06:32:20,4.850,33,2.366577315153859
MID41,SID41,67,2017-03-08 06:32:20,4.850,30,2.1887667512185196
MID40,SID40,67,2017-03-08 06:32:20,5.389,26,2.2156075382346305
MID19,SID19,67,2017-03-08 06:32:30,4.333,31,2.0684995663850954
MID18,SID18,67,2017-03-08 06:32:30,3.792,27,2.2624799746474142
MID17,SID17,67,2017-03-08 06:32:30,4.333,25,2.0751535097939193
MID16,SID16,67,2017-03-08 06:32:30,3.792,26,2.231153903707083
MID15,SID15,67,2017-03-08 06:32:30,2.708,25,2.368466945043622
MID14,SID14,67,2017-03-08 06:32:30,4.333,28,2.140140092571965
MID13,SID13,67,2017-03-08 06:32:30,4.875,34,2.3681316411777718
MID12,SID12,67,2017-03-08 06:32:30,4.333,31,2.4603832812672537
MID11,SID11,67,2017-03-08 06:32:30,5.417,25,2.4638896333098907
MID99,SID99,67,2017-03-08 06:32:30,3.792,25,2.0523457131209146
MID10,SID10,67,2017-03-08 06:32:30,2.708,30,2.2415551111747622
MID98,SID98,67,2017-03-08 06:32:30,4.875,33,2.0069888252659416
MID97,SID97,67,2017-03-08 06:32:30,2.708,26,2.270901047816421
MID96,SID96,67,2017-03-08 06:32:30,4.875,27,2.1727380450086753
MID95,SID95,67,2017-03-08 06:32:30,5.417,33,2.3682522233026866
MID94,SID94,67,2017-03-08 06:32:30,5.417,25,2.3906904969383724
MID93,SID93,67,2017-03-08 06:32:30,5.417,25,2.026148263217932
MID92,SID92,67,2017-03-08 06:32:30,3.792,34,2.0590361642690396
MID4,SID4,67,2017-03-08 06:32:30,2.708,28,2.252832259366651
MID5,SID5,67,2017-03-08 06:32:30,4.333,26,2.3789451283274756
MID6,SID6,67,2017-03-08 06:32:30,3.250,26,2.294496761900491
MID7,SID7,67,2017-03-08 06:32:30,5.417,31,2.232055872485466
MID1,SID1,67,2017-03-08 06:32:30,3.792,26,2.144878257576499
MID2,SID2,67,2017-03-08 06:32:30,5.417,27,2.4366462724060374
MID3,SID3,67,2017-03-08 06:32:30,4.875,33,2.2394764601951747
MID29,SID29,67,2017-03-08 06:32:30,4.875,25,2.4885318317541842
MID28,SID28,67,2017-03-08 06:32:30,3.792,27,2.007960589584764
MID27,SID27,67,2017-03-08 06:32:30,3.250,25,2.1730263086100066
MID26,SID26,67,2017-03-08 06:32:30,3.250,26,2.4949546269749794
MID8,SID8,67,2017-03-08 06:32:30,3.792,32,2.4101198332330416
MID25,SID25,67,2017-03-08 06:32:30,2.708,28,2.4003726560659877
MID9,SID9,67,2017-03-08 06:32:30,4.333,30,2.2273874748596127
MID24,SID24,67,2017-03-08 06:32:30,2.708,27,2.096144591402677
MID23,SID23,67,2017-03-08 06:32:30,4.333,31,2.03752425832543
MID22,SID22,67,2017-03-08 06:32:30,3.792,27,2.493442260580281
MID21,SID21,67,2017-03-08 06:32:30,3.250,29,2.2704893613726744
MID20,SID20,67,2017-03-08 06:32:30,3.792,33,2.068117350519473
MID100,SID100,67,2017-03-08 06:32:30,4.333,29,2.1651721906307806
MID79,SID79,67,2017-03-08 06:32:30,2.708,30,2.158666884981897
MID78,SID78,67,2017-03-08 06:32:30,4.333,30,2.3773458758317334
MID77,SID77,67,2017-03-08 06:32:30,2.708,34,2.166482620086776
MID76,SID76,67,2017-03-08 06:32:30,3.250,29,2.432838931325084
MID75,SID75,67,2017-03-08 06:32:30,3.792,30,2.1198071509633207
MID74,SID74,67,2017-03-08 06:32:30,4.333,30,2.3079009120767573
MID73,SID73,67,2017-03-08 06:32:30,3.250,32,2.130243557798126
MID72,SID72,67,2017-03-08 06:32:30,5.417,28,2.3573907823681344
MID71,SID71,67,2017-03-08 06:32:30,3.250,25,2.485818752372173
MID70,SID70,67,2017-03-08 06:32:30,3.250,29,2.3429619010692417
MID90,SID90,67,2017-03-08 06:32:30,4.333,32,2.145015267695016
MID89,SID89,67,2017-03-08 06:32:30,5.417,29,2.415118752404357
MID88,SID88,67,2017-03-08 06:32:30,4.333,33,2.245814772249169
MID86,SID86,67,2017-03-08 06:32:30,3.250,29,2.073385934334133
MID85,SID85,67,2017-03-08 06:32:30,5.417,33,2.2838385867736086
MID84,SID84,67,2017-03-08 06:32:30,3.250,29,2.230576109450471
MID83,SID83,67,2017-03-08 06:32:30,3.250,27,2.018646179050765
MID82,SID82,67,2017-03-08 06:32:30,4.875,25,2.0223057218626765
MID81,SID81,67,2017-03-08 06:32:30,4.875,25,2.1548123369107888
MID80,SID80,67,2017-03-08 06:32:30,4.875,25,2.2598318576239085
MID59,SID59,67,2017-03-08 06:32:30,3.250,32,2.3189308760457847
MID58,SID58,67,2017-03-08 06:32:30,3.250,32,2.4635169678739515
MID57,SID57,67,2017-03-08 06:32:30,5.417,28,2.4686847998705024
MID56,SID56,67,2017-03-08 06:32:30,2.708,34,2.2544150843813147
MID55,SID55,67,2017-03-08 06:32:30,4.333,33,2.4094123287140286
MID54,SID54,67,2017-03-08 06:32:30,2.708,31,2.1530691669664512
MID53,SID53,67,2017-03-08 06:32:30,3.792,33,2.063938562541725
MID51,SID51,67,2017-03-08 06:32:30,4.875,33,2.329755451044412
MID50,SID50,67,2017-03-08 06:32:30,2.708,32,2.2327405512176046
MID69,SID69,67,2017-03-08 06:32:30,5.417,28,2.0439765717091563
MID68,SID68,67,2017-03-08 06:32:30,3.792,34,2.349029083423945
MID67,SID67,67,2017-03-08 06:32:30,4.875,32,2.0389935886835975
MID66,SID66,67,2017-03-08 06:32:30,3.250,32,2.2295889822982726
MID65,SID65,67,2017-03-08 06:32:30,4.875,26,2.134817633916892
MID64,SID64,67,2017-03-08 06:32:30,4.333,31,2.020506936455415
MID63,SID63,67,2017-03-08 06:32:30,3.250,25,2.2742591437114434
MID62,SID62,67,2017-03-08 06:32:30,5.417,31,2.029147525984972
MID61,SID61,67,2017-03-08 06:32:30,4.875,29,2.3448219506199064
MID60,SID60,67,2017-03-08 06:32:30,4.875,34,2.104900239531796
MID39,SID39,67,2017-03-08 06:32:30,4.333,29,2.3561622200458547
MID38,SID38,67,2017-03-08 06:32:30,3.792,28,2.0170538847642976
MID37,SID37,67,2017-03-08 06:32:30,4.333,26,2.142677760050838
MID36,SID36,67,2017-03-08 06:32:30,4.875,27,2.238956933243461
MID35,SID35,67,2017-03-08 06:32:30,4.875,32,2.161752952339969
MID34,SID34,67,2017-03-08 06:32:30,2.708,26,2.4819709613116743
MID33,SID33,67,2017-03-08 06:32:30,5.417,28,2.0689832817205667
MID32,SID32,67,2017-03-08 06:32:30,4.875,30,2.113951848208325
MID31,SID31,67,2017-03-08 06:32:30,2.708,30,2.3688989146497077
MID30,SID30,67,2017-03-08 06:32:30,3.792,27,2.315522486151315
MID49,SID49,67,2017-03-08 06:32:30,3.792,25,2.401923437487162
MID48,SID48,67,2017-03-08 06:32:30,4.875,30,2.1081442141482665
MID47,SID47,67,2017-03-08 06:32:30,3.792,26,2.1795665843713508
MID46,SID46,67,2017-03-08 06:32:30,4.333,29,2.280986934256761
MID45,SID45,67,2017-03-08 06:32:30,3.792,33,2.14695737094586
MID44,SID44,67,2017-03-08 06:32:30,2.708,28,2.17653580504399
MID43,SID43,67,2017-03-08 06:32:30,3.250,27,2.278547644149394
MID42,SID42,67,2017-03-08 06:32:30,4.875,32,2.2640253004490853
MID41,SID41,67,2017-03-08 06:32:30,4.875,25,2.3002112800872414
MID40,SID40,67,2017-03-08 06:32:30,5.417,28,2.146514774801963
MID19,SID19,67,2017-03-08 06:32:40,4.356,32,2.4966333318286194
MID18,SID18,67,2017-03-08 06:32:40,3.811,26,2.1645444114653376
MID17,SID17,67,2017-03-08 06:32:40,4.356,32,2.0935776295457957
MID16,SID16,67,2017-03-08 06:32:40,3.811,31,2.03248124412528
MID15,SID15,67,2017-03-08 06:32:40,2.722,27,2.2986543584975516
MID14,SID14,67,2017-03-08 06:32:40,4.356,27,2.4229575710075597
MID13,SID13,67,2017-03-08 06:32:40,4.900,26,2.410941465081354
MID12,SID12,67,2017-03-08 06:32:40,4.356,26,2.0315980308040356
MID11,SID11,67,2017-03-08 06:32:40,5.444,25,2.2497626724985675
MID99,SID99,67,2017-03-08 06:32:40,3.811,34,2.0239484648783406
MID10,SID10,67,2017-03-08 06:32:40,2.722,31,2.281204472044722
MID98,SID98,67,2017-03-08 06:32:40,4.900,27,2.0249156279339986
MID97,SID97,67,2017-03-08 06:32:40,2.722,27,2.2513065786488777
MID96,SID96,67,2017-03-08 06:32:40,4.900,29,2.156663404742383
MID95,SID95,67,2017-03-08 06:32:40,5.444,33,2.0119066708501547
MID94,SID94,67,2017-03-08 06:32:40,5.444,25,2.426480457010176
MID93,SID93,67,2017-03-08 06:32:40,5.444,33,2.0845534425360825
MID92,SID92,67,2017-03-08 06:32:40,3.811,29,2.089484710785063
MID4,SID4,67,2017-03-08 06:32:40,2.722,30,2.2516426791500486
MID5,SID5,67,2017-03-08 06:32:40,4.356,27,2.374674080231452
MID6,SID6,67,2017-03-08 06:32:40,3.267,32,2.4894161760805584
MID7,SID7,67,2017-03-08 06:32:40,5.444,25,2.2982554870172187
MID1,SID1,67,2017-03-08 06:32:40,3.811,33,2.071979874863654
MID2,SID2,67,2017-03-08 06:32:40,5.444,31,2.253091941188264
MID3,SID3,67,2017-03-08 06:32:40,4.900,30,2.094620003395769
MID29,SID29,67,2017-03-08 06:32:40,4.900,34,2.476596806068368
MID28,SID28,67,2017-03-08 06:32:40,3.811,27,2.0986258814528505
MID27,SID27,67,2017-03-08 06:32:40,3.267,25,2.402482677598995
MID26,SID26,67,2017-03-08 06:32:40,3.267,27,2.1567301177738805
MID8,SID8,67,2017-03-08 06:32:40,3.811,26,2.3738107721279915
MID25,SID25,67,2017-03-08 06:32:40,2.722,29,2.1789088283313482
MID9,SID9,67,2017-03-08 06:32:40,4.356,32,2.362002038261722
MID24,SID24,67,2017-03-08 06:32:40,2.722,34,2.2832360597069803
MID23,SID23,67,2017-03-08 06:32:40,4.356,28,2.1670391646183176
MID22,SID22,67,2017-03-08 06:32:40,3.811,27,2.3516919079917913
MID21,SID21,67,2017-03-08 06:32:40,3.267,30,2.149113564897455
MID20,SID20,67,2017-03-08 06:32:40,3.811,26,2.321064092542157
MID100,SID100,67,2017-03-08 06:32:40,4.356,33,2.2864956923020583
MID79,SID79,67,2017-03-08 06:32:40,2.722,33,2.188651594964441
MID78,SID78,67,2017-03-08 06:32:40,4.356,33,2.411073644651154
MID77,SID77,67,2017-03-08 06:32:40,2.722,34,2.0518681489262804
MID76,SID76,67,2017-03-08 06:32:40,3.267,34,2.221053274844643
MID75,SID75,67,2017-03-08 06:32:40,3.811,34,2.431188101210571
MID74,SID74,67,2017-03-08 06:32:40,4.356,27,2.2230188911354762
MID73,SID73,67,2017-03-08 06:32:40,3.267,29,2.0557719635938647
MID72,SID72,67,2017-03-08 06:32:40,5.444,25,2.351719021414957
MID71,SID71,67,2017-03-08 06:32:40,3.267,31,2.182593152421243
MID70,SID70,67,2017-03-08 06:32:40,3.267,34,2.092221072718931
MID90,SID90,67,2017-03-08 06:32:40,4.356,30,2.227165649980273
MID89,SID89,67,2017-03-08 06:32:40,5.444,31,2.0464718202413987
MID88,SID88,67,2017-03-08 06:32:40,4.356,28,2.1540086237740783
MID86,SID86,67,2017-03-08 06:32:40,3.267,32,2.481802772359965
MID85,SID85,67,2017-03-08 06:32:40,5.444,28,2.3688247804626803
MID84,SID84,67,2017-03-08 06:32:40,3.267,28,2.4195019521647314
MID83,SID83,67,2017-03-08 06:32:40,3.267,33,2.2905325966620267
MID82,SID82,67,2017-03-08 06:32:40,4.900,25,2.406599166805213
MID81,SID81,67,2017-03-08 06:32:40,4.900,31,2.0901044445302155
MID80,SID80,67,2017-03-08 06:32:40,4.900,31,2.4450078473529793
MID59,SID59,67,2017-03-08 06:32:40,3.267,25,2.0126997180520654
MID58,SID58,67,2017-03-08 06:32:40,3.267,32,2.4120306552769737
MID57,SID57,67,2017-03-08 06:32:40,5.444,31,2.1452735042066173
MID56,SID56,67,2017-03-08 06:32:40,2.722,28,2.031225118997024
MID55,SID55,67,2017-03-08 06:32:40,4.356,30,2.178720679854619
MID54,SID54,67,2017-03-08 06:32:40,2.722,32,2.438243160272509
MID53,SID53,67,2017-03-08 06:32:40,3.811,31,2.028293140286095
MID51,SID51,67,2017-03-08 06:32:40,4.900,30,2.285894219950895
MID50,SID50,67,2017-03-08 06:32:40,2.722,34,2.0773696426770596
MID69,SID69,67,2017-03-08 06:32:40,5.444,26,2.3928836102090956
MID68,SID68,67,2017-03-08 06:32:40,3.811,31,2.0076703966497833
MID67,SID67,67,2017-03-08 06:32:40,4.900,30,2.1109268631006426
MID66,SID66,67,2017-03-08 06:32:40,3.267,25,2.4046399571979054
MID65,SID65,67,2017-03-08 06:32:40,4.900,31,2.0888495791399087
MID64,SID64,67,2017-03-08 06:32:40,4.356,30,2.1882695350321186
MID63,SID63,67,2017-03-08 06:32:40,3.267,33,2.4825117125968723
MID62,SID62,67,2017-03-08 06:32:40,5.444,28,2.1158644040168446
MID61,SID61,67,2017-03-08 06:32:40,4.900,33,2.2064960358623216
MID60,SID60,67,2017-03-08 06:32:40,4.900,26,2.4150239395151987
MID39,SID39,67,2017-03-08 06:32:40,4.356,29,2.2185223469653184
MID38,SID38,67,2017-03-08 06:32:40,3.811,26,2.2129095921335713
MID37,SID37,67,2017-03-08 06:32:40,4.356,32,2.4009249851107883
MID36,SID36,67,2017-03-08 06:32:40,4.900,34,2.27366921749706
MID35,SID35,67,2017-03-08 06:32:40,4.900,27,2.1391238074808165
MID34,SID34,67,2017-03-08 06:32:40,2.722,34,2.4757123074285863
MID33,SID33,67,2017-03-08 06:32:40,5.444,32,2.3382559759385666
MID32,SID32,67,2017-03-08 06:32:40,4.900,25,2.2304218324335343
MID31,SID31,67,2017-03-08 06:32:40,2.722,31,2.1376956669895137
MID30,SID30,67,2017-03-08 06:32:40,3.811,34,2.143824971177194
MID49,SID49,67,2017-03-08 06:32:40,3.811,27,2.30538206295374
MID48,SID48,67,2017-03-08 06:32:40,4.900,29,2.1960371485589385
MID47,SID47,67,2017-03-08 06:32:40,3.811,34,2.4951795864325126
MID46,SID46,67,2017-03-08 06:32:40,4.356,29,2.0868605873101327
MID45,SID45,67,2017-03-08 06:32:40,3.811,33,2.432924907312473
MID44,SID44,67,2017-03-08 06:32:40,2.722,25,2.2537217017598388
MID43,SID43,67,2017-03-08 06:32:40,3.267,31,2.40163675261523
MID42,SID42,67,2017-03-08 06:32:40,4.900,33,2.455980610780939
MID41,SID41,67,2017-03-08 06:32:40,4.900,33,2.3532399280753804
MID40,SID40,67,2017-03-08 06:32:40,5.444,29,2.413460142159822
MID19,SID19,67,2017-03-08 06:32:50,4.378,33,2.098431742339565
MID18,SID18,67,2017-03-08 06:32:50,3.831,25,2.132291518715088
MID17,SID17,67,2017-03-08 06:32:50,4.378,31,2.33507429431158
MID16,SID16,67,2017-03-08 06:32:50,3.831,34,2.4228036060354734
MID15,SID15,67,2017-03-08 06:32:50,2.736,27,2.328101535865932
MID14,SID14,67,2017-03-08 06:32:50,4.378,28,2.1682486404353374
MID13,SID13,67,2017-03-08 06:32:50,4.925,25,2.4256237578901767
MID12,SID12,67,2017-03-08 06:32:50,4.378,26,2.070821439995653
MID11,SID11,67,2017-03-08 06:32:50,5.472,29,2.124882851933654
MID99,SID99,67,2017-03-08 06:32:50,3.831,26,2.3261780327314745
MID10,SID10,67,2017-03-08 06:32:50,2.736,29,2.3107120576993605
MID98,SID98,67,2017-03-08 06:32:50,4.925,25,2.0825948241865397
MID97,SID97,67,2017-03-08 06:32:50,2.736,26,2.0671859153793033
MID96,SID96,67,2017-03-08 06:32:50,4.925,29,2.4216241144067756
MID95,SID95,67,2017-03-08 06:32:50,5.472,29,2.04306470471441
MID94,SID94,67,2017-03-08 06:32:50,5.472,34,2.353776157658427
MID93,SID93,67,2017-03-08 06:32:50,5.472,32,2.4562099648147715
MID92,SID92,67,2017-03-08 06:32:50,3.831,26,2.001572451211994
MID4,SID4,67,2017-03-08 06:32:50,2.736,27,2.2908566670273713
MID5,SID5,67,2017-03-08 06:32:50,4.378,30,2.0698709972143794
MID6,SID6,67,2017-03-08 06:32:50,3.283,26,2.1942190676066033
MID7,SID7,67,2017-03-08 06:32:50,5.472,28,2.015331785534923
MID1,SID1,67,2017-03-08 06:32:50,3.831,31,2.21224300030648
MID2,SID2,67,2017-03-08 06:32:50,5.472,33,2.087530580457569
MID3,SID3,67,2017-03-08 06:32:50,4.925,30,2.219534713864467
MID29,SID29,67,2017-03-08 06:32:50,4.925,30,2.4140741615526755
MID28,SID28,67,2017-03-08 06:32:50,3.831,33,2.262931420160342
MID27,SID27,67,2017-03-08 06:32:50,3.283,27,2.3148805354493724
MID26,SID26,67,2017-03-08 06:32:50,3.283,33,2.091499728664945
MID8,SID8,67,2017-03-08 06:32:50,3.831,31,2.2580314870074227
MID25,SID25,67,2017-03-08 06:32:50,2.736,25,2.277525179441701
MID9,SID9,67,2017-03-08 06:32:50,4.378,29,2.055218076821001
MID24,SID24,67,2017-03-08 06:32:50,2.736,25,2.218729623256012
MID23,SID23,67,2017-03-08 06:32:50,4.378,30,2.0648211026191294
MID22,SID22,67,2017-03-08 06:32:50,3.831,32,2.2902396951819566
MID21,SID21,67,2017-03-08 06:32:50,3.283,26,2.017495341379099
MID20,SID20,67,2017-03-08 06:32:50,3.831,33,2.1258453193178055
MID100,SID100,67,2017-03-08 06:32:50,4.378,25,2.1951538700786317
MID79,SID79,67,2017-03-08 06:32:50,2.736,26,2.3366593226006502
MID78,SID78,67,2017-03-08 06:32:50,4.378,28,2.4486276393937527
MID77,SID77,67,2017-03-08 06:32:50,2.736,29,2.034706771250605
MID76,SID76,67,2017-03-08 06:32:50,3.283,31,2.3520282094229708
MID75,SID75,67,2017-03-08 06:32:50,3.831,28,2.2520330160999986
MID74,SID74,67,2017-03-08 06:32:50,4.378,26,2.1127406705028045
MID73,SID73,67,2017-03-08 06:32:50,3.283,27,2.344587639942357
MID72,SID72,67,2017-03-08 06:32:50,5.472,31,2.357193823534486
MID71,SID71,67,2017-03-08 06:32:50,3.283,33,2.090866293385883
MID70,SID70,67,2017-03-08 06:32:50,3.283,27,2.3979205562383963
MID90,SID90,67,2017-03-08 06:32:50,4.378,31,2.0941828711344037
MID89,SID89,67,2017-03-08 06:32:50,5.472,33,2.0038643396014835
MID88,SID88,67,2017-03-08 06:32:50,4.378,32,2.4815529892604844
MID86,SID86,67,2017-03-08 06:32:50,3.283,26,2.109204370825047
MID85,SID85,67,2017-03-08 06:32:50,5.472,31,2.4209542080066755
MID84,SID84,67,2017-03-08 06:32:50,3.283,32,2.1901783361886316
MID83,SID83,67,2017-03-08 06:32:50,3.283,28,2.4114975209461416
MID82,SID82,67,2017-03-08 06:32:50,4.925,28,2.3607642769353703
MID81,SID81,67,2017-03-08 06:32:50,4.925,30,2.302040831418924
MID80,SID80,67,2017-03-08 06:32:50,4.925,25,2.431378480182012
MID59,SID59,67,2017-03-08 06:32:50,3.283,33,2.1378079352799944
MID58,SID58,67,2017-03-08 06:32:50,3.283,31,2.3679617295076625
MID57,SID57,67,2017-03-08 06:32:50,5.472,33,2.4452554330833536
MID56,SID56,67,2017-03-08 06:32:50,2.736,34,2.034708817962629
MID55,SID55,67,2017-03-08 06:32:50,4.378,26,2.1204987871815146
MID54,SID54,67,2017-03-08 06:32:50,2.736,25,2.2339489371307497
MID53,SID53,67,2017-03-08 06:32:50,3.831,25,2.0871787567646756
MID51,SID51,67,2017-03-08 06:32:50,4.925,31,2.017292908915492
MID50,SID50,67,2017-03-08 06:32:50,2.736,32,2.2986981338589025
MID69,SID69,67,2017-03-08 06:32:50,5.472,27,2.139049332980172
MID68,SID68,67,2017-03-08 06:32:50,3.831,30,2.42312242213327
MID67,SID67,67,2017-03-08 06:32:50,4.925,28,2.135939796316482
MID66,SID66,67,2017-03-08 06:32:50,3.283,29,2.0181445802442344
MID65,SID65,67,2017-03-08 06:32:50,4.925,34,2.0302782493477767
MID64,SID64,67,2017-03-08 06:32:50,4.378,29,2.138528979441701
MID63,SID63,67,2017-03-08 06:32:50,3.283,31,2.3865546058251192
MID62,SID62,67,2017-03-08 06:32:50,5.472,32,2.047398604130405
MID61,SID61,67,2017-03-08 06:32:50,4.925,34,2.018752412813987
MID60,SID60,67,2017-03-08 06:32:50,4.925,31,2.4088462770759445
MID39,SID39,67,2017-03-08 06:32:50,4.378,34,2.125832906649544
MID38,SID38,67,2017-03-08 06:32:50,3.831,26,2.0249983631761452
MID37,SID37,67,2017-03-08 06:32:50,4.378,27,2.4059414873118694
MID36,SID36,67,2017-03-08 06:32:50,4.925,26,2.4357949408984836
MID35,SID35,67,2017-03-08 06:32:50,4.925,32,2.3769690107011003
MID34,SID34,67,2017-03-08 06:32:50,2.736,32,2.3715431545151078
MID33,SID33,67,2017-03-08 06:32:50,5.472,34,2.3207097421415885
MID32,SID32,67,2017-03-08 06:32:50,4.925,29,2.47312825706271
MID31,SID31,67,2017-03-08 06:32:50,2.736,33,2.3394599581604565
MID30,SID30,67,2017-03-08 06:32:50,3.831,33,2.3606732428673602
MID49,SID49,67,2017-03-08 06:32:50,3.831,33,2.4224126875489245
MID48,SID48,67,2017-03-08 06:32:50,4.925,31,2.2724206667305342
MID47,SID47,67,2017-03-08 06:32:50,3.831,28,2.288561849964259
MID46,SID46,67,2017-03-08 06:32:50,4.378,32,2.1085948610871728
MID45,SID45,67,2017-03-08 06:32:50,3.831,27,2.4821408066020774
MID44,SID44,67,2017-03-08 06:32:50,2.736,34,2.1437870783723705
MID43,SID43,67,2017-03-08 06:32:50,3.283,29,2.1847640235005468
MID42,SID42,67,2017-03-08 06:32:50,4.925,27,2.067723196527986
MID41,SID41,67,2017-03-08 06:32:50,4.925,29,2.3556143139758188
MID40,SID40,67,2017-03-08 06:32:50,5.472,31,2.017578499982278
MID19,SID19,67,2017-03-08 06:33:00,4.400,32,2.451902516332669
MID18,SID18,67,2017-03-08 06:33:00,3.850,34,2.0057427450955996
MID17,SID17,67,2017-03-08 06:33:00,4.400,31,2.2739035289904663
MID16,SID16,67,2017-03-08 06:33:00,3.850,29,2.2536796317179766
MID15,SID15,67,2017-03-08 06:33:00,2.750,33,2.167716894446821
MID14,SID14,67,2017-03-08 06:33:00,4.400,30,2.4827209052406713
MID13,SID13,67,2017-03-08 06:33:00,4.950,31,2.32441044992535
MID12,SID12,67,2017-03-08 06:33:00,4.400,28,2.294042330315497
MID11,SID11,67,2017-03-08 06:33:00,5.500,28,2.391855099507296
MID99,SID99,67,2017-03-08 06:33:00,3.850,28,2.1177783829311543
MID10,SID10,67,2017-03-08 06:33:00,2.750,25,2.2814281757954844
MID98,SID98,67,2017-03-08 06:33:00,4.950,31,2.068082169845036
MID97,SID97,67,2017-03-08 06:33:00,2.750,28,2.0433942664033413
MID96,SID96,67,2017-03-08 06:33:00,4.950,34,2.355643191305557
MID95,SID95,67,2017-03-08 06:33:00,5.500,27,2.2759078375169284
MID94,SID94,67,2017-03-08 06:33:00,5.500,26,2.2190226894126726
MID93,SID93,67,2017-03-08 06:33:00,5.500,30,2.282483176320954
MID92,SID92,67,2017-03-08 06:33:00,3.850,32,2.1410893368539687
MID4,SID4,67,2017-03-08 06:33:00,2.750,30,2.403031456096962
MID5,SID5,67,2017-03-08 06:33:00,4.400,30,2.01191289344073
MID6,SID6,67,2017-03-08 06:33:00,3.300,32,2.3048191977494836
MID7,SID7,67,2017-03-08 06:33:00,5.500,34,2.276141052028927
MID1,SID1,67,2017-03-08 06:33:00,3.850,31,2.3566672042788133
MID2,SID2,67,2017-03-08 06:33:00,5.500,31,2.1734697746934346
MID3,SID3,67,2017-03-08 06:33:00,4.950,31,2.081688471002523
MID29,SID29,67,2017-03-08 06:33:00,4.950,33,2.2606540863061557
MID28,SID28,67,2017-03-08 06:33:00,3.850,25,2.3210831295830703
MID27,SID27,67,2017-03-08 06:33:00,3.300,31,2.4717233303679427
MID26,SID26,67,2017-03-08 06:33:00,3.300,30,2.456324842955946
MID8,SID8,67,2017-03-08 06:33:00,3.850,30,2.4898404959604923
MID25,SID25,67,2017-03-08 06:33:00,2.750,30,2.4077568915257075
MID9,SID9,67,2017-03-08 06:33:00,4.400,34,2.1481864161045157
MID24,SID24,67,2017-03-08 06:33:00,2.750,30,2.4137208891632587
MID23,SID23,67,2017-03-08 06:33:00,4.400,27,2.075400517819238
MID22,SID22,67,2017-03-08 06:33:00,3.850,26,2.4845277680047033
MID21,SID21,67,2017-03-08 06:33:00,3.300,31,2.0911940563588547
MID20,SID20,67,2017-03-08 06:33:00,3.850,29,2.489833096796345
MID100,SID100,67,2017-03-08 06:33:00,4.400,29,2.3975465652353707
MID79,SID79,67,2017-03-08 06:33:00,2.750,26,2.0302343854305156
MID78,SID78,67,2017-03-08 06:33:00,4.400,31,2.4621643773297417
MID77,SID77,67,2017-03-08 06:33:00,2.750,25,2.096694346522475
MID76,SID76,67,2017-03-08 06:33:00,3.300,25,2.431892106139985
MID75,SID75,67,2017-03-08 06:33:00,3.850,26,2.3637796027691538
MID74,SID74,67,2017-03-08 06:33:00,4.400,27,2.158809745505517
MID73,SID73,67,2017-03-08 06:33:00,3.300,32,2.1425711414621036
MID72,SID72,67,2017-03-08 06:33:00,5.500,25,2.1223579665852124
MID71,SID71,67,2017-03-08 06:33:00,3.300,25,2.013441616526234
MID70,SID70,67,2017-03-08 06:33:00,3.300,29,2.313601256106713
MID90,SID90,67,2017-03-08 06:33:00,4.400,26,2.1545606305555096
MID89,SID89,67,2017-03-08 06:33:00,5.500,33,2.002196343643762
MID88,SID88,67,2017-03-08 06:33:00,4.400,29,2.106435678515707
MID86,SID86,67,2017-03-08 06:33:00,3.300,31,2.079825745562737
MID85,SID85,67,2017-03-08 06:33:00,5.500,25,2.2430348682406116
MID84,SID84,67,2017-03-08 06:33:00,3.300,33,2.1821712458628277
MID83,SID83,67,2017-03-08 06:33:00,3.300,30,2.084808895524709
MID82,SID82,67,2017-03-08 06:33:00,4.950,34,2.449165873721528
MID81,SID81,67,2017-03-08 06:33:00,4.950,33,2.4148021423344543
MID80,SID80,67,2017-03-08 06:33:00,4.950,31,2.458768754426959
MID59,SID59,67,2017-03-08 06:33:00,3.300,32,2.143064731315333
MID58,SID58,67,2017-03-08 06:33:00,3.300,25,2.184971451932266
MID57,SID57,67,2017-03-08 06:33:00,5.500,34,2.310045223415474
MID56,SID56,67,2017-03-08 06:33:00,2.750,31,2.4202134696707196
MID55,SID55,67,2017-03-08 06:33:00,4.400,27,2.068229727623944
MID54,SID54,67,2017-03-08 06:33:00,2.750,31,2.2194745615335534
MID53,SID53,67,2017-03-08 06:33:00,3.850,31,2.269314633568746
MID51,SID51,67,2017-03-08 06:33:00,4.950,25,2.0543037749823303
MID50,SID50,67,2017-03-08 06:33:00,2.750,32,2.169327925850507
MID69,SID69,67,2017-03-08 06:33:00,5.500,27,2.241862044282762
MID68,SID68,67,2017-03-08 06:33:00,3.850,27,2.0082368111761575
MID67,SID67,67,2017-03-08 06:33:00,4.950,27,2.0761795031978023
MID66,SID66,67,2017-03-08 06:33:00,3.300,30,2.3651972350078783
MID65,SID65,67,2017-03-08 06:33:00,4.950,26,2.0960440620549203
MID64,SID64,67,2017-03-08 06:33:00,4.400,34,2.4797571068376385
MID63,SID63,67,2017-03-08 06:33:00,3.300,25,2.2890323362622578
MID62,SID62,67,2017-03-08 06:33:00,5.500,32,2.440700922879398
MID61,SID61,67,2017-03-08 06:33:00,4.950,30,2.2119478506083987
MID60,SID60,67,2017-03-08 06:33:00,4.950,29,2.197513723120769
MID39,SID39,67,2017-03-08 06:33:00,4.400,28,2.38095941884224
MID38,SID38,67,2017-03-08 06:33:00,3.850,26,2.3635942413071005
MID37,SID37,67,2017-03-08 06:33:00,4.400,30,2.4094382928053037
MID36,SID36,67,2017-03-08 06:33:00,4.950,28,2.332432367393723
MID35,SID35,67,2017-03-08 06:33:00,4.950,33,2.252739390997429
MID34,SID34,67,2017-03-08 06:33:00,2.750,26,2.0101868898708455
MID33,SID33,67,2017-03-08 06:33:00,5.500,30,2.072585914928065
MID32,SID32,67,2017-03-08 06:33:00,4.950,34,2.0537095091950723
MID31,SID31,67,2017-03-08 06:33:00,2.750,31,2.1901318428800636
MID30,SID30,67,2017-03-08 06:33:00,3.850,27,2.092890006739883
MID49,SID49,67,2017-03-08 06:33:00,3.850,28,2.274596601675472
MID48,SID48,67,2017-03-08 06:33:00,4.950,28,2.419588188065241
MID47,SID47,67,2017-03-08 06:33:00,3.850,29,2.023744396686467
MID46,SID46,67,2017-03-08 06:33:00,4.400,34,2.141466338925397
MID45,SID45,67,2017-03-08 06:33:00,3.850,25,2.06237218621774
MID44,SID44,67,2017-03-08 06:33:00,2.750,34,2.1659133705763973
MID43,SID43,67,2017-03-08 06:33:00,3.300,25,2.154173693539718
MID42,SID42,67,2017-03-08 06:33:00,4.950,31,2.3595208569683446
MID41,SID41,67,2017-03-08 06:33:00,4.950,30,2.404653008316675
MID40,SID40,67,2017-03-08 06:33:00,5.500,29,2.360537671081321
MID19,SID19,67,2017-03-08 06:33:10,4.422,26,2.3526047871823033
MID18,SID18,67,2017-03-08 06:33:10,3.869,27,2.207348015995475
MID17,SID17,67,2017-03-08 06:33:10,4.422,30,2.3147335132092364
MID16,SID16,67,2017-03-08 06:33:10,3.869,27,2.4893677271678203
MID15,SID15,67,2017-03-08 06:33:10,2.764,32,2.461770840381308
MID14,SID14,67,2017-03-08 06:33:10,4.422,31,2.296697131020632
MID13,SID13,67,2017-03-08 06:33:10,4.975,28,2.329409494949139
MID12,SID12,67,2017-03-08 06:33:10,4.422,29,2.31626171564312
MID11,SID11,67,2017-03-08 06:33:10,5.528,31,2.0291217929134966
MID99,SID99,67,2017-03-08 06:33:10,3.869,28,2.40062905793624
MID10,SID10,67,2017-03-08 06:33:10,2.764,30,2.1015786357025577
MID98,SID98,67,2017-03-08 06:33:10,4.975,34,2.2656066344933445
MID97,SID97,67,2017-03-08 06:33:10,2.764,31,2.2427717497397652
MID96,SID96,67,2017-03-08 06:33:10,4.975,31,2.490528148155624
MID95,SID95,67,2017-03-08 06:33:10,5.528,28,2.2555183721855103
MID94,SID94,67,2017-03-08 06:33:10,5.528,28,2.432604638974948
MID93,SID93,67,2017-03-08 06:33:10,5.528,32,2.1366987880947845
MID92,SID92,67,2017-03-08 06:33:10,3.869,29,2.350024438288584
MID4,SID4,67,2017-03-08 06:33:10,2.764,32,2.0912509484975237
MID5,SID5,67,2017-03-08 06:33:10,4.422,34,2.1502362888908793
MID6,SID6,67,2017-03-08 06:33:10,3.317,27,2.0196453349120285
MID7,SID7,67,2017-03-08 06:33:10,5.528,28,2.1318076104817325
MID1,SID1,67,2017-03-08 06:33:10,3.869,34,2.120626604606022
MID2,SID2,67,2017-03-08 06:33:10,5.528,34,2.000423347809096
MID3,SID3,67,2017-03-08 06:33:10,4.975,28,2.3747118100055435
MID29,SID29,67,2017-03-08 06:33:10,4.975,32,2.4041471166457855
MID28,SID28,67,2017-03-08 06:33:10,3.869,29,2.2619088133000975
MID27,SID27,67,2017-03-08 06:33:10,3.317,25,2.4473248022425187
MID26,SID26,67,2017-03-08 06:33:10,3.317,33,2.125194363419366
MID8,SID8,67,2017-03-08 06:33:10,3.869,25,2.2487124053956187
MID25,SID25,67,2017-03-08 06:33:10,2.764,32,2.297674856025915
MID24,SID24,67,2017-03-08 06:33:10,2.764,27,2.182111228712224
MID23,SID23,67,2017-03-08 06:33:10,4.422,25,2.0023150954365
MID22,SID22,67,2017-03-08 06:33:10,3.869,34,2.1250345548645884
MID21,SID21,67,2017-03-08 06:33:10,3.317,30,2.2467498112119753
MID20,SID20,67,2017-03-08 06:33:10,3.869,33,2.320963415980954
MID100,SID100,67,2017-03-08 06:33:10,4.422,31,2.4661870389117064
MID79,SID79,67,2017-03-08 06:33:10,2.764,28,2.1463986090376834
MID78,SID78,67,2017-03-08 06:33:10,4.422,26,2.4337638908327444
MID77,SID77,67,2017-03-08 06:33:10,2.764,29,2.2302948255320394
MID76,SID76,67,2017-03-08 06:33:10,3.317,28,2.386156948617427
MID75,SID75,67,2017-03-08 06:33:10,3.869,29,2.340209904478748
MID74,SID74,67,2017-03-08 06:33:10,4.422,29,2.450286029372068
MID73,SID73,67,2017-03-08 06:33:10,3.317,27,2.3215959980970666
MID72,SID72,67,2017-03-08 06:33:10,5.528,31,2.1292612056979006
MID71,SID71,67,2017-03-08 06:33:10,3.317,29,2.4015183854659274
MID90,SID90,67,2017-03-08 06:33:10,4.422,28,2.1678603100310117
MID89,SID89,67,2017-03-08 06:33:10,5.528,32,2.09000669909996
MID88,SID88,67,2017-03-08 06:33:10,4.422,32,2.1766356648323706
MID86,SID86,67,2017-03-08 06:33:10,3.317,30,2.020607079994897
MID85,SID85,67,2017-03-08 06:33:10,5.528,32,2.476681069657714
MID83,SID83,67,2017-03-08 06:33:10,3.317,33,2.0188185569376356
MID82,SID82,67,2017-03-08 06:33:10,4.975,30,2.331558516076526
MID81,SID81,67,2017-03-08 06:33:10,4.975,33,2.3627859919633214
MID80,SID80,67,2017-03-08 06:33:10,4.975,28,2.459911420589994
MID59,SID59,67,2017-03-08 06:33:10,3.317,25,2.480180911863104
MID58,SID58,67,2017-03-08 06:33:10,3.317,33,2.4006823000970425
MID57,SID57,67,2017-03-08 06:33:10,5.528,26,2.3283452100659483
MID56,SID56,67,2017-03-08 06:33:10,2.764,32,2.0691896765762587
MID55,SID55,67,2017-03-08 06:33:10,4.422,26,2.0362663851553755
MID54,SID54,67,2017-03-08 06:33:10,2.764,32,2.130516476379114
MID53,SID53,67,2017-03-08 06:33:10,3.869,25,2.294116183935178
MID51,SID51,67,2017-03-08 06:33:10,4.975,28,2.166507940126518
MID50,SID50,67,2017-03-08 06:33:10,2.764,33,2.3913667479296477
MID69,SID69,67,2017-03-08 06:33:10,5.528,28,2.3287324883472227
MID68,SID68,67,2017-03-08 06:33:10,3.869,29,2.388982417970624
MID67,SID67,67,2017-03-08 06:33:10,4.975,26,2.285780255415345
MID66,SID66,67,2017-03-08 06:33:10,3.317,28,2.4445659033810516
MID65,SID65,67,2017-03-08 06:33:10,4.975,27,2.1465703059377197
MID64,SID64,67,2017-03-08 06:33:10,4.422,34,2.157572904574789
MID63,SID63,67,2017-03-08 06:33:10,3.317,32,2.2057042134756926
MID62,SID62,67,2017-03-08 06:33:10,5.528,32,2.2471921739634717
MID61,SID61,67,2017-03-08 06:33:10,4.975,31,2.0332741476033562
MID60,SID60,67,2017-03-08 06:33:10,4.975,30,2.012491713784626
MID39,SID39,67,2017-03-08 06:33:10,4.422,25,2.463624669834182
MID38,SID38,67,2017-03-08 06:33:10,3.869,33,2.0570797945429575
MID37,SID37,67,2017-03-08 06:33:10,4.422,33,2.4827072943144772
MID36,SID36,67,2017-03-08 06:33:10,4.975,28,2.331016663167271
MID35,SID35,67,2017-03-08 06:33:10,4.975,30,2.1963982964308926
MID34,SID34,67,2017-03-08 06:33:10,2.764,34,2.043655552366458
MID33,SID33,67,2017-03-08 06:33:10,5.528,25,2.1378775076539047
MID32,SID32,67,2017-03-08 06:33:10,4.975,33,2.1116405569962104
MID31,SID31,67,2017-03-08 06:33:10,2.764,26,2.249225799608847
MID30,SID30,67,2017-03-08 06:33:10,3.869,30,2.3045706296456694
MID49,SID49,67,2017-03-08 06:33:10,3.869,25,2.217755182458753
MID48,SID48,67,2017-03-08 06:33:10,4.975,29,2.064106377764883
MID47,SID47,67,2017-03-08 06:33:10,3.869,31,2.0697415848248553
MID46,SID46,67,2017-03-08 06:33:10,4.422,28,2.191026876185442
MID45,SID45,67,2017-03-08 06:33:10,3.869,29,2.4792874601355415
MID44,SID44,67,2017-03-08 06:33:10,2.764,28,2.398099233231889
MID43,SID43,67,2017-03-08 06:33:10,3.317,27,2.488445508415639
MID42,SID42,67,2017-03-08 06:33:10,4.975,29,2.4020632778297606
MID41,SID41,67,2017-03-08 06:33:10,4.975,31,2.033308250261503
MID40,SID40,67,2017-03-08 06:33:10,5.528,27,2.246397355066307
MID19,SID19,67,2017-03-08 06:33:20,4.444,30,2.0896636278602525
MID18,SID18,67,2017-03-08 06:33:20,3.889,30,2.4478518755290892
MID17,SID17,67,2017-03-08 06:33:20,4.444,34,2.3914962224692817
MID16,SID16,67,2017-03-08 06:33:20,3.889,27,2.104130974630224
MID15,SID15,67,2017-03-08 06:33:20,2.778,25,2.1774941401362486
MID14,SID14,67,2017-03-08 06:33:20,4.444,26,2.0538330920355046
MID13,SID13,67,2017-03-08 06:33:20,5.000,26,2.089660922761244
MID12,SID12,67,2017-03-08 06:33:20,4.444,34,2.1840402784101443
MID11,SID11,67,2017-03-08 06:33:20,5.556,34,2.0552207495866845
MID99,SID99,67,2017-03-08 06:33:20,3.889,32,2.425183581268994
MID10,SID10,67,2017-03-08 06:33:20,2.778,30,2.0576164682263633
MID98,SID98,67,2017-03-08 06:33:20,5.000,32,2.4282300510333004
MID97,SID97,67,2017-03-08 06:33:20,2.778,29,2.0197369365459283
MID96,SID96,67,2017-03-08 06:33:20,5.000,34,2.3472648630610555
MID95,SID95,67,2017-03-08 06:33:20,5.556,32,2.2000271633716433
MID94,SID94,67,2017-03-08 06:33:20,5.556,25,2.4468233564765467
MID93,SID93,67,2017-03-08 06:33:20,5.556,25,2.440935232048238
MID92,SID92,67,2017-03-08 06:33:20,3.889,34,2.459496239346297
MID4,SID4,67,2017-03-08 06:33:20,2.778,33,2.3077013649813987
MID5,SID5,67,2017-03-08 06:33:20,4.444,34,2.237447672539798
MID6,SID6,67,2017-03-08 06:33:20,3.333,28,2.2811187613453496
MID7,SID7,67,2017-03-08 06:33:20,5.556,34,2.3302593193219274
MID1,SID1,67,2017-03-08 06:33:20,3.889,28,2.4240355810025154
MID2,SID2,67,2017-03-08 06:33:20,5.556,31,2.2362592208030483
MID3,SID3,67,2017-03-08 06:33:20,5.000,27,2.3352359588530094
MID29,SID29,67,2017-03-08 06:33:20,5.000,31,2.470522559534313
MID28,SID28,67,2017-03-08 06:33:20,3.889,31,2.110590045597114
MID27,SID27,67,2017-03-08 06:33:20,3.333,27,2.137636507785908
MID26,SID26,67,2017-03-08 06:33:20,3.333,32,2.4382047259634914
MID8,SID8,67,2017-03-08 06:33:20,3.889,31,2.478015525184179
MID25,SID25,67,2017-03-08 06:33:20,2.778,31,2.467692292309516
MID24,SID24,67,2017-03-08 06:33:20,2.778,27,2.4289071668429036
MID23,SID23,67,2017-03-08 06:33:20,4.444,25,2.3857236666361454
MID22,SID22,67,2017-03-08 06:33:20,3.889,31,2.48113516689814
MID21,SID21,67,2017-03-08 06:33:20,3.333,31,2.2714778919562426
MID20,SID20,67,2017-03-08 06:33:20,3.889,31,2.182919489271503
MID100,SID100,67,2017-03-08 06:33:20,4.444,30,2.218710189556092
MID79,SID79,67,2017-03-08 06:33:20,2.778,31,2.146900643545126
MID78,SID78,67,2017-03-08 06:33:20,4.444,29,2.4337456753760938
MID77,SID77,67,2017-03-08 06:33:20,2.778,29,2.103850407132036
MID76,SID76,67,2017-03-08 06:33:20,3.333,28,2.19953485601424
MID75,SID75,67,2017-03-08 06:33:20,3.889,29,2.1772154144414273
MID74,SID74,67,2017-03-08 06:33:20,4.444,33,2.246389189600071
MID73,SID73,67,2017-03-08 06:33:20,3.333,33,2.1657927126056515
MID72,SID72,67,2017-03-08 06:33:20,5.556,31,2.027161209862297
MID71,SID71,67,2017-03-08 06:33:20,3.333,31,2.304013884190173
MID90,SID90,67,2017-03-08 06:33:20,4.444,30,2.42620363195449
MID89,SID89,67,2017-03-08 06:33:20,5.556,25,2.0469808013561868
MID88,SID88,67,2017-03-08 06:33:20,4.444,31,2.266888275327676
MID86,SID86,67,2017-03-08 06:33:20,3.333,33,2.2750118472514886
MID85,SID85,67,2017-03-08 06:33:20,5.556,25,2.3742599163234845
MID83,SID83,67,2017-03-08 06:33:20,3.333,33,2.0976236428444075
MID82,SID82,67,2017-03-08 06:33:20,5.000,34,2.4296695520372515
MID81,SID81,67,2017-03-08 06:33:20,5.000,32,2.398658360360993
MID80,SID80,67,2017-03-08 06:33:20,5.000,26,2.0043399302257177
MID59,SID59,67,2017-03-08 06:33:20,3.333,25,2.132480410217454
MID58,SID58,67,2017-03-08 06:33:20,3.333,29,2.4321856805154995
MID57,SID57,67,2017-03-08 06:33:20,5.556,27,2.0694999441459347
MID56,SID56,67,2017-03-08 06:33:20,2.778,30,2.2772209288445318
MID55,SID55,67,2017-03-08 06:33:20,4.444,34,2.0777056516336447
MID54,SID54,67,2017-03-08 06:33:20,2.778,28,2.387018504987773
MID53,SID53,67,2017-03-08 06:33:20,3.889,25,2.3872785466351036
MID51,SID51,67,2017-03-08 06:33:20,5.000,33,2.1357547002475754
MID50,SID50,67,2017-03-08 06:33:20,2.778,34,2.091271652027489
MID69,SID69,67,2017-03-08 06:33:20,5.556,27,2.2870155079803314
MID68,SID68,67,2017-03-08 06:33:20,3.889,25,2.3872829584909248
MID67,SID67,67,2017-03-08 06:33:20,5.000,30,2.3018832459253864
MID66,SID66,67,2017-03-08 06:33:20,3.333,33,2.0033909126634124
MID65,SID65,67,2017-03-08 06:33:20,5.000,27,2.049291324793286
MID64,SID64,67,2017-03-08 06:33:20,4.444,25,2.1712647674744736
MID63,SID63,67,2017-03-08 06:33:20,3.333,32,2.45219560506241
MID62,SID62,67,2017-03-08 06:33:20,5.556,32,2.296307508758666
MID61,SID61,67,2017-03-08 06:33:20,5.000,31,2.4725625788196237
MID60,SID60,67,2017-03-08 06:33:20,5.000,29,2.168897696456668
MID39,SID39,67,2017-03-08 06:33:20,4.444,34,2.3576760909364323
MID38,SID38,67,2017-03-08 06:33:20,3.889,33,2.1681542188020524
MID37,SID37,67,2017-03-08 06:33:20,4.444,30,2.2607235571323545
MID36,SID36,67,2017-03-08 06:33:20,5.000,29,2.3335940475024586
MID35,SID35,67,2017-03-08 06:33:20,5.000,29,2.2011645595138933
MID34,SID34,67,2017-03-08 06:33:20,2.778,29,2.058049837436661
MID33,SID33,67,2017-03-08 06:33:20,5.556,28,2.4089174072454695
MID32,SID32,67,2017-03-08 06:33:20,5.000,33,2.3495467287032428
MID31,SID31,67,2017-03-08 06:33:20,2.778,28,2.486816968068153
MID30,SID30,67,2017-03-08 06:33:20,3.889,31,2.2219752557337227
MID49,SID49,67,2017-03-08 06:33:20,3.889,28,2.3198776178496643
MID48,SID48,67,2017-03-08 06:33:20,5.000,33,2.452228656325716
MID47,SID47,67,2017-03-08 06:33:20,3.889,25,2.0202725120902643
MID46,SID46,67,2017-03-08 06:33:20,4.444,26,2.330399717728141
MID45,SID45,67,2017-03-08 06:33:20,3.889,25,2.2303086279251487
MID44,SID44,67,2017-03-08 06:33:20,2.778,28,2.2939484456680517
MID43,SID43,67,2017-03-08 06:33:20,3.333,31,2.1780904577046334
MID42,SID42,67,2017-03-08 06:33:20,5.000,31,2.0587193828326433
MID41,SID41,67,2017-03-08 06:33:20,5.000,33,2.4545905708270257
MID40,SID40,67,2017-03-08 06:33:20,5.556,27,2.4385156152182956
MID19,SID19,67,2017-03-08 06:33:30,4.467,28,2.0147595849682394
MID18,SID18,67,2017-03-08 06:33:30,3.908,29,2.4418975219589623
MID17,SID17,67,2017-03-08 06:33:30,4.467,34,2.32284367409829
MID16,SID16,67,2017-03-08 06:33:30,3.908,26,2.1442984556578786
MID15,SID15,67,2017-03-08 06:33:30,2.792,33,2.416174170236883
MID14,SID14,67,2017-03-08 06:33:30,4.467,27,2.1698189508496886
MID13,SID13,67,2017-03-08 06:33:30,5.025,25,2.4125674802509884
MID12,SID12,67,2017-03-08 06:33:30,4.467,28,2.3094501777509246
MID11,SID11,67,2017-03-08 06:33:30,5.583,29,2.410006765735126
MID99,SID99,67,2017-03-08 06:33:30,3.908,29,2.34849462808664
MID10,SID10,67,2017-03-08 06:33:30,2.792,25,2.079944431413213
MID98,SID98,67,2017-03-08 06:33:30,5.025,33,2.1824528764418365
MID97,SID97,67,2017-03-08 06:33:30,2.792,29,2.0009692486449273
MID96,SID96,67,2017-03-08 06:33:30,5.025,30,2.2306394755612904
MID95,SID95,67,2017-03-08 06:33:30,5.583,25,2.4504519776634544
MID94,SID94,67,2017-03-08 06:33:30,5.583,32,2.1001156145581015
MID93,SID93,67,2017-03-08 06:33:30,5.583,30,2.484933864603951
MID92,SID92,67,2017-03-08 06:33:30,3.908,26,2.3227343047173425
MID4,SID4,67,2017-03-08 06:33:30,2.792,33,2.4762513102677604
MID5,SID5,67,2017-03-08 06:33:30,4.467,28,2.0305119590398566
MID6,SID6,67,2017-03-08 06:33:30,3.350,28,2.29094760674655
MID7,SID7,67,2017-03-08 06:33:30,5.583,30,2.035807135740021
MID1,SID1,67,2017-03-08 06:33:30,3.908,32,2.3807253005309477
MID2,SID2,67,2017-03-08 06:33:30,5.583,33,2.2663080095047192
MID3,SID3,67,2017-03-08 06:33:30,5.025,29,2.0465742536777105
MID29,SID29,67,2017-03-08 06:33:30,5.025,26,2.402209165898646
MID28,SID28,67,2017-03-08 06:33:30,3.908,34,2.2509004944890747
MID27,SID27,67,2017-03-08 06:33:30,3.350,25,2.4366553921369967
MID26,SID26,67,2017-03-08 06:33:30,3.350,30,2.154598104925517
MID8,SID8,67,2017-03-08 06:33:30,3.908,27,2.2480875385675563
MID25,SID25,67,2017-03-08 06:33:30,2.792,29,2.210862110831864
MID24,SID24,67,2017-03-08 06:33:30,2.792,29,2.104158578546067
MID23,SID23,67,2017-03-08 06:33:30,4.467,28,2.4418121682464493
MID22,SID22,67,2017-03-08 06:33:30,3.908,28,2.465909961666398
MID21,SID21,67,2017-03-08 06:33:30,3.350,29,2.0113342606550324
MID20,SID20,67,2017-03-08 06:33:30,3.908,34,2.112193698181218
MID100,SID100,67,2017-03-08 06:33:30,4.467,31,2.2592587106086675
MID79,SID79,67,2017-03-08 06:33:30,2.792,25,2.180697588989667
MID78,SID78,67,2017-03-08 06:33:30,4.467,26,2.1325036741069017
MID77,SID77,67,2017-03-08 06:33:30,2.792,30,2.4315063388491507
MID76,SID76,67,2017-03-08 06:33:30,3.350,28,2.278255953192045
MID75,SID75,67,2017-03-08 06:33:30,3.908,34,2.0176161125120387
MID74,SID74,67,2017-03-08 06:33:30,4.467,28,2.2421613509022986
MID73,SID73,67,2017-03-08 06:33:30,3.350,28,2.439467441778945
MID72,SID72,67,2017-03-08 06:33:30,5.583,33,2.016489705748301
MID71,SID71,67,2017-03-08 06:33:30,3.350,29,2.0213795503403387
MID90,SID90,67,2017-03-08 06:33:30,4.467,26,2.3924365615197933
MID89,SID89,67,2017-03-08 06:33:30,5.583,26,2.499960352256977
MID88,SID88,67,2017-03-08 06:33:30,4.467,30,2.3740995013717474
MID86,SID86,67,2017-03-08 06:33:30,3.350,32,2.190374161599308
MID85,SID85,67,2017-03-08 06:33:30,5.583,32,2.2017253644062937
MID83,SID83,67,2017-03-08 06:33:30,3.350,29,2.2745238785062014
MID82,SID82,67,2017-03-08 06:33:30,5.025,32,2.0802603969739515
MID81,SID81,67,2017-03-08 06:33:30,5.025,28,2.098155688677302
MID80,SID80,67,2017-03-08 06:33:30,5.025,28,2.0023139008677293
MID59,SID59,67,2017-03-08 06:33:30,3.350,32,2.158006527867717
MID58,SID58,67,2017-03-08 06:33:30,3.350,32,2.3386852682312287
MID57,SID57,67,2017-03-08 06:33:30,5.583,27,2.0926051656503484
MID56,SID56,67,2017-03-08 06:33:30,2.792,30,2.12825011085603
MID55,SID55,67,2017-03-08 06:33:30,4.467,25,2.1024421002148572
MID54,SID54,67,2017-03-08 06:33:30,2.792,32,2.004663159052727
MID53,SID53,67,2017-03-08 06:33:30,3.908,25,2.272024704384063
MID51,SID51,67,2017-03-08 06:33:30,5.025,25,2.4679886529543045
MID50,SID50,67,2017-03-08 06:33:30,2.792,32,2.393852609101791
MID69,SID69,67,2017-03-08 06:33:30,5.583,30,2.469890940786127
MID68,SID68,67,2017-03-08 06:33:30,3.908,27,2.126348770571658
MID67,SID67,67,2017-03-08 06:33:30,5.025,32,2.0575748331424846
MID66,SID66,67,2017-03-08 06:33:30,3.350,30,2.118779937866789
MID65,SID65,67,2017-03-08 06:33:30,5.025,26,2.472486980575645
MID64,SID64,67,2017-03-08 06:33:30,4.467,28,2.1878422520223073
MID63,SID63,67,2017-03-08 06:33:30,3.350,30,2.2252856626229027
MID62,SID62,67,2017-03-08 06:33:30,5.583,29,2.2189001696500648
MID61,SID61,67,2017-03-08 06:33:30,5.025,30,2.266788520222444
MID60,SID60,67,2017-03-08 06:33:30,5.025,26,2.3435012478104547
MID39,SID39,67,2017-03-08 06:33:30,4.467,34,2.0650868304943377
MID38,SID38,67,2017-03-08 06:33:30,3.908,25,2.3965342538275043
MID37,SID37,67,2017-03-08 06:33:30,4.467,27,2.0350381455882114
MID36,SID36,67,2017-03-08 06:33:30,5.025,34,2.2331471830188403
MID35,SID35,67,2017-03-08 06:33:30,5.025,29,2.3681554333382664
MID34,SID34,67,2017-03-08 06:33:30,2.792,26,2.3186456086240637
MID33,SID33,67,2017-03-08 06:33:30,5.583,31,2.2692451090619543
MID32,SID32,67,2017-03-08 06:33:30,5.025,27,2.235352609166456
MID31,SID31,67,2017-03-08 06:33:30,2.792,28,2.045808214036322
MID30,SID30,67,2017-03-08 06:33:30,3.908,26,2.0989273169618365
MID49,SID49,67,2017-03-08 06:33:30,3.908,33,2.2805134715801954
MID48,SID48,67,2017-03-08 06:33:30,5.025,27,2.3617217698136823
MID47,SID47,67,2017-03-08 06:33:30,3.908,27,2.426836273874671
MID46,SID46,67,2017-03-08 06:33:30,4.467,27,2.276471527707355
MID45,SID45,67,2017-03-08 06:33:30,3.908,32,2.167168624119635
MID44,SID44,67,2017-03-08 06:33:30,2.792,29,2.0961132521908885
MID43,SID43,67,2017-03-08 06:33:30,3.350,26,2.1319692924572693
MID42,SID42,67,2017-03-08 06:33:30,5.025,28,2.20147663301689
MID41,SID41,67,2017-03-08 06:33:30,5.025,29,2.125177696603654
MID40,SID40,67,2017-03-08 06:33:30,5.583,30,2.4178708197772294
MID19,SID19,67,2017-03-08 06:33:40,4.489,34,2.149528959638734
MID18,SID18,67,2017-03-08 06:33:40,3.928,27,2.4905672152357967
MID17,SID17,67,2017-03-08 06:33:40,4.489,32,2.160263181625148
MID16,SID16,67,2017-03-08 06:33:40,3.928,30,2.3212783581172918
MID15,SID15,67,2017-03-08 06:33:40,2.806,32,2.4682100585981948
MID14,SID14,67,2017-03-08 06:33:40,4.489,25,2.4233494292173905
MID13,SID13,67,2017-03-08 06:33:40,5.050,30,2.3235068282853613
MID12,SID12,67,2017-03-08 06:33:40,4.489,26,2.1424733256586435
MID11,SID11,67,2017-03-08 06:33:40,5.611,32,2.2046835428543607
MID99,SID99,67,2017-03-08 06:33:40,3.928,31,2.4827334802212766
MID10,SID10,67,2017-03-08 06:33:40,2.806,26,2.071339964723777
MID98,SID98,67,2017-03-08 06:33:40,5.050,29,2.2434329788813288
MID97,SID97,67,2017-03-08 06:33:40,2.806,28,2.078006403866782
MID96,SID96,67,2017-03-08 06:33:40,5.050,34,2.287485844357065
MID95,SID95,67,2017-03-08 06:33:40,5.611,27,2.385130396522101
MID94,SID94,67,2017-03-08 06:33:40,5.611,26,2.4358154086390855
MID93,SID93,67,2017-03-08 06:33:40,5.611,27,2.1318329603281927
MID92,SID92,67,2017-03-08 06:33:40,3.928,31,2.264160202971833
MID4,SID4,67,2017-03-08 06:33:40,2.806,29,2.263841871046947
MID5,SID5,67,2017-03-08 06:33:40,4.489,25,2.234063218590252
MID6,SID6,67,2017-03-08 06:33:40,3.367,33,2.4013444467360245
MID7,SID7,67,2017-03-08 06:33:40,5.611,31,2.219556361100439
MID1,SID1,67,2017-03-08 06:33:40,3.928,28,2.1489085417113256
MID2,SID2,67,2017-03-08 06:33:40,5.611,27,2.295892529017353
MID3,SID3,67,2017-03-08 06:33:40,5.050,31,2.4689417463446484
MID29,SID29,67,2017-03-08 06:33:40,5.050,30,2.0459248070313487
MID28,SID28,67,2017-03-08 06:33:40,3.928,27,2.0209740498968483
MID27,SID27,67,2017-03-08 06:33:40,3.367,25,2.2036539766119856
MID26,SID26,67,2017-03-08 06:33:40,3.367,25,2.0955529769409917
MID8,SID8,67,2017-03-08 06:33:40,3.928,32,2.268956583975855
MID25,SID25,67,2017-03-08 06:33:40,2.806,29,2.2220211782020303
MID24,SID24,67,2017-03-08 06:33:40,2.806,25,2.4268902841778806
MID23,SID23,67,2017-03-08 06:33:40,4.489,29,2.2464752155542085
MID22,SID22,67,2017-03-08 06:33:40,3.928,34,2.481439968156303
MID21,SID21,67,2017-03-08 06:33:40,3.367,31,2.2181156343809247
MID20,SID20,67,2017-03-08 06:33:40,3.928,29,2.0365626105180192
MID100,SID100,67,2017-03-08 06:33:40,4.489,31,2.047433777811649
MID79,SID79,67,2017-03-08 06:33:40,2.806,32,2.1537138741390898
MID78,SID78,67,2017-03-08 06:33:40,4.489,28,2.28989676420012
MID77,SID77,67,2017-03-08 06:33:40,2.806,28,2.157716289470665
MID76,SID76,67,2017-03-08 06:33:40,3.367,32,2.4576369442274735
MID75,SID75,67,2017-03-08 06:33:40,3.928,25,2.3473011640008514
MID74,SID74,67,2017-03-08 06:33:40,4.489,29,2.4059352453463023
MID73,SID73,67,2017-03-08 06:33:40,3.367,33,2.3365260398057326
MID72,SID72,67,2017-03-08 06:33:40,5.611,31,2.082262078346456
MID71,SID71,67,2017-03-08 06:33:40,3.367,32,2.2139893884396207
MID90,SID90,67,2017-03-08 06:33:40,4.489,27,2.322250692499359
MID89,SID89,67,2017-03-08 06:33:40,5.611,25,2.285018389607039
MID88,SID88,67,2017-03-08 06:33:40,4.489,29,2.020820021583253
MID86,SID86,67,2017-03-08 06:33:40,3.367,27,2.3329417122850535
MID85,SID85,67,2017-03-08 06:33:40,5.611,25,2.4774989314634883
MID83,SID83,67,2017-03-08 06:33:40,3.367,25,2.380239337378724
MID82,SID82,67,2017-03-08 06:33:40,5.050,34,2.0993455524735065
MID81,SID81,67,2017-03-08 06:33:40,5.050,27,2.495072893487459
MID80,SID80,67,2017-03-08 06:33:40,5.050,30,2.354526509600529
MID59,SID59,67,2017-03-08 06:33:40,3.367,33,2.411735519296284
MID58,SID58,67,2017-03-08 06:33:40,3.367,33,2.404794647306222
MID57,SID57,67,2017-03-08 06:33:40,5.611,32,2.2410834420998516
MID56,SID56,67,2017-03-08 06:33:40,2.806,32,2.410594684236085
MID55,SID55,67,2017-03-08 06:33:40,4.489,33,2.4843110214445567
MID54,SID54,67,2017-03-08 06:33:40,2.806,34,2.3404034305995345
MID53,SID53,67,2017-03-08 06:33:40,3.928,34,2.393127907959209
MID51,SID51,67,2017-03-08 06:33:40,5.050,30,2.345676808650846
MID50,SID50,67,2017-03-08 06:33:40,2.806,25,2.3527741473907264
MID69,SID69,67,2017-03-08 06:33:40,5.611,26,2.497429817336135
MID68,SID68,67,2017-03-08 06:33:40,3.928,33,2.1419267683271057
MID67,SID67,67,2017-03-08 06:33:40,5.050,33,2.3025791788096552
MID66,SID66,67,2017-03-08 06:33:40,3.367,25,2.150418123427891
MID65,SID65,67,2017-03-08 06:33:40,5.050,28,2.0502116349740005
MID64,SID64,67,2017-03-08 06:33:40,4.489,33,2.1698764532270074
MID63,SID63,67,2017-03-08 06:33:40,3.367,27,2.2669940620494966
MID62,SID62,67,2017-03-08 06:33:40,5.611,33,2.0529677336184484
MID61,SID61,67,2017-03-08 06:33:40,5.050,29,2.0953824917686106
MID60,SID60,67,2017-03-08 06:33:40,5.050,27,2.3114290906514072
MID39,SID39,67,2017-03-08 06:33:40,4.489,26,2.110849566124564
MID38,SID38,67,2017-03-08 06:33:40,3.928,27,2.377254393067262
MID37,SID37,67,2017-03-08 06:33:40,4.489,25,2.0080466201244915
MID36,SID36,67,2017-03-08 06:33:40,5.050,32,2.1353836077975257
MID35,SID35,67,2017-03-08 06:33:40,5.050,31,2.254895725594514
MID34,SID34,67,2017-03-08 06:33:40,2.806,33,2.0391212949145756
MID33,SID33,67,2017-03-08 06:33:40,5.611,25,2.146116285273422
MID32,SID32,67,2017-03-08 06:33:40,5.050,25,2.2292942423803614
MID31,SID31,67,2017-03-08 06:33:40,2.806,33,2.049855458676053
MID30,SID30,67,2017-03-08 06:33:40,3.928,25,2.328290704786379
MID49,SID49,67,2017-03-08 06:33:40,3.928,27,2.123745592830733
MID48,SID48,67,2017-03-08 06:33:40,5.050,34,2.0239257624163023
MID47,SID47,67,2017-03-08 06:33:40,3.928,25,2.348402129412177
MID46,SID46,67,2017-03-08 06:33:40,4.489,27,2.4960216999346594
MID45,SID45,67,2017-03-08 06:33:40,3.928,31,2.052797034772581
MID44,SID44,67,2017-03-08 06:33:40,2.806,33,2.2565218832240648
MID43,SID43,67,2017-03-08 06:33:40,3.367,27,2.4657909627876298
MID42,SID42,67,2017-03-08 06:33:40,5.050,34,2.418202066331069
MID41,SID41,67,2017-03-08 06:33:40,5.050,33,2.2515053909572487
MID40,SID40,67,2017-03-08 06:33:40,5.611,30,2.27645240481077
MID19,SID19,67,2017-03-08 06:33:50,4.511,33,2.396169830718991
MID18,SID18,67,2017-03-08 06:33:50,3.947,34,2.1957623212903137
MID17,SID17,67,2017-03-08 06:33:50,4.511,30,2.1116162122783417
MID16,SID16,67,2017-03-08 06:33:50,3.947,31,2.4653704712251514
MID15,SID15,67,2017-03-08 06:33:50,2.819,28,2.371122796723869
MID14,SID14,67,2017-03-08 06:33:50,4.511,27,2.2013071396629527
MID13,SID13,67,2017-03-08 06:33:50,5.075,26,2.1547203125906416
MID12,SID12,67,2017-03-08 06:33:50,4.511,29,2.3173807363238628
MID11,SID11,67,2017-03-08 06:33:50,5.639,25,2.2534786414469825
MID99,SID99,67,2017-03-08 06:33:50,3.947,27,2.3238141272469823
MID10,SID10,67,2017-03-08 06:33:50,2.819,33,2.3102909424483284
MID98,SID98,67,2017-03-08 06:33:50,5.075,27,2.0162515314392957
MID97,SID97,67,2017-03-08 06:33:50,2.819,32,2.241471505048088
MID96,SID96,67,2017-03-08 06:33:50,5.075,33,2.1826493532067888
MID95,SID95,67,2017-03-08 06:33:50,5.639,29,2.2185422290214856
MID94,SID94,67,2017-03-08 06:33:50,5.639,28,2.387643540427948
MID93,SID93,67,2017-03-08 06:33:50,5.639,29,2.288931462529481
MID92,SID92,67,2017-03-08 06:33:50,3.947,27,2.113563566948213
MID4,SID4,67,2017-03-08 06:33:50,2.819,27,2.49844636015055
MID5,SID5,67,2017-03-08 06:33:50,4.511,25,2.136125178771208
MID6,SID6,67,2017-03-08 06:33:50,3.383,29,2.1799896635559035
MID7,SID7,67,2017-03-08 06:33:50,5.639,27,2.034543610528712
MID1,SID1,67,2017-03-08 06:33:50,3.947,27,2.222373288770026
MID2,SID2,67,2017-03-08 06:33:50,5.639,33,2.3802949527825517
MID3,SID3,67,2017-03-08 06:33:50,5.075,28,2.264058652415397
MID29,SID29,67,2017-03-08 06:33:50,5.075,25,2.143412124233619
MID28,SID28,67,2017-03-08 06:33:50,3.947,32,2.008894128085325
MID27,SID27,67,2017-03-08 06:33:50,3.383,28,2.360687720555079
MID26,SID26,67,2017-03-08 06:33:50,3.383,31,2.2674846316779877
MID8,SID8,67,2017-03-08 06:33:50,3.947,29,2.4379799231570263
MID25,SID25,67,2017-03-08 06:33:50,2.819,25,2.3755373533344635
MID24,SID24,67,2017-03-08 06:33:50,2.819,28,2.357819112788243
MID23,SID23,67,2017-03-08 06:33:50,4.511,34,2.35308574546598
MID22,SID22,67,2017-03-08 06:33:50,3.947,34,2.024715084807257
MID21,SID21,67,2017-03-08 06:33:50,3.383,26,2.4636005701520918
MID20,SID20,67,2017-03-08 06:33:50,3.947,31,2.423216981102823
MID100,SID100,67,2017-03-08 06:33:50,4.511,30,2.1402764892590804
MID79,SID79,67,2017-03-08 06:33:50,2.819,28,2.4981505578681533
MID78,SID78,67,2017-03-08 06:33:50,4.511,31,2.185914514800765
MID77,SID77,67,2017-03-08 06:33:50,2.819,25,2.0898242674241123
MID76,SID76,67,2017-03-08 06:33:50,3.383,30,2.4190209440284876
MID75,SID75,67,2017-03-08 06:33:50,3.947,25,2.1257616799610077
MID74,SID74,67,2017-03-08 06:33:50,4.511,26,2.260259249304694
MID73,SID73,67,2017-03-08 06:33:50,3.383,34,2.428669705665762
MID72,SID72,67,2017-03-08 06:33:50,5.639,26,2.318311879218515
MID71,SID71,67,2017-03-08 06:33:50,3.383,29,2.2433287507960724
MID90,SID90,67,2017-03-08 06:33:50,4.511,27,2.106613433831685
MID89,SID89,67,2017-03-08 06:33:50,5.639,29,2.1802692885470223
MID88,SID88,67,2017-03-08 06:33:50,4.511,29,2.1924648579648727
MID86,SID86,67,2017-03-08 06:33:50,3.383,28,2.372573870198544
MID85,SID85,67,2017-03-08 06:33:50,5.639,33,2.0762586202679554
MID83,SID83,67,2017-03-08 06:33:50,3.383,34,2.3117464858285457
MID82,SID82,67,2017-03-08 06:33:50,5.075,31,2.0170486654861266
MID81,SID81,67,2017-03-08 06:33:50,5.075,27,2.15991725898217
MID80,SID80,67,2017-03-08 06:33:50,5.075,34,2.1480165166360754
MID59,SID59,67,2017-03-08 06:33:50,3.383,26,2.2740348143323557
MID58,SID58,67,2017-03-08 06:33:50,3.383,34,2.315861945137916
MID57,SID57,67,2017-03-08 06:33:50,5.639,27,2.0174099791071805
MID56,SID56,67,2017-03-08 06:33:50,2.819,26,2.450902913480631
MID55,SID55,67,2017-03-08 06:33:50,4.511,28,2.2047526342650716
MID54,SID54,67,2017-03-08 06:33:50,2.819,30,2.0971763613972794
MID53,SID53,67,2017-03-08 06:33:50,3.947,34,2.090444014471295
MID51,SID51,67,2017-03-08 06:33:50,5.075,30,2.4801197893077473
MID50,SID50,67,2017-03-08 06:33:50,2.819,28,2.135760895009164
MID69,SID69,67,2017-03-08 06:33:50,5.639,26,2.178542298369289
MID68,SID68,67,2017-03-08 06:33:50,3.947,27,2.474449056742488
MID67,SID67,67,2017-03-08 06:33:50,5.075,29,2.4179026929161913
MID66,SID66,67,2017-03-08 06:33:50,3.383,32,2.3556567464808023
MID65,SID65,67,2017-03-08 06:33:50,5.075,34,2.281595922068016
MID64,SID64,67,2017-03-08 06:33:50,4.511,28,2.4921857336007847
MID63,SID63,67,2017-03-08 06:33:50,3.383,26,2.1922230970622856
MID62,SID62,67,2017-03-08 06:33:50,5.639,29,2.2325748958447718
MID61,SID61,67,2017-03-08 06:33:50,5.075,29,2.1825361559893297
MID60,SID60,67,2017-03-08 06:33:50,5.075,28,2.298504206923825
MID39,SID39,67,2017-03-08 06:33:50,4.511,28,2.191806215439942
MID38,SID38,67,2017-03-08 06:33:50,3.947,31,2.0512392180886594
MID37,SID37,67,2017-03-08 06:33:50,4.511,34,2.0656604771522526
MID36,SID36,67,2017-03-08 06:33:50,5.075,27,2.0675232764019524
MID35,SID35,67,2017-03-08 06:33:50,5.075,34,2.3467805068168315
MID34,SID34,67,2017-03-08 06:33:50,2.819,34,2.1383977109198566
MID33,SID33,67,2017-03-08 06:33:50,5.639,26,2.2660515388188074
MID32,SID32,67,2017-03-08 06:33:50,5.075,30,2.316511319821296
MID31,SID31,67,2017-03-08 06:33:50,2.819,27,2.0804003207420707
MID30,SID30,67,2017-03-08 06:33:50,3.947,33,2.3241506363536986
MID49,SID49,67,2017-03-08 06:33:50,3.947,25,2.3559274822487275
MID48,SID48,67,2017-03-08 06:33:50,5.075,30,2.46705516180375
MID47,SID47,67,2017-03-08 06:33:50,3.947,30,2.101656323867939
MID46,SID46,67,2017-03-08 06:33:50,4.511,30,2.223894275410339
MID45,SID45,67,2017-03-08 06:33:50,3.947,26,2.475375355666353
MID44,SID44,67,2017-03-08 06:33:50,2.819,33,2.015634244378539
MID43,SID43,67,2017-03-08 06:33:50,3.383,34,2.0284527563662773
MID42,SID42,67,2017-03-08 06:33:50,5.075,28,2.2101375284542133
MID41,SID41,67,2017-03-08 06:33:50,5.075,31,2.115454129268916
MID40,SID40,67,2017-03-08 06:33:50,5.639,26,2.076765953299905
MID19,SID19,67,2017-03-08 06:34:00,4.533,28,2.482025649408474
MID18,SID18,67,2017-03-08 06:34:00,3.967,34,2.290971391193855
MID17,SID17,67,2017-03-08 06:34:00,4.533,29,2.15610083578802
MID16,SID16,67,2017-03-08 06:34:00,3.967,29,2.1374466617173273
MID15,SID15,67,2017-03-08 06:34:00,2.833,26,2.1867608452995393
MID14,SID14,67,2017-03-08 06:34:00,4.533,34,2.2716091980565003
MID13,SID13,67,2017-03-08 06:34:00,5.100,34,2.2972919072768994
MID12,SID12,67,2017-03-08 06:34:00,4.533,34,2.444757053847954
MID11,SID11,67,2017-03-08 06:34:00,5.667,30,2.0986993439628314
MID99,SID99,67,2017-03-08 06:34:00,3.967,34,2.4081048381338612
MID10,SID10,67,2017-03-08 06:34:00,2.833,34,2.130148909223485
MID98,SID98,67,2017-03-08 06:34:00,5.100,30,2.4363782786086308
MID97,SID97,67,2017-03-08 06:34:00,2.833,27,2.250027831036618
MID96,SID96,67,2017-03-08 06:34:00,5.100,29,2.4230360819100984
MID95,SID95,67,2017-03-08 06:34:00,5.667,27,2.426848934232038
MID94,SID94,67,2017-03-08 06:34:00,5.667,28,2.410234197219914
MID93,SID93,67,2017-03-08 06:34:00,5.667,26,2.054743677588265
MID92,SID92,67,2017-03-08 06:34:00,3.967,30,2.177817067924912
MID4,SID4,67,2017-03-08 06:34:00,2.833,25,2.035498611121278
MID5,SID5,67,2017-03-08 06:34:00,4.533,33,2.037164032995162
MID6,SID6,67,2017-03-08 06:34:00,3.400,31,2.0974632895117282
MID7,SID7,67,2017-03-08 06:34:00,5.667,29,2.2727401317956666
MID1,SID1,67,2017-03-08 06:34:00,3.967,32,2.187840877225716
MID2,SID2,67,2017-03-08 06:34:00,5.667,34,2.0036979625482036
MID3,SID3,67,2017-03-08 06:34:00,5.100,30,2.2906816682442037
MID29,SID29,67,2017-03-08 06:34:00,5.100,31,2.4426894423849945
MID28,SID28,67,2017-03-08 06:34:00,3.967,28,2.0875315935159806
MID27,SID27,67,2017-03-08 06:34:00,3.400,33,2.2983414116606897
MID26,SID26,67,2017-03-08 06:34:00,3.400,29,2.435870422866698
MID8,SID8,67,2017-03-08 06:34:00,3.967,32,2.3809924684147545
MID25,SID25,67,2017-03-08 06:34:00,2.833,28,2.1657064531158037
MID24,SID24,67,2017-03-08 06:34:00,2.833,31,2.2024899859577016
MID23,SID23,67,2017-03-08 06:34:00,4.533,31,2.3594416298625247
MID22,SID22,67,2017-03-08 06:34:00,3.967,26,2.3453036570557475
MID21,SID21,67,2017-03-08 06:34:00,3.400,28,2.16673679868386
MID20,SID20,67,2017-03-08 06:34:00,3.967,34,2.1167196136699427
MID100,SID100,67,2017-03-08 06:34:00,4.533,31,2.3020694422477006
MID79,SID79,67,2017-03-08 06:34:00,2.833,30,2.3024606032392243
MID78,SID78,67,2017-03-08 06:34:00,4.533,31,2.4709433961698597
MID77,SID77,67,2017-03-08 06:34:00,2.833,33,2.160736033567094
MID76,SID76,67,2017-03-08 06:34:00,3.400,33,2.484130356378714
MID75,SID75,67,2017-03-08 06:34:00,3.967,32,2.462708694127869
MID74,SID74,67,2017-03-08 06:34:00,4.533,31,2.3938112721623677
MID73,SID73,67,2017-03-08 06:34:00,3.400,25,2.1823021671697043
MID72,SID72,67,2017-03-08 06:34:00,5.667,26,2.244794727529142
MID71,SID71,67,2017-03-08 06:34:00,3.400,25,2.1220143092422132
MID90,SID90,67,2017-03-08 06:34:00,4.533,29,2.3038067561491395
MID89,SID89,67,2017-03-08 06:34:00,5.667,33,2.4132119079563186
MID88,SID88,67,2017-03-08 06:34:00,4.533,28,2.4319708324859306
MID86,SID86,67,2017-03-08 06:34:00,3.400,29,2.2215804490447604
MID85,SID85,67,2017-03-08 06:34:00,5.667,30,2.3055861949616707
MID83,SID83,67,2017-03-08 06:34:00,3.400,33,2.4226534075098263
MID82,SID82,67,2017-03-08 06:34:00,5.100,25,2.0150263778342676
MID81,SID81,67,2017-03-08 06:34:00,5.100,33,2.3697160667193753
MID80,SID80,67,2017-03-08 06:34:00,5.100,34,2.0713868731857437
MID59,SID59,67,2017-03-08 06:34:00,3.400,29,2.1933193985380015
MID58,SID58,67,2017-03-08 06:34:00,3.400,32,2.196791593036187
MID57,SID57,67,2017-03-08 06:34:00,5.667,33,2.4596964307706464
MID56,SID56,67,2017-03-08 06:34:00,2.833,30,2.14050469259147
MID55,SID55,67,2017-03-08 06:34:00,4.533,25,2.0058229931503857
MID54,SID54,67,2017-03-08 06:34:00,2.833,26,2.1893823967887363
MID53,SID53,67,2017-03-08 06:34:00,3.967,26,2.24494308352397
MID51,SID51,67,2017-03-08 06:34:00,5.100,28,2.000271869735711
MID50,SID50,67,2017-03-08 06:34:00,2.833,26,2.08107367111998
MID69,SID69,67,2017-03-08 06:34:00,5.667,31,2.042022802437277
MID68,SID68,67,2017-03-08 06:34:00,3.967,29,2.3801509314240956
MID67,SID67,67,2017-03-08 06:34:00,5.100,30,2.2170141961702647
MID66,SID66,67,2017-03-08 06:34:00,3.400,26,2.1754830974115724
MID65,SID65,67,2017-03-08 06:34:00,5.100,26,2.1318630811944077
MID64,SID64,67,2017-03-08 06:34:00,4.533,34,2.4208783814368755
MID63,SID63,67,2017-03-08 06:34:00,3.400,34,2.4058914917329575
MID62,SID62,67,2017-03-08 06:34:00,5.667,25,2.0879357641168066
MID61,SID61,67,2017-03-08 06:34:00,5.100,33,2.2740066917399036
MID60,SID60,67,2017-03-08 06:34:00,5.100,32,2.3688832758453624
MID39,SID39,67,2017-03-08 06:34:00,4.533,32,2.082718306627699
MID38,SID38,67,2017-03-08 06:34:00,3.967,32,2.082236821839341
MID37,SID37,67,2017-03-08 06:34:00,4.533,27,2.116736692153889
MID36,SID36,67,2017-03-08 06:34:00,5.100,29,2.488589725635659
MID35,SID35,67,2017-03-08 06:34:00,5.100,30,2.1924680684126385
MID34,SID34,67,2017-03-08 06:34:00,2.833,25,2.259216439665154
MID33,SID33,67,2017-03-08 06:34:00,5.667,34,2.0743370018408833
MID32,SID32,67,2017-03-08 06:34:00,5.100,33,2.3129565389482836
MID31,SID31,67,2017-03-08 06:34:00,2.833,30,2.0987609849967823
MID30,SID30,67,2017-03-08 06:34:00,3.967,27,2.2208076689529506
MID49,SID49,67,2017-03-08 06:34:00,3.967,34,2.4023833562447985
MID48,SID48,67,2017-03-08 06:34:00,5.100,33,2.1943432865542443
MID47,SID47,67,2017-03-08 06:34:00,3.967,28,2.214346021432012
MID46,SID46,67,2017-03-08 06:34:00,4.533,31,2.10932223821713
MID45,SID45,67,2017-03-08 06:34:00,3.967,25,2.0354140485226466
MID44,SID44,67,2017-03-08 06:34:00,2.833,29,2.1532566993099254
MID43,SID43,67,2017-03-08 06:34:00,3.400,30,2.403860270591977
MID42,SID42,67,2017-03-08 06:34:00,5.100,33,2.056991712285317
MID41,SID41,67,2017-03-08 06:34:00,5.100,26,2.2401012720172555
MID40,SID40,67,2017-03-08 06:34:00,5.667,28,2.407024909120641
MID19,SID19,67,2017-03-08 06:34:10,4.556,28,2.226745229744018
MID18,SID18,67,2017-03-08 06:34:10,3.986,28,2.4022144589906347
MID17,SID17,67,2017-03-08 06:34:10,4.556,28,2.358896309965857
MID16,SID16,67,2017-03-08 06:34:10,3.986,34,2.1483937443322594
MID15,SID15,67,2017-03-08 06:34:10,2.847,34,2.1546721721514728
MID14,SID14,67,2017-03-08 06:34:10,4.556,33,2.3598758818643946
MID13,SID13,67,2017-03-08 06:34:10,5.125,30,2.3367939724345264
MID12,SID12,67,2017-03-08 06:34:10,4.556,27,2.2532026038864794
MID11,SID11,67,2017-03-08 06:34:10,5.694,25,2.32279068557092
MID99,SID99,67,2017-03-08 06:34:10,3.986,29,2.235501240028924
MID10,SID10,67,2017-03-08 06:34:10,2.847,26,2.112930128910076
MID98,SID98,67,2017-03-08 06:34:10,5.125,34,2.322964549746088
MID97,SID97,67,2017-03-08 06:34:10,2.847,25,2.0180303021004673
MID96,SID96,67,2017-03-08 06:34:10,5.125,33,2.4775491648631123
MID95,SID95,67,2017-03-08 06:34:10,5.694,27,2.0243671798372613
MID94,SID94,67,2017-03-08 06:34:10,5.694,29,2.3881671464638714
MID92,SID92,67,2017-03-08 06:34:10,3.986,28,2.1132334666568684
MID4,SID4,67,2017-03-08 06:34:10,2.847,27,2.40235254674347
MID5,SID5,67,2017-03-08 06:34:10,4.556,25,2.0592041891092565
MID7,SID7,67,2017-03-08 06:34:10,5.694,31,2.428463676049925
MID1,SID1,67,2017-03-08 06:34:10,3.986,34,2.3242739466058295
MID2,SID2,67,2017-03-08 06:34:10,5.694,28,2.393158771357077
MID3,SID3,67,2017-03-08 06:34:10,5.125,34,2.173593008533902
MID29,SID29,67,2017-03-08 06:34:10,5.125,28,2.298628771784243
MID28,SID28,67,2017-03-08 06:34:10,3.986,34,2.441685171033389
MID27,SID27,67,2017-03-08 06:34:10,3.417,28,2.4874343735470794
MID26,SID26,67,2017-03-08 06:34:10,3.417,32,2.2422887619688847
MID8,SID8,67,2017-03-08 06:34:10,3.986,30,2.054935372779397
MID25,SID25,67,2017-03-08 06:34:10,2.847,28,2.473975226036392
MID24,SID24,67,2017-03-08 06:34:10,2.847,26,2.448958999250161
MID23,SID23,67,2017-03-08 06:34:10,4.556,33,2.0580141265393554
MID22,SID22,67,2017-03-08 06:34:10,3.986,34,2.284244958435546
MID21,SID21,67,2017-03-08 06:34:10,3.417,33,2.3206037836368387
MID20,SID20,67,2017-03-08 06:34:10,3.986,29,2.0969733608476795
MID79,SID79,67,2017-03-08 06:34:10,2.847,33,2.186751723835133
MID78,SID78,67,2017-03-08 06:34:10,4.556,34,2.169017604790374
MID76,SID76,67,2017-03-08 06:34:10,3.417,32,2.005682108743429
MID75,SID75,67,2017-03-08 06:34:10,3.986,30,2.446511493103392
MID74,SID74,67,2017-03-08 06:34:10,4.556,25,2.4550806290614107
MID73,SID73,67,2017-03-08 06:34:10,3.417,28,2.456681042074882
MID72,SID72,67,2017-03-08 06:34:10,5.694,25,2.100119817756855
MID71,SID71,67,2017-03-08 06:34:10,3.417,31,2.399151062203023
MID90,SID90,67,2017-03-08 06:34:10,4.556,28,2.2448650858918087
MID89,SID89,67,2017-03-08 06:34:10,5.694,33,2.2833358681351816
MID88,SID88,67,2017-03-08 06:34:10,4.556,26,2.3881175098235374
MID86,SID86,67,2017-03-08 06:34:10,3.417,25,2.2306674178218397
MID85,SID85,67,2017-03-08 06:34:10,5.694,31,2.3870922054271455
MID83,SID83,67,2017-03-08 06:34:10,3.417,31,2.455910010473313
MID82,SID82,67,2017-03-08 06:34:10,5.125,31,2.1808263282508853
MID81,SID81,67,2017-03-08 06:34:10,5.125,33,2.1764179743114687
MID80,SID80,67,2017-03-08 06:34:10,5.125,25,2.3039708395204754
MID59,SID59,67,2017-03-08 06:34:10,3.417,28,2.176393032694527
MID58,SID58,67,2017-03-08 06:34:10,3.417,34,2.0896347893426013
MID57,SID57,67,2017-03-08 06:34:10,5.694,30,2.1699553665213145
MID56,SID56,67,2017-03-08 06:34:10,2.847,30,2.0680910941918067
MID55,SID55,67,2017-03-08 06:34:10,4.556,28,2.0559509128393527
MID54,SID54,67,2017-03-08 06:34:10,2.847,25,2.01373899085682
MID53,SID53,67,2017-03-08 06:34:10,3.986,26,2.1538734502207015
MID51,SID51,67,2017-03-08 06:34:10,5.125,32,2.2999689598817854
MID69,SID69,67,2017-03-08 06:34:10,5.694,30,2.3204351083635064
MID68,SID68,67,2017-03-08 06:34:10,3.986,33,2.2767350861875
MID67,SID67,67,2017-03-08 06:34:10,5.125,30,2.011620583608501
MID66,SID66,67,2017-03-08 06:34:10,3.417,28,2.4296866967155766
MID65,SID65,67,2017-03-08 06:34:10,5.125,26,2.386604793468679
MID64,SID64,67,2017-03-08 06:34:10,4.556,28,2.2963613512177385
MID63,SID63,67,2017-03-08 06:34:10,3.417,30,2.3841694041382655
MID62,SID62,67,2017-03-08 06:34:10,5.694,34,2.463202507128366
MID61,SID61,67,2017-03-08 06:34:10,5.125,29,2.073417162427373
MID60,SID60,67,2017-03-08 06:34:10,5.125,29,2.394161320668429
MID39,SID39,67,2017-03-08 06:34:10,4.556,30,2.2037095307901216
MID38,SID38,67,2017-03-08 06:34:10,3.986,31,2.168787508810813
MID37,SID37,67,2017-03-08 06:34:10,4.556,34,2.1587026844527837
MID36,SID36,67,2017-03-08 06:34:10,5.125,29,2.443391697683779
MID35,SID35,67,2017-03-08 06:34:10,5.125,32,2.4000300751374724
MID34,SID34,67,2017-03-08 06:34:10,2.847,25,2.286156543143779
MID33,SID33,67,2017-03-08 06:34:10,5.694,31,2.43364044622847
MID32,SID32,67,2017-03-08 06:34:10,5.125,28,2.0584087588821305
MID31,SID31,67,2017-03-08 06:34:10,2.847,28,2.497269929827742
MID30,SID30,67,2017-03-08 06:34:10,3.986,27,2.425279508651632
MID49,SID49,67,2017-03-08 06:34:10,3.986,29,2.1490222467033266
MID48,SID48,67,2017-03-08 06:34:10,5.125,33,2.474142924699029
MID47,SID47,67,2017-03-08 06:34:10,3.986,33,2.152788162985274
MID45,SID45,67,2017-03-08 06:34:10,3.986,31,2.106019981598873
MID44,SID44,67,2017-03-08 06:34:10,2.847,33,2.0625174232439423
MID42,SID42,67,2017-03-08 06:34:10,5.125,29,2.255470747565666
MID41,SID41,67,2017-03-08 06:34:10,5.125,27,2.350578681710048
MID40,SID40,67,2017-03-08 06:34:10,5.694,31,2.147254260283069
MID19,SID19,67,2017-03-08 06:34:20,4.578,31,2.4009124573173866
MID18,SID18,67,2017-03-08 06:34:20,4.006,33,2.1081487793311324
MID17,SID17,67,2017-03-08 06:34:20,4.578,25,2.2134170554728736
MID16,SID16,67,2017-03-08 06:34:20,4.006,28,2.4391642499143473
MID15,SID15,67,2017-03-08 06:34:20,2.861,26,2.1424714890731402
MID14,SID14,67,2017-03-08 06:34:20,4.578,25,2.1605972523031305
MID13,SID13,67,2017-03-08 06:34:20,5.150,25,2.1261355119930028
MID12,SID12,67,2017-03-08 06:34:20,4.578,32,2.1350621631244575
MID11,SID11,67,2017-03-08 06:34:20,5.722,26,2.153192495885007
MID99,SID99,67,2017-03-08 06:34:20,4.006,27,2.1903379742382048
MID10,SID10,67,2017-03-08 06:34:20,2.861,27,2.028438578803205
MID98,SID98,67,2017-03-08 06:34:20,5.150,25,2.3911225284093676
MID97,SID97,67,2017-03-08 06:34:20,2.861,29,2.231691597877874
MID96,SID96,67,2017-03-08 06:34:20,5.150,30,2.20756471218196
MID95,SID95,67,2017-03-08 06:34:20,5.722,25,2.3972153588095795
MID94,SID94,67,2017-03-08 06:34:20,5.722,28,2.41632262783562
MID92,SID92,67,2017-03-08 06:34:20,4.006,31,2.4718087378749782
MID4,SID4,67,2017-03-08 06:34:20,2.861,33,2.3775299417853173
MID5,SID5,67,2017-03-08 06:34:20,4.578,33,2.2704801018294205
MID7,SID7,67,2017-03-08 06:34:20,5.722,32,2.2127696650416167
MID1,SID1,67,2017-03-08 06:34:20,4.006,28,2.459029558817878
MID2,SID2,67,2017-03-08 06:34:20,5.722,33,2.301159213583531
MID3,SID3,67,2017-03-08 06:34:20,5.150,27,2.070741528327882
MID29,SID29,67,2017-03-08 06:34:20,5.150,28,2.180859013375524
MID28,SID28,67,2017-03-08 06:34:20,4.006,31,2.023059217911663
MID27,SID27,67,2017-03-08 06:34:20,3.433,26,2.2793263318048074
MID26,SID26,67,2017-03-08 06:34:20,3.433,31,2.237162373083896
MID8,SID8,67,2017-03-08 06:34:20,4.006,28,2.4187494942681833
MID25,SID25,67,2017-03-08 06:34:20,2.861,26,2.3168056139350863
MID24,SID24,67,2017-03-08 06:34:20,2.861,31,2.361472953028919
MID23,SID23,67,2017-03-08 06:34:20,4.578,26,2.2919937789104177
MID22,SID22,67,2017-03-08 06:34:20,4.006,32,2.0570436758813555
MID21,SID21,67,2017-03-08 06:34:20,3.433,33,2.0992899402169924
MID20,SID20,67,2017-03-08 06:34:20,4.006,33,2.2294010655983496
MID79,SID79,67,2017-03-08 06:34:20,2.861,30,2.2983841271676773
MID78,SID78,67,2017-03-08 06:34:20,4.578,26,2.33061022943468
MID76,SID76,67,2017-03-08 06:34:20,3.433,32,2.1259464125901135
MID75,SID75,67,2017-03-08 06:34:20,4.006,29,2.140965952866613
MID74,SID74,67,2017-03-08 06:34:20,4.578,33,2.19901480020955
MID73,SID73,67,2017-03-08 06:34:20,3.433,34,2.4446459887774097
MID72,SID72,67,2017-03-08 06:34:20,5.722,26,2.2466694245780925
MID71,SID71,67,2017-03-08 06:34:20,3.433,34,2.262467698357381
MID90,SID90,67,2017-03-08 06:34:20,4.578,31,2.083584264095585
MID89,SID89,67,2017-03-08 06:34:20,5.722,25,2.3992412202164175
MID88,SID88,67,2017-03-08 06:34:20,4.578,25,2.183597904315822
MID86,SID86,67,2017-03-08 06:34:20,3.433,29,2.012471821864923
MID85,SID85,67,2017-03-08 06:34:20,5.722,31,2.4394294330935695
MID83,SID83,67,2017-03-08 06:34:20,3.433,28,2.4124324293550665
MID82,SID82,67,2017-03-08 06:34:20,5.150,31,2.025413621446762
MID81,SID81,67,2017-03-08 06:34:20,5.150,31,2.358953384537712
MID80,SID80,67,2017-03-08 06:34:20,5.150,32,2.2562424756624533
MID59,SID59,67,2017-03-08 06:34:20,3.433,27,2.425983488889064
MID58,SID58,67,2017-03-08 06:34:20,3.433,34,2.214751595109766
MID57,SID57,67,2017-03-08 06:34:20,5.722,30,2.450303062575091
MID56,SID56,67,2017-03-08 06:34:20,2.861,32,2.1430753565499727
MID55,SID55,67,2017-03-08 06:34:20,4.578,30,2.3766543849655233
MID54,SID54,67,2017-03-08 06:34:20,2.861,34,2.336526334759945
MID53,SID53,67,2017-03-08 06:34:20,4.006,26,2.0522583831931285
MID51,SID51,67,2017-03-08 06:34:20,5.150,26,2.0485989553437944
MID69,SID69,67,2017-03-08 06:34:20,5.722,26,2.1272398103831516
MID68,SID68,67,2017-03-08 06:34:20,4.006,32,2.1397831000013428
MID67,SID67,67,2017-03-08 06:34:20,5.150,25,2.224115303843869
MID66,SID66,67,2017-03-08 06:34:20,3.433,31,2.086272338585188
MID65,SID65,67,2017-03-08 06:34:20,5.150,30,2.489878376600073
MID64,SID64,67,2017-03-08 06:34:20,4.578,30,2.0966157209372542
MID63,SID63,67,2017-03-08 06:34:20,3.433,34,2.1546103796747693
MID62,SID62,67,2017-03-08 06:34:20,5.722,29,2.4262186768606173
MID61,SID61,67,2017-03-08 06:34:20,5.150,30,2.0194570688918834
MID60,SID60,67,2017-03-08 06:34:20,5.150,33,2.1922989409756286
MID39,SID39,67,2017-03-08 06:34:20,4.578,28,2.0014912089913004
MID38,SID38,67,2017-03-08 06:34:20,4.006,34,2.0769990940542122
MID37,SID37,67,2017-03-08 06:34:20,4.578,34,2.1869505674004794
MID36,SID36,67,2017-03-08 06:34:20,5.150,28,2.025003398478833
MID35,SID35,67,2017-03-08 06:34:20,5.150,28,2.4532136132188245
MID34,SID34,67,2017-03-08 06:34:20,2.861,27,2.002521060134579
MID33,SID33,67,2017-03-08 06:34:20,5.722,26,2.0829646330232356
MID32,SID32,67,2017-03-08 06:34:20,5.150,29,2.454510427235144
MID31,SID31,67,2017-03-08 06:34:20,2.861,32,2.4840963558370053
MID30,SID30,67,2017-03-08 06:34:20,4.006,33,2.1183204626096916
MID49,SID49,67,2017-03-08 06:34:20,4.006,27,2.3852406301871643
MID48,SID48,67,2017-03-08 06:34:20,5.150,31,2.217223014835569
MID47,SID47,67,2017-03-08 06:34:20,4.006,32,2.006794724883039
MID45,SID45,67,2017-03-08 06:34:20,4.006,30,2.466341177577316
MID44,SID44,67,2017-03-08 06:34:20,2.861,30,2.453894923512297
MID42,SID42,67,2017-03-08 06:34:20,5.150,28,2.0021195285300544
MID41,SID41,67,2017-03-08 06:34:20,5.150,32,2.190138282061336
MID40,SID40,67,2017-03-08 06:34:20,5.722,32,2.1412890155636237
MID19,SID19,67,2017-03-08 06:34:30,4.600,25,2.363139481118889
MID18,SID18,67,2017-03-08 06:34:30,4.025,31,2.0253392617569816
MID17,SID17,67,2017-03-08 06:34:30,4.600,31,2.012766903840088
MID16,SID16,67,2017-03-08 06:34:30,4.025,27,2.083468421530214
MID15,SID15,67,2017-03-08 06:34:30,2.875,33,2.055606835169875
MID14,SID14,67,2017-03-08 06:34:30,4.600,28,2.178067678138664
MID13,SID13,67,2017-03-08 06:34:30,5.175,30,2.495534065128015
MID12,SID12,67,2017-03-08 06:34:30,4.600,29,2.1025640180174543
MID11,SID11,67,2017-03-08 06:34:30,5.750,34,2.1203281002085115
MID99,SID99,67,2017-03-08 06:34:30,4.025,29,2.0533122016773153
MID10,SID10,67,2017-03-08 06:34:30,2.875,33,2.4777867974980112
MID98,SID98,67,2017-03-08 06:34:30,5.175,25,2.468282819456055
MID97,SID97,67,2017-03-08 06:34:30,2.875,30,2.350031379161981
MID96,SID96,67,2017-03-08 06:34:30,5.175,26,2.395797008931959
MID95,SID95,67,2017-03-08 06:34:30,5.750,32,2.253525309401735
MID94,SID94,67,2017-03-08 06:34:30,5.750,32,2.376020686513027
MID92,SID92,67,2017-03-08 06:34:30,4.025,30,2.0635521100616465
MID4,SID4,67,2017-03-08 06:34:30,2.875,29,2.083111522408371
MID5,SID5,67,2017-03-08 06:34:30,4.600,31,2.4976531886361695
MID7,SID7,67,2017-03-08 06:34:30,5.750,31,2.1072886051335225
MID1,SID1,67,2017-03-08 06:34:30,4.025,26,2.467108675803233
MID2,SID2,67,2017-03-08 06:34:30,5.750,27,2.213792578006174
MID3,SID3,67,2017-03-08 06:34:30,5.175,32,2.3267447997303563
MID29,SID29,67,2017-03-08 06:34:30,5.175,29,2.392577501959459
MID28,SID28,67,2017-03-08 06:34:30,4.025,27,2.192180538005874
MID27,SID27,67,2017-03-08 06:34:30,3.450,31,2.16069726634094
MID26,SID26,67,2017-03-08 06:34:30,3.450,25,2.4598830474487228
MID8,SID8,67,2017-03-08 06:34:30,4.025,28,2.0242893981974817
MID25,SID25,67,2017-03-08 06:34:30,2.875,26,2.0741982613914347
MID24,SID24,67,2017-03-08 06:34:30,2.875,29,2.085985455541008
MID23,SID23,67,2017-03-08 06:34:30,4.600,33,2.1483177433964307
MID22,SID22,67,2017-03-08 06:34:30,4.025,30,2.1383418165392554
MID21,SID21,67,2017-03-08 06:34:30,3.450,34,2.106469500615837
MID20,SID20,67,2017-03-08 06:34:30,4.025,25,2.0490343385661203
MID79,SID79,67,2017-03-08 06:34:30,2.875,26,2.208900675111435
MID78,SID78,67,2017-03-08 06:34:30,4.600,34,2.304389449356934
MID76,SID76,67,2017-03-08 06:34:30,3.450,31,2.462093678652401
MID75,SID75,67,2017-03-08 06:34:30,4.025,31,2.3965430833560455
MID74,SID74,67,2017-03-08 06:34:30,4.600,32,2.4319942750066175
MID73,SID73,67,2017-03-08 06:34:30,3.450,31,2.234074599347656
MID72,SID72,67,2017-03-08 06:34:30,5.750,31,2.151257145667294
MID71,SID71,67,2017-03-08 06:34:30,3.450,27,2.377210089300714
MID90,SID90,67,2017-03-08 06:34:30,4.600,25,2.1140367259814408
MID89,SID89,67,2017-03-08 06:34:30,5.750,29,2.4386309147340173
MID88,SID88,67,2017-03-08 06:34:30,4.600,34,2.0424678277236854
MID86,SID86,67,2017-03-08 06:34:30,3.450,27,2.0449655245136618
MID85,SID85,67,2017-03-08 06:34:30,5.750,26,2.144360199781339
MID83,SID83,67,2017-03-08 06:34:30,3.450,33,2.42694756852565
MID82,SID82,67,2017-03-08 06:34:30,5.175,34,2.1091220309931393
MID81,SID81,67,2017-03-08 06:34:30,5.175,31,2.3346423784404413
MID80,SID80,67,2017-03-08 06:34:30,5.175,34,2.4601028423861226
MID59,SID59,67,2017-03-08 06:34:30,3.450,25,2.1028471749856794
MID58,SID58,67,2017-03-08 06:34:30,3.450,31,2.408474827491843
MID57,SID57,67,2017-03-08 06:34:30,5.750,30,2.217765001639889
MID56,SID56,67,2017-03-08 06:34:30,2.875,30,2.378672574287215
MID55,SID55,67,2017-03-08 06:34:30,4.600,30,2.118639172284323
MID54,SID54,67,2017-03-08 06:34:30,2.875,27,2.260462716465869
MID53,SID53,67,2017-03-08 06:34:30,4.025,25,2.486291921113317
MID51,SID51,67,2017-03-08 06:34:30,5.175,26,2.0225662953223638
MID69,SID69,67,2017-03-08 06:34:30,5.750,33,2.495622052202853
MID68,SID68,67,2017-03-08 06:34:30,4.025,28,2.225537705662907
MID67,SID67,67,2017-03-08 06:34:30,5.175,32,2.1207180427014407
MID66,SID66,67,2017-03-08 06:34:30,3.450,30,2.3598851365881104
MID65,SID65,67,2017-03-08 06:34:30,5.175,29,2.1720735859100113
MID64,SID64,67,2017-03-08 06:34:30,4.600,28,2.177372798348452
MID63,SID63,67,2017-03-08 06:34:30,3.450,27,2.35251865884579
MID62,SID62,67,2017-03-08 06:34:30,5.750,31,2.039540909625634
MID61,SID61,67,2017-03-08 06:34:30,5.175,30,2.1601203053430247
MID60,SID60,67,2017-03-08 06:34:30,5.175,27,2.35603174155149
MID39,SID39,67,2017-03-08 06:34:30,4.600,29,2.1381676576917017
MID38,SID38,67,2017-03-08 06:34:30,4.025,34,2.0600457806068504
MID37,SID37,67,2017-03-08 06:34:30,4.600,34,2.185245891497943
MID36,SID36,67,2017-03-08 06:34:30,5.175,26,2.447202053931486
MID35,SID35,67,2017-03-08 06:34:30,5.175,26,2.2770796494053234
MID34,SID34,67,2017-03-08 06:34:30,2.875,25,2.1297280323255494
MID33,SID33,67,2017-03-08 06:34:30,5.750,27,2.48445816576661
MID32,SID32,67,2017-03-08 06:34:30,5.175,26,2.1508185381871723
MID31,SID31,67,2017-03-08 06:34:30,2.875,29,2.194532045452127
MID30,SID30,67,2017-03-08 06:34:30,4.025,29,2.0046674818645633
MID49,SID49,67,2017-03-08 06:34:30,4.025,28,2.254275410876883
MID48,SID48,67,2017-03-08 06:34:30,5.175,25,2.0395299174462043
MID47,SID47,67,2017-03-08 06:34:30,4.025,25,2.1305659849913665
MID45,SID45,67,2017-03-08 06:34:30,4.025,29,2.421417889682724
MID44,SID44,67,2017-03-08 06:34:30,2.875,34,2.3125217230394464
MID42,SID42,67,2017-03-08 06:34:30,5.175,27,2.2306850041883166
MID41,SID41,67,2017-03-08 06:34:30,5.175,33,2.0432620686224405
MID40,SID40,67,2017-03-08 06:34:30,5.750,33,2.13649326815375
MID19,SID19,67,2017-03-08 06:34:40,4.622,33,2.491114184409132
MID18,SID18,67,2017-03-08 06:34:40,4.044,31,2.3801127042820562
MID17,SID17,67,2017-03-08 06:34:40,4.622,31,2.2688532875918517
MID16,SID16,67,2017-03-08 06:34:40,4.044,25,2.299518494575839
MID15,SID15,67,2017-03-08 06:34:40,2.889,31,2.0969488156251628
MID14,SID14,67,2017-03-08 06:34:40,4.622,31,2.056715826549998
MID13,SID13,67,2017-03-08 06:34:40,5.200,25,2.0043599350581704
MID12,SID12,67,2017-03-08 06:34:40,4.622,30,2.095034328833702
MID11,SID11,67,2017-03-08 06:34:40,5.778,25,2.2114881738728274
MID99,SID99,67,2017-03-08 06:34:40,4.044,32,2.481276153042199
MID10,SID10,67,2017-03-08 06:34:40,2.889,29,2.0842812308226617
MID98,SID98,67,2017-03-08 06:34:40,5.200,27,2.191331529360397
MID97,SID97,67,2017-03-08 06:34:40,2.889,25,2.467800821083385
MID96,SID96,67,2017-03-08 06:34:40,5.200,28,2.078356451394934
MID95,SID95,67,2017-03-08 06:34:40,5.778,27,2.3771705206896687
MID94,SID94,67,2017-03-08 06:34:40,5.778,34,2.197917792540134
MID92,SID92,67,2017-03-08 06:34:40,4.044,27,2.499985582795983
MID4,SID4,67,2017-03-08 06:34:40,2.889,33,2.3574249758972505
MID5,SID5,67,2017-03-08 06:34:40,4.622,33,2.222580694045818
MID7,SID7,67,2017-03-08 06:34:40,5.778,25,2.223500806319789
MID1,SID1,67,2017-03-08 06:34:40,4.044,31,2.162200617229125
MID2,SID2,67,2017-03-08 06:34:40,5.778,29,2.01299303415731
MID3,SID3,67,2017-03-08 06:34:40,5.200,27,2.088135953853679
MID29,SID29,67,2017-03-08 06:34:40,5.200,27,2.1590845485964816
MID28,SID28,67,2017-03-08 06:34:40,4.044,28,2.055819412310195
MID27,SID27,67,2017-03-08 06:34:40,3.467,31,2.0378724537762567
MID26,SID26,67,2017-03-08 06:34:40,3.467,30,2.3778634342296634
MID8,SID8,67,2017-03-08 06:34:40,4.044,29,2.2822350674209186
MID25,SID25,67,2017-03-08 06:34:40,2.889,30,2.2217291584014083
MID24,SID24,67,2017-03-08 06:34:40,2.889,32,2.083607801708191
MID23,SID23,67,2017-03-08 06:34:40,4.622,27,2.1449821071917694
MID22,SID22,67,2017-03-08 06:34:40,4.044,27,2.4805046791100125
MID21,SID21,67,2017-03-08 06:34:40,3.467,31,2.1192873297855197
MID20,SID20,67,2017-03-08 06:34:40,4.044,29,2.174344232289188
MID79,SID79,67,2017-03-08 06:34:40,2.889,34,2.1669938407759495
MID78,SID78,67,2017-03-08 06:34:40,4.622,25,2.155590112875108
MID76,SID76,67,2017-03-08 06:34:40,3.467,30,2.272916042626583
MID75,SID75,67,2017-03-08 06:34:40,4.044,29,2.2301196618175787
MID74,SID74,67,2017-03-08 06:34:40,4.622,26,2.163755530312914
MID73,SID73,67,2017-03-08 06:34:40,3.467,29,2.379838152968611
MID72,SID72,67,2017-03-08 06:34:40,5.778,31,2.1505644888123285
MID71,SID71,67,2017-03-08 06:34:40,3.467,28,2.4891788393525
MID90,SID90,67,2017-03-08 06:34:40,4.622,30,2.2716130722510237
MID89,SID89,67,2017-03-08 06:34:40,5.778,29,2.0938587502126125
MID88,SID88,67,2017-03-08 06:34:40,4.622,28,2.2748952346938416
MID86,SID86,67,2017-03-08 06:34:40,3.467,30,2.2666413966268686
MID85,SID85,67,2017-03-08 06:34:40,5.778,29,2.4878545643296546
MID83,SID83,67,2017-03-08 06:34:40,3.467,28,2.4103994039945884
MID82,SID82,67,2017-03-08 06:34:40,5.200,26,2.420855397794343
MID81,SID81,67,2017-03-08 06:34:40,5.200,27,2.30689403435884
MID80,SID80,67,2017-03-08 06:34:40,5.200,29,2.011237862973095
MID59,SID59,67,2017-03-08 06:34:40,3.467,27,2.0291661266449066
MID58,SID58,67,2017-03-08 06:34:40,3.467,26,2.2115039596243924
MID57,SID57,67,2017-03-08 06:34:40,5.778,32,2.153517160500037
MID56,SID56,67,2017-03-08 06:34:40,2.889,32,2.4388297391711244
MID55,SID55,67,2017-03-08 06:34:40,4.622,28,2.254399669850414
MID54,SID54,67,2017-03-08 06:34:40,2.889,27,2.428840599891539
MID53,SID53,67,2017-03-08 06:34:40,4.044,29,2.1457627935251242
MID51,SID51,67,2017-03-08 06:34:40,5.200,29,2.189443674273476
MID69,SID69,67,2017-03-08 06:34:40,5.778,29,2.062306615553316
MID68,SID68,67,2017-03-08 06:34:40,4.044,28,2.181601142480762
MID67,SID67,67,2017-03-08 06:34:40,5.200,31,2.320141808031688
MID66,SID66,67,2017-03-08 06:34:40,3.467,33,2.34609698641194
MID65,SID65,67,2017-03-08 06:34:40,5.200,28,2.2700756335618295
MID64,SID64,67,2017-03-08 06:34:40,4.622,27,2.354366265578981
MID63,SID63,67,2017-03-08 06:34:40,3.467,26,2.4595126061235404
MID62,SID62,67,2017-03-08 06:34:40,5.778,33,2.2300965416100698
MID61,SID61,67,2017-03-08 06:34:40,5.200,30,2.165348139421411
MID60,SID60,67,2017-03-08 06:34:40,5.200,28,2.1170150999478654
MID39,SID39,67,2017-03-08 06:34:40,4.622,34,2.3268168501245317
MID38,SID38,67,2017-03-08 06:34:40,4.044,27,2.262765895213345
MID37,SID37,67,2017-03-08 06:34:40,4.622,30,2.1011846927477698
MID36,SID36,67,2017-03-08 06:34:40,5.200,32,2.290079692160567
MID35,SID35,67,2017-03-08 06:34:40,5.200,33,2.016301012754689
MID34,SID34,67,2017-03-08 06:34:40,2.889,25,2.3573012304756586
MID33,SID33,67,2017-03-08 06:34:40,5.778,31,2.085764440881135
MID32,SID32,67,2017-03-08 06:34:40,5.200,28,2.419041755472345
MID31,SID31,67,2017-03-08 06:34:40,2.889,28,2.174872795888402
MID30,SID30,67,2017-03-08 06:34:40,4.044,27,2.278622142075941
MID49,SID49,67,2017-03-08 06:34:40,4.044,33,2.4036645201536713
MID48,SID48,67,2017-03-08 06:34:40,5.200,34,2.301531423035082
MID47,SID47,67,2017-03-08 06:34:40,4.044,33,2.2396736723829154
MID45,SID45,67,2017-03-08 06:34:40,4.044,25,2.0348917676274714
MID44,SID44,67,2017-03-08 06:34:40,2.889,25,2.3722115261482135
MID42,SID42,67,2017-03-08 06:34:40,5.200,26,2.1645364108320995
MID41,SID41,67,2017-03-08 06:34:40,5.200,25,2.128895902910648
MID40,SID40,67,2017-03-08 06:34:40,5.778,29,2.4311649524592305
MID19,SID19,67,2017-03-08 06:34:50,4.644,28,2.1475329870411604
MID18,SID18,67,2017-03-08 06:34:50,4.064,27,2.2874194995043746
MID17,SID17,67,2017-03-08 06:34:50,4.644,32,2.1088890543542034
MID16,SID16,67,2017-03-08 06:34:50,4.064,26,2.255427629173438
MID15,SID15,67,2017-03-08 06:34:50,2.903,28,2.0345477026164236
MID14,SID14,67,2017-03-08 06:34:50,4.644,27,2.395036063282592
MID13,SID13,67,2017-03-08 06:34:50,5.225,33,2.1866253231447192
MID12,SID12,67,2017-03-08 06:34:50,4.644,31,2.386552728734339
MID11,SID11,67,2017-03-08 06:34:50,5.806,31,2.36570809767167
MID99,SID99,67,2017-03-08 06:34:50,4.064,34,2.355213809176787
MID10,SID10,67,2017-03-08 06:34:50,2.903,33,2.162013415754082
MID98,SID98,67,2017-03-08 06:34:50,5.225,25,2.428145804994709
MID97,SID97,67,2017-03-08 06:34:50,2.903,28,2.1364866435177614
MID96,SID96,67,2017-03-08 06:34:50,5.225,26,2.2737268338682806
MID95,SID95,67,2017-03-08 06:34:50,5.806,34,2.0595131716356594
MID94,SID94,67,2017-03-08 06:34:50,5.806,29,2.339783603627428
MID92,SID92,67,2017-03-08 06:34:50,4.064,34,2.44876169370713
MID4,SID4,67,2017-03-08 06:34:50,2.903,28,2.1321025285783257
MID5,SID5,67,2017-03-08 06:34:50,4.644,29,2.1184636675676938
MID7,SID7,67,2017-03-08 06:34:50,5.806,30,2.0505590047964777
MID1,SID1,67,2017-03-08 06:34:50,4.064,34,2.100806079652066
MID2,SID2,67,2017-03-08 06:34:50,5.806,32,2.340057568516542
MID3,SID3,67,2017-03-08 06:34:50,5.225,31,2.1390745868538446
MID29,SID29,67,2017-03-08 06:34:50,5.225,30,2.400172451198383
MID28,SID28,67,2017-03-08 06:34:50,4.064,28,2.3156041879079456
MID27,SID27,67,2017-03-08 06:34:50,3.483,31,2.0572436518143857
MID26,SID26,67,2017-03-08 06:34:50,3.483,26,2.43044184219722
MID8,SID8,67,2017-03-08 06:34:50,4.064,27,2.3019051731491844
MID25,SID25,67,2017-03-08 06:34:50,2.903,34,2.430158109519686
MID24,SID24,67,2017-03-08 06:34:50,2.903,31,2.2737557072728274
MID23,SID23,67,2017-03-08 06:34:50,4.644,32,2.4758739611519642
MID22,SID22,67,2017-03-08 06:34:50,4.064,29,2.473430639273999
MID21,SID21,67,2017-03-08 06:34:50,3.483,25,2.1031758372220044
MID20,SID20,67,2017-03-08 06:34:50,4.064,29,2.1938442195368966
MID79,SID79,67,2017-03-08 06:34:50,2.903,27,2.315292628471624
MID78,SID78,67,2017-03-08 06:34:50,4.644,31,2.0690353271194426
MID76,SID76,67,2017-03-08 06:34:50,3.483,28,2.0782871543723243
MID75,SID75,67,2017-03-08 06:34:50,4.064,32,2.3071828026837555
MID74,SID74,67,2017-03-08 06:34:50,4.644,27,2.2899800058655684
MID73,SID73,67,2017-03-08 06:34:50,3.483,31,2.425859230184154
MID72,SID72,67,2017-03-08 06:34:50,5.806,31,2.082021946886703
MID71,SID71,67,2017-03-08 06:34:50,3.483,31,2.339687647042305
MID90,SID90,67,2017-03-08 06:34:50,4.644,28,2.224630262182169
MID89,SID89,67,2017-03-08 06:34:50,5.806,33,2.359395980602035
MID88,SID88,67,2017-03-08 06:34:50,4.644,28,2.1046963107476486
MID86,SID86,67,2017-03-08 06:34:50,3.483,31,2.190948267952687
MID85,SID85,67,2017-03-08 06:34:50,5.806,25,2.1071002436353963
MID83,SID83,67,2017-03-08 06:34:50,3.483,30,2.4162950170069557
MID82,SID82,67,2017-03-08 06:34:50,5.225,30,2.3066577829962056
MID81,SID81,67,2017-03-08 06:34:50,5.225,28,2.4799906087377956
MID80,SID80,67,2017-03-08 06:34:50,5.225,29,2.0380309635718117
MID59,SID59,67,2017-03-08 06:34:50,3.483,32,2.032881112320207
MID58,SID58,67,2017-03-08 06:34:50,3.483,31,2.371545828532432
MID57,SID57,67,2017-03-08 06:34:50,5.806,29,2.239260066108053
MID56,SID56,67,2017-03-08 06:34:50,2.903,27,2.349861614234334
MID55,SID55,67,2017-03-08 06:34:50,4.644,34,2.292910163295314
MID54,SID54,67,2017-03-08 06:34:50,2.903,32,2.3343778629708716
MID53,SID53,67,2017-03-08 06:34:50,4.064,33,2.299157453304037
MID51,SID51,67,2017-03-08 06:34:50,5.225,26,2.4827655586093185
MID69,SID69,67,2017-03-08 06:34:50,5.806,25,2.3282001613632404
MID68,SID68,67,2017-03-08 06:34:50,4.064,33,2.208529534480454
MID67,SID67,67,2017-03-08 06:34:50,5.225,28,2.2691510070464824
MID66,SID66,67,2017-03-08 06:34:50,3.483,34,2.1819345191362727
MID65,SID65,67,2017-03-08 06:34:50,5.225,32,2.4163714362924464
MID64,SID64,67,2017-03-08 06:34:50,4.644,26,2.1387134038773294
MID63,SID63,67,2017-03-08 06:34:50,3.483,33,2.3063191118449433
MID62,SID62,67,2017-03-08 06:34:50,5.806,25,2.32139507062746
MID61,SID61,67,2017-03-08 06:34:50,5.225,25,2.0381449618350693
MID60,SID60,67,2017-03-08 06:34:50,5.225,26,2.3156580996318104
MID39,SID39,67,2017-03-08 06:34:50,4.644,28,2.029484165382321
MID38,SID38,67,2017-03-08 06:34:50,4.064,25,2.2991305428820215
MID37,SID37,67,2017-03-08 06:34:50,4.644,29,2.2214874821746644
MID36,SID36,67,2017-03-08 06:34:50,5.225,34,2.245468624098669
MID35,SID35,67,2017-03-08 06:34:50,5.225,27,2.2187754053581368
MID34,SID34,67,2017-03-08 06:34:50,2.903,34,2.033781543882512
MID33,SID33,67,2017-03-08 06:34:50,5.806,26,2.209784057079192
MID32,SID32,67,2017-03-08 06:34:50,5.225,31,2.199743838821428
MID31,SID31,67,2017-03-08 06:34:50,2.903,25,2.028009039329864
MID30,SID30,67,2017-03-08 06:34:50,4.064,31,2.253768931928283
MID49,SID49,67,2017-03-08 06:34:50,4.064,31,2.367207069844487
MID48,SID48,67,2017-03-08 06:34:50,5.225,31,2.1874854366815524
MID47,SID47,67,2017-03-08 06:34:50,4.064,31,2.3868471650981378
MID45,SID45,67,2017-03-08 06:34:50,4.064,32,2.2228958447452865
MID44,SID44,67,2017-03-08 06:34:50,2.903,31,2.024401685865799
MID42,SID42,67,2017-03-08 06:34:50,5.225,30,2.190724295743525
MID41,SID41,67,2017-03-08 06:34:50,5.225,29,2.1633272212797685
MID40,SID40,67,2017-03-08 06:34:50,5.806,30,2.159118944335309
MID19,SID19,67,2017-03-08 06:35:00,4.667,29,2.3205288860269917
MID18,SID18,67,2017-03-08 06:35:00,4.083,25,2.0109235576575606
MID17,SID17,67,2017-03-08 06:35:00,4.667,34,2.4387479427903913
MID16,SID16,67,2017-03-08 06:35:00,4.083,29,2.4397566405849376
MID15,SID15,67,2017-03-08 06:35:00,2.917,25,2.353712425251661
MID14,SID14,67,2017-03-08 06:35:00,4.667,26,2.3016505463328043
MID13,SID13,67,2017-03-08 06:35:00,5.250,33,2.3294218506839615
MID12,SID12,67,2017-03-08 06:35:00,4.667,26,2.0775568372111493
MID11,SID11,67,2017-03-08 06:35:00,5.833,30,2.065345454336598
MID99,SID99,67,2017-03-08 06:35:00,4.083,33,2.2319147273381192
MID10,SID10,67,2017-03-08 06:35:00,2.917,32,2.3556783029474224
MID98,SID98,67,2017-03-08 06:35:00,5.250,29,2.4895455751114746
MID97,SID97,67,2017-03-08 06:35:00,2.917,29,2.0815648849606334
MID96,SID96,67,2017-03-08 06:35:00,5.250,26,2.1502508396287516
MID95,SID95,67,2017-03-08 06:35:00,5.833,32,2.203654453058931
MID94,SID94,67,2017-03-08 06:35:00,5.833,26,2.0801361386636756
MID92,SID92,67,2017-03-08 06:35:00,4.083,32,2.2844495836950376
MID4,SID4,67,2017-03-08 06:35:00,2.917,30,2.2314588245391027
MID5,SID5,67,2017-03-08 06:35:00,4.667,28,2.051936855764927
MID7,SID7,67,2017-03-08 06:35:00,5.833,29,2.3695159475906062
MID1,SID1,67,2017-03-08 06:35:00,4.083,33,2.3272130594227254
MID2,SID2,67,2017-03-08 06:35:00,5.833,34,2.242603952841405
MID3,SID3,67,2017-03-08 06:35:00,5.250,30,2.0123550126768377
MID29,SID29,67,2017-03-08 06:35:00,5.250,25,2.1092105796132232
MID28,SID28,67,2017-03-08 06:35:00,4.083,33,2.2538332863193324
MID27,SID27,67,2017-03-08 06:35:00,3.500,30,2.461594996639919
MID26,SID26,67,2017-03-08 06:35:00,3.500,33,2.327059995828547
MID8,SID8,67,2017-03-08 06:35:00,4.083,28,2.355746916800956
MID25,SID25,67,2017-03-08 06:35:00,2.917,25,2.0616255276614446
MID24,SID24,67,2017-03-08 06:35:00,2.917,32,2.3417977303620785
MID23,SID23,67,2017-03-08 06:35:00,4.667,26,2.485791242411958
MID22,SID22,67,2017-03-08 06:35:00,4.083,32,2.489067621174577
MID21,SID21,67,2017-03-08 06:35:00,3.500,25,2.2019858399706758
MID20,SID20,67,2017-03-08 06:35:00,4.083,30,2.0921322800471245
MID79,SID79,67,2017-03-08 06:35:00,2.917,32,2.4465542159157305
MID78,SID78,67,2017-03-08 06:35:00,4.667,34,2.208553324478204
MID76,SID76,67,2017-03-08 06:35:00,3.500,25,2.1118531569087335
MID75,SID75,67,2017-03-08 06:35:00,4.083,28,2.1288345535913726
MID74,SID74,67,2017-03-08 06:35:00,4.667,28,2.18348616357378
MID73,SID73,67,2017-03-08 06:35:00,3.500,28,2.2659136868033127
MID72,SID72,67,2017-03-08 06:35:00,5.833,27,2.3577704896381446
MID71,SID71,67,2017-03-08 06:35:00,3.500,33,2.172926240164535
MID90,SID90,67,2017-03-08 06:35:00,4.667,31,2.3414980883246073
MID89,SID89,67,2017-03-08 06:35:00,5.833,26,2.033470502596784
MID88,SID88,67,2017-03-08 06:35:00,4.667,32,2.2418368044714803
MID86,SID86,67,2017-03-08 06:35:00,3.500,33,2.3487378674536443
MID85,SID85,67,2017-03-08 06:35:00,5.833,26,2.105788463347127
MID83,SID83,67,2017-03-08 06:35:00,3.500,27,2.176275120962952
MID82,SID82,67,2017-03-08 06:35:00,5.250,25,2.4251851543252183
MID81,SID81,67,2017-03-08 06:35:00,5.250,25,2.33294814190971
MID80,SID80,67,2017-03-08 06:35:00,5.250,27,2.423089442102304
MID59,SID59,67,2017-03-08 06:35:00,3.500,27,2.461333502002796
MID58,SID58,67,2017-03-08 06:35:00,3.500,33,2.119213449950242
MID57,SID57,67,2017-03-08 06:35:00,5.833,26,2.0021277352902755
MID56,SID56,67,2017-03-08 06:35:00,2.917,33,2.352564194568508
MID55,SID55,67,2017-03-08 06:35:00,4.667,26,2.3582187087828883
MID54,SID54,67,2017-03-08 06:35:00,2.917,34,2.3313478525702713
MID53,SID53,67,2017-03-08 06:35:00,4.083,26,2.033985338619474
MID51,SID51,67,2017-03-08 06:35:00,5.250,26,2.3391725093029554
MID69,SID69,67,2017-03-08 06:35:00,5.833,29,2.258797934142136
MID68,SID68,67,2017-03-08 06:35:00,4.083,33,2.4231147366628787
MID67,SID67,67,2017-03-08 06:35:00,5.250,33,2.051086823300043
MID66,SID66,67,2017-03-08 06:35:00,3.500,32,2.159790421583824
MID65,SID65,67,2017-03-08 06:35:00,5.250,32,2.074092431163924
MID64,SID64,67,2017-03-08 06:35:00,4.667,34,2.200099535702101
MID63,SID63,67,2017-03-08 06:35:00,3.500,31,2.369270932941458
MID62,SID62,67,2017-03-08 06:35:00,5.833,31,2.0355086568468845
MID61,SID61,67,2017-03-08 06:35:00,5.250,31,2.4571383516814893
MID60,SID60,67,2017-03-08 06:35:00,5.250,31,2.1524472455023766
MID39,SID39,67,2017-03-08 06:35:00,4.667,26,2.313712340086966
MID38,SID38,67,2017-03-08 06:35:00,4.083,30,2.452449951654616
MID37,SID37,67,2017-03-08 06:35:00,4.667,25,2.1678786261628074
MID36,SID36,67,2017-03-08 06:35:00,5.250,33,2.3081168263275225
MID35,SID35,67,2017-03-08 06:35:00,5.250,33,2.3976352677239157
MID34,SID34,67,2017-03-08 06:35:00,2.917,26,2.4112065496453994
MID33,SID33,67,2017-03-08 06:35:00,5.833,30,2.421261010893743
MID32,SID32,67,2017-03-08 06:35:00,5.250,30,2.3281509311940605
MID31,SID31,67,2017-03-08 06:35:00,2.917,26,2.1166076948914405
MID30,SID30,67,2017-03-08 06:35:00,4.083,26,2.2884004710780124
MID49,SID49,67,2017-03-08 06:35:00,4.083,33,2.473895238305602
MID48,SID48,67,2017-03-08 06:35:00,5.250,29,2.2534385352230424
MID47,SID47,67,2017-03-08 06:35:00,4.083,27,2.124414651247286
MID45,SID45,67,2017-03-08 06:35:00,4.083,33,2.368289865570449
MID44,SID44,67,2017-03-08 06:35:00,2.917,25,2.493574190822418
MID42,SID42,67,2017-03-08 06:35:00,5.250,33,2.0482402372504036
MID41,SID41,67,2017-03-08 06:35:00,5.250,34,2.3418171696323475
MID40,SID40,67,2017-03-08 06:35:00,5.833,31,2.119281474472653
MID19,SID19,67,2017-03-08 06:35:10,4.689,34,2.229977739488365
MID18,SID18,67,2017-03-08 06:35:10,4.103,31,2.1011779054131825
MID17,SID17,67,2017-03-08 06:35:10,4.689,25,2.3344178049015776
MID16,SID16,67,2017-03-08 06:35:10,4.103,33,2.143990645319869
MID15,SID15,67,2017-03-08 06:35:10,2.931,33,2.2298891973318065
MID14,SID14,67,2017-03-08 06:35:10,4.689,34,2.394733120457388
MID13,SID13,67,2017-03-08 06:35:10,5.275,34,2.059421384819128
MID12,SID12,67,2017-03-08 06:35:10,4.689,28,2.2249831011404186
MID11,SID11,67,2017-03-08 06:35:10,5.861,26,2.3686417057091957
MID99,SID99,67,2017-03-08 06:35:10,4.103,26,2.2478424994029242
MID10,SID10,67,2017-03-08 06:35:10,2.931,26,2.3303985627074275
MID98,SID98,67,2017-03-08 06:35:10,5.275,34,2.1477774261259968
MID97,SID97,67,2017-03-08 06:35:10,2.931,33,2.2119391508888233
MID96,SID96,67,2017-03-08 06:35:10,5.275,26,2.2452566052208627
MID95,SID95,67,2017-03-08 06:35:10,5.861,27,2.2476067613127944
MID94,SID94,67,2017-03-08 06:35:10,5.861,32,2.0887851768391497
MID92,SID92,67,2017-03-08 06:35:10,4.103,30,2.4011711780056433
MID4,SID4,67,2017-03-08 06:35:10,2.931,27,2.2660028848559417
MID5,SID5,67,2017-03-08 06:35:10,4.689,25,2.37880427287355
MID7,SID7,67,2017-03-08 06:35:10,5.861,29,2.1113875698954736
MID1,SID1,67,2017-03-08 06:35:10,4.103,29,2.4951806112518504
MID2,SID2,67,2017-03-08 06:35:10,5.861,28,2.2394356688439676
MID3,SID3,67,2017-03-08 06:35:10,5.275,27,2.010158558231751
MID29,SID29,67,2017-03-08 06:35:10,5.275,34,2.007046021104146
MID28,SID28,67,2017-03-08 06:35:10,4.103,30,2.1767098245668777
MID27,SID27,67,2017-03-08 06:35:10,3.517,31,2.336756776328519
MID26,SID26,67,2017-03-08 06:35:10,3.517,25,2.1311087078698767
MID8,SID8,67,2017-03-08 06:35:10,4.103,26,2.1009409161469317
MID25,SID25,67,2017-03-08 06:35:10,2.931,31,2.2010719911786603
MID24,SID24,67,2017-03-08 06:35:10,2.931,34,2.208576720077356
MID23,SID23,67,2017-03-08 06:35:10,4.689,29,2.4372653931590316
MID22,SID22,67,2017-03-08 06:35:10,4.103,27,2.219593253576594
MID21,SID21,67,2017-03-08 06:35:10,3.517,28,2.299731019226007
MID20,SID20,67,2017-03-08 06:35:10,4.103,27,2.1180252888609514
MID79,SID79,67,2017-03-08 06:35:10,2.931,34,2.3779724412848164
MID78,SID78,67,2017-03-08 06:35:10,4.689,27,2.367933156022515
MID75,SID75,67,2017-03-08 06:35:10,4.103,30,2.1938818573903127
MID74,SID74,67,2017-03-08 06:35:10,4.689,26,2.3174820010998953
MID72,SID72,67,2017-03-08 06:35:10,5.861,25,2.1653387752705147
MID71,SID71,67,2017-03-08 06:35:10,3.517,34,2.4237026760273714
MID90,SID90,67,2017-03-08 06:35:10,4.689,29,2.494357022227697
MID89,SID89,67,2017-03-08 06:35:10,5.861,27,2.232888237710503
MID88,SID88,67,2017-03-08 06:35:10,4.689,32,2.3155782346014524
MID86,SID86,67,2017-03-08 06:35:10,3.517,26,2.2043651301553426
MID85,SID85,67,2017-03-08 06:35:10,5.861,33,2.2473119068109715
MID83,SID83,67,2017-03-08 06:35:10,3.517,26,2.0305895358577923
MID82,SID82,67,2017-03-08 06:35:10,5.275,28,2.2358636512741006
MID81,SID81,67,2017-03-08 06:35:10,5.275,25,2.3126667873772893
MID80,SID80,67,2017-03-08 06:35:10,5.275,29,2.134121775816593
MID59,SID59,67,2017-03-08 06:35:10,3.517,25,2.2226314517418206
MID58,SID58,67,2017-03-08 06:35:10,3.517,34,2.3036187081975803
MID57,SID57,67,2017-03-08 06:35:10,5.861,28,2.3739098796673144
MID56,SID56,67,2017-03-08 06:35:10,2.931,29,2.152250658168856
MID55,SID55,67,2017-03-08 06:35:10,4.689,31,2.30511589708225
MID54,SID54,67,2017-03-08 06:35:10,2.931,26,2.3451556027494846
MID53,SID53,67,2017-03-08 06:35:10,4.103,26,2.1739339820991077
MID51,SID51,67,2017-03-08 06:35:10,5.275,28,2.281498628136436
MID69,SID69,67,2017-03-08 06:35:10,5.861,33,2.2514100036840072
MID68,SID68,67,2017-03-08 06:35:10,4.103,32,2.1148943211995763
MID67,SID67,67,2017-03-08 06:35:10,5.275,29,2.4014576924577598
MID66,SID66,67,2017-03-08 06:35:10,3.517,34,2.032936619972253
MID65,SID65,67,2017-03-08 06:35:10,5.275,32,2.284217725597278
MID64,SID64,67,2017-03-08 06:35:10,4.689,29,2.2800185867520213
MID63,SID63,67,2017-03-08 06:35:10,3.517,33,2.2411763154981412
MID61,SID61,67,2017-03-08 06:35:10,5.275,28,2.2093700147006397
MID60,SID60,67,2017-03-08 06:35:10,5.275,25,2.306288397094101
MID39,SID39,67,2017-03-08 06:35:10,4.689,32,2.327396066855275
MID38,SID38,67,2017-03-08 06:35:10,4.103,27,2.1013744569139123
MID37,SID37,67,2017-03-08 06:35:10,4.689,26,2.011912372995288
MID36,SID36,67,2017-03-08 06:35:10,5.275,29,2.078552400801793
MID35,SID35,67,2017-03-08 06:35:10,5.275,32,2.0375645933274
MID34,SID34,67,2017-03-08 06:35:10,2.931,29,2.410630126171407
MID33,SID33,67,2017-03-08 06:35:10,5.861,33,2.105671046819261
MID32,SID32,67,2017-03-08 06:35:10,5.275,25,2.051534461194214
MID31,SID31,67,2017-03-08 06:35:10,2.931,25,2.140940579282115
MID30,SID30,67,2017-03-08 06:35:10,4.103,27,2.03230898168615
MID49,SID49,67,2017-03-08 06:35:10,4.103,33,2.3780122125465355
MID48,SID48,67,2017-03-08 06:35:10,5.275,32,2.263497516758188
MID47,SID47,67,2017-03-08 06:35:10,4.103,27,2.144072722366279
MID45,SID45,67,2017-03-08 06:35:10,4.103,27,2.0302195371605647
MID44,SID44,67,2017-03-08 06:35:10,2.931,25,2.2736899433561195
MID42,SID42,67,2017-03-08 06:35:10,5.275,31,2.065266476334735
MID41,SID41,67,2017-03-08 06:35:10,5.275,29,2.1659329867995445
MID40,SID40,67,2017-03-08 06:35:10,5.861,25,2.1225337343549757
MID19,SID19,67,2017-03-08 06:35:20,4.711,27,2.26856551274829
MID18,SID18,67,2017-03-08 06:35:20,4.122,29,2.1669020636975818
MID17,SID17,67,2017-03-08 06:35:20,4.711,25,2.35051397722753
MID16,SID16,67,2017-03-08 06:35:20,4.122,28,2.470668435030098
MID15,SID15,67,2017-03-08 06:35:20,2.944,31,2.450383481433316
MID14,SID14,67,2017-03-08 06:35:20,4.711,27,2.23962738100302
MID13,SID13,67,2017-03-08 06:35:20,5.300,25,2.139307095449092
MID12,SID12,67,2017-03-08 06:35:20,4.711,33,2.3981058103646378
MID11,SID11,67,2017-03-08 06:35:20,5.889,34,2.1750533093952753
MID99,SID99,67,2017-03-08 06:35:20,4.122,29,2.1013113380813992
MID10,SID10,67,2017-03-08 06:35:20,2.944,26,2.1959381214630227
MID98,SID98,67,2017-03-08 06:35:20,5.300,30,2.4761941362140147
MID97,SID97,67,2017-03-08 06:35:20,2.944,28,2.4708819161980937
MID96,SID96,67,2017-03-08 06:35:20,5.300,32,2.466644695969338
MID95,SID95,67,2017-03-08 06:35:20,5.889,25,2.4214621325264853
MID94,SID94,67,2017-03-08 06:35:20,5.889,33,2.1236867231638503
MID92,SID92,67,2017-03-08 06:35:20,4.122,30,2.224252947829078
MID4,SID4,67,2017-03-08 06:35:20,2.944,28,2.456415065952247
MID5,SID5,67,2017-03-08 06:35:20,4.711,32,2.2385436013209032
MID7,SID7,67,2017-03-08 06:35:20,5.889,26,2.2912171963751145
MID1,SID1,67,2017-03-08 06:35:20,4.122,34,2.348255980526935
MID2,SID2,67,2017-03-08 06:35:20,5.889,31,2.1785744117167964
MID3,SID3,67,2017-03-08 06:35:20,5.300,25,2.111682320818544
MID29,SID29,67,2017-03-08 06:35:20,5.300,34,2.4394887876541254
MID28,SID28,67,2017-03-08 06:35:20,4.122,34,2.0390941611648645
MID27,SID27,67,2017-03-08 06:35:20,3.533,32,2.218992882073401
MID26,SID26,67,2017-03-08 06:35:20,3.533,25,2.4442798622650037
MID8,SID8,67,2017-03-08 06:35:20,4.122,26,2.47435208781808
MID25,SID25,67,2017-03-08 06:35:20,2.944,34,2.3551233822737974
MID24,SID24,67,2017-03-08 06:35:20,2.944,33,2.1264097396286594
MID23,SID23,67,2017-03-08 06:35:20,4.711,33,2.267724136688577
MID22,SID22,67,2017-03-08 06:35:20,4.122,26,2.2848090919233845
MID21,SID21,67,2017-03-08 06:35:20,3.533,25,2.4459765968607714
MID20,SID20,67,2017-03-08 06:35:20,4.122,29,2.230466143289311
MID79,SID79,67,2017-03-08 06:35:20,2.944,32,2.4513390316657624
MID78,SID78,67,2017-03-08 06:35:20,4.711,34,2.196065831169491
MID75,SID75,67,2017-03-08 06:35:20,4.122,28,2.4737099475074835
MID74,SID74,67,2017-03-08 06:35:20,4.711,33,2.016175631982789
MID72,SID72,67,2017-03-08 06:35:20,5.889,34,2.2441211937361
MID71,SID71,67,2017-03-08 06:35:20,3.533,25,2.481404295391567
MID90,SID90,67,2017-03-08 06:35:20,4.711,34,2.1213657415326717
MID89,SID89,67,2017-03-08 06:35:20,5.889,25,2.087328363926847
MID88,SID88,67,2017-03-08 06:35:20,4.711,32,2.3416184286567296
MID86,SID86,67,2017-03-08 06:35:20,3.533,30,2.297066524874647
MID85,SID85,67,2017-03-08 06:35:20,5.889,30,2.4065856730141766
MID83,SID83,67,2017-03-08 06:35:20,3.533,34,2.357041030781933
MID82,SID82,67,2017-03-08 06:35:20,5.300,26,2.15643430278055
MID81,SID81,67,2017-03-08 06:35:20,5.300,34,2.307162097978034
MID80,SID80,67,2017-03-08 06:35:20,5.300,33,2.3531102411574185
MID59,SID59,67,2017-03-08 06:35:20,3.533,27,2.161749435369488
MID58,SID58,67,2017-03-08 06:35:20,3.533,26,2.4241917070730703
MID57,SID57,67,2017-03-08 06:35:20,5.889,34,2.0450565632076207
MID56,SID56,67,2017-03-08 06:35:20,2.944,31,2.2792053023261385
MID55,SID55,67,2017-03-08 06:35:20,4.711,28,2.308449560054383
MID54,SID54,67,2017-03-08 06:35:20,2.944,32,2.389916551977806
MID53,SID53,67,2017-03-08 06:35:20,4.122,32,2.2768608364346727
MID51,SID51,67,2017-03-08 06:35:20,5.300,25,2.471874744699707
MID69,SID69,67,2017-03-08 06:35:20,5.889,25,2.1204707155662303
MID68,SID68,67,2017-03-08 06:35:20,4.122,32,2.1316677311944843
MID67,SID67,67,2017-03-08 06:35:20,5.300,34,2.4770411093398823
MID66,SID66,67,2017-03-08 06:35:20,3.533,26,2.2667526599300567
MID65,SID65,67,2017-03-08 06:35:20,5.300,32,2.109409566279703
MID64,SID64,67,2017-03-08 06:35:20,4.711,32,2.0886559179916717
MID63,SID63,67,2017-03-08 06:35:20,3.533,31,2.326379452600456
MID61,SID61,67,2017-03-08 06:35:20,5.300,26,2.0923038343742353
MID60,SID60,67,2017-03-08 06:35:20,5.300,33,2.1450182519950936
MID39,SID39,67,2017-03-08 06:35:20,4.711,31,2.2016157689034555
MID38,SID38,67,2017-03-08 06:35:20,4.122,28,2.3759141191627022
MID37,SID37,67,2017-03-08 06:35:20,4.711,31,2.3098604912106144
MID36,SID36,67,2017-03-08 06:35:20,5.300,26,2.4547369397280847
MID35,SID35,67,2017-03-08 06:35:20,5.300,31,2.2578803963102
MID34,SID34,67,2017-03-08 06:35:20,2.944,31,2.2733277717075127
MID33,SID33,67,2017-03-08 06:35:20,5.889,34,2.4148979158170163
MID32,SID32,67,2017-03-08 06:35:20,5.300,30,2.3981762833250904
MID31,SID31,67,2017-03-08 06:35:20,2.944,32,2.432054098810404
MID30,SID30,67,2017-03-08 06:35:20,4.122,26,2.370697240562526
MID49,SID49,67,2017-03-08 06:35:20,4.122,27,2.202540214189677
MID48,SID48,67,2017-03-08 06:35:20,5.300,28,2.3750302558896093
MID47,SID47,67,2017-03-08 06:35:20,4.122,25,2.0472617274590346
MID45,SID45,67,2017-03-08 06:35:20,4.122,34,2.476698311213471
MID44,SID44,67,2017-03-08 06:35:20,2.944,30,2.0068607465450534
MID42,SID42,67,2017-03-08 06:35:20,5.300,26,2.1773872851511515
MID41,SID41,67,2017-03-08 06:35:20,5.300,32,2.3819424565178933
MID40,SID40,67,2017-03-08 06:35:20,5.889,26,2.2000451798315988
MID19,SID19,67,2017-03-08 06:35:30,4.733,31,2.441061201731366
MID18,SID18,67,2017-03-08 06:35:30,4.142,32,2.470249044207564
MID17,SID17,67,2017-03-08 06:35:30,4.733,32,2.4337198353634326
MID16,SID16,67,2017-03-08 06:35:30,4.142,29,2.4475048647256807
MID15,SID15,67,2017-03-08 06:35:30,2.958,32,2.3064869003371147
MID14,SID14,67,2017-03-08 06:35:30,4.733,29,2.133402631875588
MID13,SID13,67,2017-03-08 06:35:30,5.325,34,2.3531350915619886
MID12,SID12,67,2017-03-08 06:35:30,4.733,30,2.1991107788392497
MID11,SID11,67,2017-03-08 06:35:30,5.917,32,2.0067204513952426
MID99,SID99,67,2017-03-08 06:35:30,4.142,30,2.3393309248400302
MID10,SID10,67,2017-03-08 06:35:30,2.958,32,2.1756714807707036
MID98,SID98,67,2017-03-08 06:35:30,5.325,29,2.4810246541501932
MID97,SID97,67,2017-03-08 06:35:30,2.958,31,2.300918044766897
MID96,SID96,67,2017-03-08 06:35:30,5.325,26,2.390173655747285
MID95,SID95,67,2017-03-08 06:35:30,5.917,26,2.1981911009894217
MID94,SID94,67,2017-03-08 06:35:30,5.917,26,2.0593816546136012
MID92,SID92,67,2017-03-08 06:35:30,4.142,25,2.0386572958169356
MID4,SID4,67,2017-03-08 06:35:30,2.958,32,2.2526808791057227
MID5,SID5,67,2017-03-08 06:35:30,4.733,33,2.0290892168171983
MID7,SID7,67,2017-03-08 06:35:30,5.917,25,2.149479431377957
MID1,SID1,67,2017-03-08 06:35:30,4.142,32,2.088862235218431
MID2,SID2,67,2017-03-08 06:35:30,5.917,31,2.4330467830592646
MID3,SID3,67,2017-03-08 06:35:30,5.325,34,2.2919163735127905
MID29,SID29,67,2017-03-08 06:35:30,5.325,31,2.0034155407935534
MID28,SID28,67,2017-03-08 06:35:30,4.142,25,2.265183508183755
MID27,SID27,67,2017-03-08 06:35:30,3.550,33,2.2295179835683663
MID26,SID26,67,2017-03-08 06:35:30,3.550,31,2.100011633084838
MID8,SID8,67,2017-03-08 06:35:30,4.142,25,2.0743150131917654
MID25,SID25,67,2017-03-08 06:35:30,2.958,30,2.4331395124905106
MID24,SID24,67,2017-03-08 06:35:30,2.958,26,2.149070059067497
MID23,SID23,67,2017-03-08 06:35:30,4.733,27,2.1473040741311076
MID22,SID22,67,2017-03-08 06:35:30,4.142,30,2.29514047732112
MID21,SID21,67,2017-03-08 06:35:30,3.550,34,2.4394565880963617
MID20,SID20,67,2017-03-08 06:35:30,4.142,29,2.3447670924523654
MID79,SID79,67,2017-03-08 06:35:30,2.958,26,2.030987598345364
MID78,SID78,67,2017-03-08 06:35:30,4.733,31,2.0850434518089225
MID75,SID75,67,2017-03-08 06:35:30,4.142,30,2.2334035314370473
MID74,SID74,67,2017-03-08 06:35:30,4.733,28,2.4815756942165312
MID72,SID72,67,2017-03-08 06:35:30,5.917,31,2.440860991937614
MID71,SID71,67,2017-03-08 06:35:30,3.550,27,2.493311632159891
MID90,SID90,67,2017-03-08 06:35:30,4.733,28,2.3289916005119253
MID89,SID89,67,2017-03-08 06:35:30,5.917,31,2.2262507619990712
MID88,SID88,67,2017-03-08 06:35:30,4.733,34,2.478671928279467
MID86,SID86,67,2017-03-08 06:35:30,3.550,33,2.0608070109528764
MID85,SID85,67,2017-03-08 06:35:30,5.917,29,2.45623971834268
MID83,SID83,67,2017-03-08 06:35:30,3.550,29,2.2787672016891105
MID82,SID82,67,2017-03-08 06:35:30,5.325,28,2.2991051719864184
MID81,SID81,67,2017-03-08 06:35:30,5.325,27,2.331131278399296
MID80,SID80,67,2017-03-08 06:35:30,5.325,29,2.0428643455872146
MID59,SID59,67,2017-03-08 06:35:30,3.550,33,2.313814117149059
MID58,SID58,67,2017-03-08 06:35:30,3.550,30,2.453421346247722
MID57,SID57,67,2017-03-08 06:35:30,5.917,26,2.297879272050279
MID56,SID56,67,2017-03-08 06:35:30,2.958,25,2.4213090402797546
MID55,SID55,67,2017-03-08 06:35:30,4.733,27,2.1381590138236843
MID54,SID54,67,2017-03-08 06:35:30,2.958,32,2.0559946181977726
MID53,SID53,67,2017-03-08 06:35:30,4.142,30,2.395651768226082
MID51,SID51,67,2017-03-08 06:35:30,5.325,26,2.3750471368694956
MID69,SID69,67,2017-03-08 06:35:30,5.917,33,2.407645743024563
MID68,SID68,67,2017-03-08 06:35:30,4.142,33,2.462968817522106
MID67,SID67,67,2017-03-08 06:35:30,5.325,25,2.0141927266979827
MID66,SID66,67,2017-03-08 06:35:30,3.550,32,2.3766430710232735
MID65,SID65,67,2017-03-08 06:35:30,5.325,28,2.034569728216127
MID64,SID64,67,2017-03-08 06:35:30,4.733,27,2.0089135086644583
MID63,SID63,67,2017-03-08 06:35:30,3.550,33,2.261651094358245
MID61,SID61,67,2017-03-08 06:35:30,5.325,30,2.0893538896881405
MID60,SID60,67,2017-03-08 06:35:30,5.325,28,2.2638206870086672
MID39,SID39,67,2017-03-08 06:35:30,4.733,26,2.261522981142363
MID38,SID38,67,2017-03-08 06:35:30,4.142,34,2.0372532803377927
MID37,SID37,67,2017-03-08 06:35:30,4.733,26,2.2424896625089983
MID36,SID36,67,2017-03-08 06:35:30,5.325,25,2.1936945973130024
MID35,SID35,67,2017-03-08 06:35:30,5.325,27,2.0785444363680616
MID34,SID34,67,2017-03-08 06:35:30,2.958,26,2.4402779918258704
MID33,SID33,67,2017-03-08 06:35:30,5.917,29,2.3180086412924394
MID32,SID32,67,2017-03-08 06:35:30,5.325,26,2.2302828661537974
MID31,SID31,67,2017-03-08 06:35:30,2.958,27,2.3229456290262975
MID30,SID30,67,2017-03-08 06:35:30,4.142,31,2.2054458813732993
MID49,SID49,67,2017-03-08 06:35:30,4.142,26,2.056701767736675
MID48,SID48,67,2017-03-08 06:35:30,5.325,30,2.1899528793420626
MID47,SID47,67,2017-03-08 06:35:30,4.142,33,2.457360111149757
MID45,SID45,67,2017-03-08 06:35:30,4.142,29,2.1806554986158266
MID44,SID44,67,2017-03-08 06:35:30,2.958,31,2.251747170356456
MID42,SID42,67,2017-03-08 06:35:30,5.325,34,2.306330579165374
MID41,SID41,67,2017-03-08 06:35:30,5.325,33,2.3005784436230408
MID40,SID40,67,2017-03-08 06:35:30,5.917,34,2.3683962026199286
MID19,SID19,67,2017-03-08 06:35:40,4.756,33,2.102100387625683
MID18,SID18,67,2017-03-08 06:35:40,4.161,33,2.3386881156782837
MID17,SID17,67,2017-03-08 06:35:40,4.756,29,2.377334290935898
MID16,SID16,67,2017-03-08 06:35:40,4.161,28,2.1107924238861937
MID15,SID15,67,2017-03-08 06:35:40,2.972,26,2.4157631493655143
MID14,SID14,67,2017-03-08 06:35:40,4.756,31,2.4733005116276217
MID13,SID13,67,2017-03-08 06:35:40,5.350,28,2.1213633124403954
MID12,SID12,67,2017-03-08 06:35:40,4.756,26,2.0839159496175217
MID11,SID11,67,2017-03-08 06:35:40,5.944,28,2.4950951319893813
MID99,SID99,67,2017-03-08 06:35:40,4.161,33,2.2261271579153377
MID10,SID10,67,2017-03-08 06:35:40,2.972,31,2.4473449297996797
MID98,SID98,67,2017-03-08 06:35:40,5.350,27,2.143358075889961
MID97,SID97,67,2017-03-08 06:35:40,2.972,25,2.4950307531660485
MID96,SID96,67,2017-03-08 06:35:40,5.350,26,2.2733345638852858
MID95,SID95,67,2017-03-08 06:35:40,5.944,26,2.232574002131359
MID94,SID94,67,2017-03-08 06:35:40,5.944,30,2.3299880917808387
MID92,SID92,67,2017-03-08 06:35:40,4.161,31,2.452004704574206
MID4,SID4,67,2017-03-08 06:35:40,2.972,27,2.265053973298617
MID5,SID5,67,2017-03-08 06:35:40,4.756,32,2.266015650909064
MID7,SID7,67,2017-03-08 06:35:40,5.944,28,2.032205148515372
MID1,SID1,67,2017-03-08 06:35:40,4.161,26,2.1160046313726246
MID2,SID2,67,2017-03-08 06:35:40,5.944,32,2.0711623374788424
MID3,SID3,67,2017-03-08 06:35:40,5.350,29,2.030414437417779
MID29,SID29,67,2017-03-08 06:35:40,5.350,33,2.376654365487082
MID28,SID28,67,2017-03-08 06:35:40,4.161,27,2.1205600802520697
MID27,SID27,67,2017-03-08 06:35:40,3.567,32,2.3815858934399774
MID26,SID26,67,2017-03-08 06:35:40,3.567,29,2.174009016364943
MID8,SID8,67,2017-03-08 06:35:40,4.161,31,2.0383978192251027
MID25,SID25,67,2017-03-08 06:35:40,2.972,27,2.0871210795389326
MID24,SID24,67,2017-03-08 06:35:40,2.972,32,2.4597162844420724
MID23,SID23,67,2017-03-08 06:35:40,4.756,26,2.0793637036454458
MID22,SID22,67,2017-03-08 06:35:40,4.161,28,2.4354031416004327
MID21,SID21,67,2017-03-08 06:35:40,3.567,27,2.103060384108154
MID20,SID20,67,2017-03-08 06:35:40,4.161,28,2.103001321474907
MID79,SID79,67,2017-03-08 06:35:40,2.972,26,2.0326559364543217
MID78,SID78,67,2017-03-08 06:35:40,4.756,30,2.1765468920058595
MID75,SID75,67,2017-03-08 06:35:40,4.161,33,2.021172730167776
MID74,SID74,67,2017-03-08 06:35:40,4.756,28,2.082584930597805
MID72,SID72,67,2017-03-08 06:35:40,5.944,25,2.36904952717847
MID71,SID71,67,2017-03-08 06:35:40,3.567,29,2.284207136650834
MID90,SID90,67,2017-03-08 06:35:40,4.756,31,2.3967050951599953
MID89,SID89,67,2017-03-08 06:35:40,5.944,30,2.003236182875803
MID88,SID88,67,2017-03-08 06:35:40,4.756,32,2.0452769927306464
MID86,SID86,67,2017-03-08 06:35:40,3.567,26,2.2092969003188174
MID85,SID85,67,2017-03-08 06:35:40,5.944,34,2.0069258073405054
MID83,SID83,67,2017-03-08 06:35:40,3.567,33,2.438156051623807
MID82,SID82,67,2017-03-08 06:35:40,5.350,27,2.040354364061612
MID81,SID81,67,2017-03-08 06:35:40,5.350,27,2.264736113428457
MID80,SID80,67,2017-03-08 06:35:40,5.350,30,2.282903292609552
MID59,SID59,67,2017-03-08 06:35:40,3.567,30,2.08420231504755
MID58,SID58,67,2017-03-08 06:35:40,3.567,30,2.0087348395063196
MID57,SID57,67,2017-03-08 06:35:40,5.944,31,2.157107437057928
MID56,SID56,67,2017-03-08 06:35:40,2.972,33,2.384652466972152
MID55,SID55,67,2017-03-08 06:35:40,4.756,34,2.2564695445200083
MID54,SID54,67,2017-03-08 06:35:40,2.972,30,2.4593490874804576
MID53,SID53,67,2017-03-08 06:35:40,4.161,33,2.091447487304226
MID51,SID51,67,2017-03-08 06:35:40,5.350,29,2.4924014603755746
MID69,SID69,67,2017-03-08 06:35:40,5.944,30,2.027120974592587
MID68,SID68,67,2017-03-08 06:35:40,4.161,29,2.0079308992264746
MID67,SID67,67,2017-03-08 06:35:40,5.350,25,2.232548806537649
MID66,SID66,67,2017-03-08 06:35:40,3.567,31,2.2982904878857062
MID65,SID65,67,2017-03-08 06:35:40,5.350,25,2.450386910970788
MID64,SID64,67,2017-03-08 06:35:40,4.756,25,2.359577415865919
MID63,SID63,67,2017-03-08 06:35:40,3.567,29,2.001373418608611
MID61,SID61,67,2017-03-08 06:35:40,5.350,28,2.497034942831192
MID60,SID60,67,2017-03-08 06:35:40,5.350,29,2.258944290933894
MID39,SID39,67,2017-03-08 06:35:40,4.756,30,2.0136194167399464
MID38,SID38,67,2017-03-08 06:35:40,4.161,30,2.2344452809047812
MID37,SID37,67,2017-03-08 06:35:40,4.756,31,2.3960938591300938
MID36,SID36,67,2017-03-08 06:35:40,5.350,27,2.1427267427716172
MID35,SID35,67,2017-03-08 06:35:40,5.350,34,2.036250853438858
MID34,SID34,67,2017-03-08 06:35:40,2.972,34,2.219573461878488
MID33,SID33,67,2017-03-08 06:35:40,5.944,30,2.0739794020328937
MID32,SID32,67,2017-03-08 06:35:40,5.350,31,2.440157954862206
MID31,SID31,67,2017-03-08 06:35:40,2.972,26,2.187449167533849
MID30,SID30,67,2017-03-08 06:35:40,4.161,32,2.237039492857412
MID49,SID49,67,2017-03-08 06:35:40,4.161,26,2.4885122461796882
MID48,SID48,67,2017-03-08 06:35:40,5.350,30,2.12836465236336
MID47,SID47,67,2017-03-08 06:35:40,4.161,30,2.1609508777748507
MID45,SID45,67,2017-03-08 06:35:40,4.161,33,2.109000840510246
MID44,SID44,67,2017-03-08 06:35:40,2.972,34,2.0491245161372516
MID42,SID42,67,2017-03-08 06:35:40,5.350,32,2.407765603789063
MID41,SID41,67,2017-03-08 06:35:40,5.350,34,2.1080973320759155
MID40,SID40,67,2017-03-08 06:35:40,5.944,26,2.2981309492738853
MID19,SID19,67,2017-03-08 06:35:50,4.778,30,2.2935776382495905
MID18,SID18,67,2017-03-08 06:35:50,4.181,29,2.4534945607880148
MID17,SID17,67,2017-03-08 06:35:50,4.778,26,2.0288119996098635
MID16,SID16,67,2017-03-08 06:35:50,4.181,28,2.300574277907359
MID15,SID15,67,2017-03-08 06:35:50,2.986,30,2.0669376704798976
MID14,SID14,67,2017-03-08 06:35:50,4.778,33,2.055503579431068
MID13,SID13,67,2017-03-08 06:35:50,5.375,29,2.197791558404865
MID12,SID12,67,2017-03-08 06:35:50,4.778,31,2.2307143621292074
MID11,SID11,67,2017-03-08 06:35:50,5.972,30,2.432904227254401
MID99,SID99,67,2017-03-08 06:35:50,4.181,30,2.489113035470555
MID10,SID10,67,2017-03-08 06:35:50,2.986,30,2.0640199310237524
MID98,SID98,67,2017-03-08 06:35:50,5.375,31,2.3115243262888856
MID97,SID97,67,2017-03-08 06:35:50,2.986,30,2.491143156439836
MID96,SID96,67,2017-03-08 06:35:50,5.375,28,2.178666737349749
MID95,SID95,67,2017-03-08 06:35:50,5.972,29,2.415192260522481
MID94,SID94,67,2017-03-08 06:35:50,5.972,31,2.2823715770227295
MID92,SID92,67,2017-03-08 06:35:50,4.181,31,2.381963268724004
MID4,SID4,67,2017-03-08 06:35:50,2.986,30,2.1965020990610595
MID5,SID5,67,2017-03-08 06:35:50,4.778,28,2.049798246080694
MID7,SID7,67,2017-03-08 06:35:50,5.972,30,2.2028536847837015
MID1,SID1,67,2017-03-08 06:35:50,4.181,32,2.2399557868685713
MID2,SID2,67,2017-03-08 06:35:50,5.972,27,2.3951409928117977
MID3,SID3,67,2017-03-08 06:35:50,5.375,32,2.285113566048792
MID29,SID29,67,2017-03-08 06:35:50,5.375,25,2.1885775044549933
MID28,SID28,67,2017-03-08 06:35:50,4.181,34,2.3213431241291054
MID27,SID27,67,2017-03-08 06:35:50,3.583,30,2.0085056926765876
MID26,SID26,67,2017-03-08 06:35:50,3.583,30,2.3260135680840843
MID8,SID8,67,2017-03-08 06:35:50,4.181,32,2.1243490757356267
MID25,SID25,67,2017-03-08 06:35:50,2.986,26,2.3353726307520706
MID24,SID24,67,2017-03-08 06:35:50,2.986,33,2.1132150867697965
MID23,SID23,67,2017-03-08 06:35:50,4.778,33,2.088701991820319
MID22,SID22,67,2017-03-08 06:35:50,4.181,30,2.2898998337892107
MID21,SID21,67,2017-03-08 06:35:50,3.583,34,2.222143266379796
MID20,SID20,67,2017-03-08 06:35:50,4.181,26,2.493272014994445
MID79,SID79,67,2017-03-08 06:35:50,2.986,25,2.1026244649587835
MID78,SID78,67,2017-03-08 06:35:50,4.778,33,2.4939622712073097
MID75,SID75,67,2017-03-08 06:35:50,4.181,25,2.3753652292571172
MID74,SID74,67,2017-03-08 06:35:50,4.778,30,2.129968534755694
MID72,SID72,67,2017-03-08 06:35:50,5.972,33,2.3046349806268966
MID71,SID71,67,2017-03-08 06:35:50,3.583,28,2.0047363512553833
MID90,SID90,67,2017-03-08 06:35:50,4.778,32,2.163685584938087
MID89,SID89,67,2017-03-08 06:35:50,5.972,30,2.2881398471672076
MID88,SID88,67,2017-03-08 06:35:50,4.778,29,2.3182129188610525
MID86,SID86,67,2017-03-08 06:35:50,3.583,31,2.31745261739419
MID85,SID85,67,2017-03-08 06:35:50,5.972,31,2.160052890730253
MID83,SID83,67,2017-03-08 06:35:50,3.583,34,2.1645536593326637
MID82,SID82,67,2017-03-08 06:35:50,5.375,33,2.336132471683493
MID81,SID81,67,2017-03-08 06:35:50,5.375,25,2.3061520020773454
MID80,SID80,67,2017-03-08 06:35:50,5.375,32,2.447267575327814
MID59,SID59,67,2017-03-08 06:35:50,3.583,31,2.4909532946894153
MID58,SID58,67,2017-03-08 06:35:50,3.583,25,2.248375025042425
MID57,SID57,67,2017-03-08 06:35:50,5.972,26,2.163205003585385
MID56,SID56,67,2017-03-08 06:35:50,2.986,30,2.0332453829142785
MID55,SID55,67,2017-03-08 06:35:50,4.778,30,2.1679627285463683
MID54,SID54,67,2017-03-08 06:35:50,2.986,34,2.1313349589832367
MID53,SID53,67,2017-03-08 06:35:50,4.181,31,2.3211277228744263
MID51,SID51,67,2017-03-08 06:35:50,5.375,33,2.3109697652451135
MID69,SID69,67,2017-03-08 06:35:50,5.972,33,2.4409167211134144
MID68,SID68,67,2017-03-08 06:35:50,4.181,31,2.030400620653984
MID67,SID67,67,2017-03-08 06:35:50,5.375,29,2.4781349256038996
MID66,SID66,67,2017-03-08 06:35:50,3.583,31,2.233373115334447
MID65,SID65,67,2017-03-08 06:35:50,5.375,30,2.4275528565927025
MID64,SID64,67,2017-03-08 06:35:50,4.778,32,2.3747974309382034
MID63,SID63,67,2017-03-08 06:35:50,3.583,25,2.2198630318674595
MID61,SID61,67,2017-03-08 06:35:50,5.375,25,2.325621282163168
MID60,SID60,67,2017-03-08 06:35:50,5.375,32,2.107523454932749
MID39,SID39,67,2017-03-08 06:35:50,4.778,31,2.2815170052840585
MID38,SID38,67,2017-03-08 06:35:50,4.181,29,2.1449529921134776
MID37,SID37,67,2017-03-08 06:35:50,4.778,28,2.258469114963065
MID36,SID36,67,2017-03-08 06:35:50,5.375,26,2.0019718522660845
MID35,SID35,67,2017-03-08 06:35:50,5.375,26,2.219132039262262
MID34,SID34,67,2017-03-08 06:35:50,2.986,34,2.4939722353454314
MID33,SID33,67,2017-03-08 06:35:50,5.972,34,2.3680240105016583
MID32,SID32,67,2017-03-08 06:35:50,5.375,29,2.2666772406592166
MID31,SID31,67,2017-03-08 06:35:50,2.986,29,2.0679530419870202
MID30,SID30,67,2017-03-08 06:35:50,4.181,33,2.289505677570079
MID49,SID49,67,2017-03-08 06:35:50,4.181,29,2.124107738981206
MID48,SID48,67,2017-03-08 06:35:50,5.375,32,2.0755702872736475
MID47,SID47,67,2017-03-08 06:35:50,4.181,25,2.0773513155395307
MID45,SID45,67,2017-03-08 06:35:50,4.181,27,2.0481591042773046
MID44,SID44,67,2017-03-08 06:35:50,2.986,25,2.239523826877183
MID42,SID42,67,2017-03-08 06:35:50,5.375,27,2.266482891266421
MID41,SID41,67,2017-03-08 06:35:50,5.375,34,2.1659805816054942
MID40,SID40,67,2017-03-08 06:35:50,5.972,25,2.4516611405497963
MID19,SID19,67,2017-03-08 06:36:00,4.800,25,2.3919427337147448
MID18,SID18,67,2017-03-08 06:36:00,4.200,34,2.004316286199496
MID17,SID17,67,2017-03-08 06:36:00,4.800,25,2.205814775058808
MID16,SID16,67,2017-03-08 06:36:00,4.200,31,2.372905489846863
MID15,SID15,67,2017-03-08 06:36:00,3.000,31,2.0217605135813934
MID14,SID14,67,2017-03-08 06:36:00,4.800,31,2.4701091978094962
MID13,SID13,67,2017-03-08 06:36:00,5.400,25,2.2221505157681403
MID12,SID12,67,2017-03-08 06:36:00,4.800,32,2.3387721540190625
MID11,SID11,67,2017-03-08 06:36:00,6.000,26,2.1726047650557536
MID99,SID99,67,2017-03-08 06:36:00,4.200,34,2.0517010752084786
MID10,SID10,67,2017-03-08 06:36:00,3.000,29,2.3969759020128345
MID98,SID98,67,2017-03-08 06:36:00,5.400,29,2.462955240857572
MID97,SID97,67,2017-03-08 06:36:00,3.000,32,2.394836826646072
MID96,SID96,67,2017-03-08 06:36:00,5.400,30,2.417844867081945
MID95,SID95,67,2017-03-08 06:36:00,6.000,34,2.416347756953555
MID94,SID94,67,2017-03-08 06:36:00,6.000,31,2.3240594828025056
MID92,SID92,67,2017-03-08 06:36:00,4.200,31,2.499761476574623
MID4,SID4,67,2017-03-08 06:36:00,3.000,26,2.0075075038589114
MID5,SID5,67,2017-03-08 06:36:00,4.800,30,2.187664347032905
MID7,SID7,67,2017-03-08 06:36:00,6.000,29,2.171967415914233
MID1,SID1,67,2017-03-08 06:36:00,4.200,34,2.2792538533217543
MID2,SID2,67,2017-03-08 06:36:00,6.000,30,2.2815877396829713
MID3,SID3,67,2017-03-08 06:36:00,5.400,32,2.3746748116208662
MID29,SID29,67,2017-03-08 06:36:00,5.400,32,2.166770951895366
MID28,SID28,67,2017-03-08 06:36:00,4.200,28,2.011160627788666
MID27,SID27,67,2017-03-08 06:36:00,3.600,31,2.448381546913255
MID26,SID26,67,2017-03-08 06:36:00,3.600,25,2.100871989605133
MID8,SID8,67,2017-03-08 06:36:00,4.200,28,2.455926930395165
MID25,SID25,67,2017-03-08 06:36:00,3.000,28,2.1323882175378914
MID24,SID24,67,2017-03-08 06:36:00,3.000,34,2.2386292142924464
MID23,SID23,67,2017-03-08 06:36:00,4.800,29,2.2061936503920467
MID22,SID22,67,2017-03-08 06:36:00,4.200,28,2.343891286597281
MID21,SID21,67,2017-03-08 06:36:00,3.600,30,2.066299854573028
MID20,SID20,67,2017-03-08 06:36:00,4.200,32,2.369399167520728
MID79,SID79,67,2017-03-08 06:36:00,3.000,30,2.346469270081353
MID78,SID78,67,2017-03-08 06:36:00,4.800,31,2.1664713579963957
MID75,SID75,67,2017-03-08 06:36:00,4.200,25,2.343948741310356
MID74,SID74,67,2017-03-08 06:36:00,4.800,26,2.146424169099793
MID72,SID72,67,2017-03-08 06:36:00,6.000,26,2.4599963585275844
MID71,SID71,67,2017-03-08 06:36:00,3.600,33,2.33714122456405
MID90,SID90,67,2017-03-08 06:36:00,4.800,27,2.139938745111604
MID89,SID89,67,2017-03-08 06:36:00,6.000,31,2.2082510018607326
MID88,SID88,67,2017-03-08 06:36:00,4.800,27,2.2906578972226526
MID86,SID86,67,2017-03-08 06:36:00,3.600,28,2.084116192817854
MID85,SID85,67,2017-03-08 06:36:00,6.000,33,2.215996428523318
MID83,SID83,67,2017-03-08 06:36:00,3.600,33,2.3634056865312645
MID82,SID82,67,2017-03-08 06:36:00,5.400,33,2.227058998569167
MID81,SID81,67,2017-03-08 06:36:00,5.400,34,2.37961182738542
MID80,SID80,67,2017-03-08 06:36:00,5.400,26,2.2307432924012462
MID59,SID59,67,2017-03-08 06:36:00,3.600,29,2.4830299462301455
MID58,SID58,67,2017-03-08 06:36:00,3.600,33,2.151038185751262
MID57,SID57,67,2017-03-08 06:36:00,6.000,25,2.1463162890864766
MID56,SID56,67,2017-03-08 06:36:00,3.000,32,2.0580247581459874
MID55,SID55,67,2017-03-08 06:36:00,4.800,29,2.4062681309030367
MID54,SID54,67,2017-03-08 06:36:00,3.000,27,2.142428818104082
MID53,SID53,67,2017-03-08 06:36:00,4.200,28,2.480072404384215
MID51,SID51,67,2017-03-08 06:36:00,5.400,30,2.3094008889188884
MID69,SID69,67,2017-03-08 06:36:00,6.000,31,2.038240856284585
MID68,SID68,67,2017-03-08 06:36:00,4.200,29,2.0911920533464414
MID67,SID67,67,2017-03-08 06:36:00,5.400,29,2.3348078493816007
MID66,SID66,67,2017-03-08 06:36:00,3.600,27,2.316294564563398
MID65,SID65,67,2017-03-08 06:36:00,5.400,31,2.262249240891468
MID64,SID64,67,2017-03-08 06:36:00,4.800,34,2.4472804325340607
MID63,SID63,67,2017-03-08 06:36:00,3.600,32,2.1864199815322354
MID61,SID61,67,2017-03-08 06:36:00,5.400,34,2.104342621384331
MID60,SID60,67,2017-03-08 06:36:00,5.400,30,2.4534499889162538
MID39,SID39,67,2017-03-08 06:36:00,4.800,32,2.0029683305308117
MID38,SID38,67,2017-03-08 06:36:00,4.200,31,2.228380011860164
MID37,SID37,67,2017-03-08 06:36:00,4.800,30,2.254740403591208
MID36,SID36,67,2017-03-08 06:36:00,5.400,27,2.459632132763879
MID35,SID35,67,2017-03-08 06:36:00,5.400,32,2.3770515364697102
MID34,SID34,67,2017-03-08 06:36:00,3.000,28,2.2570103566540967
MID33,SID33,67,2017-03-08 06:36:00,6.000,33,2.032223696390763
MID32,SID32,67,2017-03-08 06:36:00,5.400,34,2.301673070008543
MID31,SID31,67,2017-03-08 06:36:00,3.000,25,2.439968966226202
MID30,SID30,67,2017-03-08 06:36:00,4.200,29,2.3412845300653817
MID49,SID49,67,2017-03-08 06:36:00,4.200,30,2.081073192448619
MID48,SID48,67,2017-03-08 06:36:00,5.400,25,2.22641706809866
MID47,SID47,67,2017-03-08 06:36:00,4.200,28,2.425439292947516
MID45,SID45,67,2017-03-08 06:36:00,4.200,29,2.439082208393965
MID44,SID44,67,2017-03-08 06:36:00,3.000,31,2.002746028921717
MID42,SID42,67,2017-03-08 06:36:00,5.400,32,2.0738292126369875
MID41,SID41,67,2017-03-08 06:36:00,5.400,34,2.08509876162194
MID40,SID40,67,2017-03-08 06:36:00,6.000,29,2.0506170204983207
MID19,SID19,67,2017-03-08 06:36:10,4.822,31,2.0155691791187125
MID18,SID18,67,2017-03-08 06:36:10,4.219,28,2.0927603673495563
MID17,SID17,67,2017-03-08 06:36:10,4.822,27,2.4460216289782886
MID16,SID16,67,2017-03-08 06:36:10,4.219,32,2.4187343152263914
MID15,SID15,67,2017-03-08 06:36:10,3.014,27,2.425073111996739
MID14,SID14,67,2017-03-08 06:36:10,4.822,31,2.288832770390829
MID13,SID13,67,2017-03-08 06:36:10,5.425,34,2.2741735455988823
MID12,SID12,67,2017-03-08 06:36:10,4.822,34,2.092857435432991
MID11,SID11,67,2017-03-08 06:36:10,6.028,26,2.338354948836778
MID99,SID99,67,2017-03-08 06:36:10,4.219,30,2.1067134909412712
MID10,SID10,67,2017-03-08 06:36:10,3.014,33,2.1548523806031987
MID98,SID98,67,2017-03-08 06:36:10,5.425,25,2.1795007214478614
MID97,SID97,67,2017-03-08 06:36:10,3.014,33,2.48520315261142
MID96,SID96,67,2017-03-08 06:36:10,5.425,30,2.002001698269382
MID95,SID95,67,2017-03-08 06:36:10,6.028,34,2.2372299666718067
MID94,SID94,67,2017-03-08 06:36:10,6.028,25,2.413091755789741
MID92,SID92,67,2017-03-08 06:36:10,4.219,28,2.4259406196589737
MID4,SID4,67,2017-03-08 06:36:10,3.014,28,2.333995759930793
MID7,SID7,67,2017-03-08 06:36:10,6.028,29,2.213778310058355
MID1,SID1,67,2017-03-08 06:36:10,4.219,34,2.1860302363770754
MID2,SID2,67,2017-03-08 06:36:10,6.028,31,2.4749242368528344
MID3,SID3,67,2017-03-08 06:36:10,5.425,29,2.388963570055992
MID29,SID29,67,2017-03-08 06:36:10,5.425,31,2.450972837842084
MID28,SID28,67,2017-03-08 06:36:10,4.219,25,2.208524693698461
MID27,SID27,67,2017-03-08 06:36:10,3.617,29,2.185943633947863
MID26,SID26,67,2017-03-08 06:36:10,3.617,25,2.163598701621606
MID8,SID8,67,2017-03-08 06:36:10,4.219,30,2.1710880002583552
MID25,SID25,67,2017-03-08 06:36:10,3.014,33,2.314044899576871
MID24,SID24,67,2017-03-08 06:36:10,3.014,31,2.183414463561909
MID22,SID22,67,2017-03-08 06:36:10,4.219,25,2.194303443542947
MID21,SID21,67,2017-03-08 06:36:10,3.617,28,2.142601437094754
MID20,SID20,67,2017-03-08 06:36:10,4.219,26,2.269976986775672
MID79,SID79,67,2017-03-08 06:36:10,3.014,27,2.4464998489557277
MID78,SID78,67,2017-03-08 06:36:10,4.822,31,2.1473297787144445
MID75,SID75,67,2017-03-08 06:36:10,4.219,34,2.059498246918972
MID72,SID72,67,2017-03-08 06:36:10,6.028,33,2.3849667311069767
MID71,SID71,67,2017-03-08 06:36:10,3.617,31,2.240348982313722
MID90,SID90,67,2017-03-08 06:36:10,4.822,30,2.2583799888760483
MID89,SID89,67,2017-03-08 06:36:10,6.028,29,2.4602872060737924
MID88,SID88,67,2017-03-08 06:36:10,4.822,30,2.444981265620579
MID86,SID86,67,2017-03-08 06:36:10,3.617,26,2.3620272468944727
MID85,SID85,67,2017-03-08 06:36:10,6.028,30,2.4917701223597057
MID83,SID83,67,2017-03-08 06:36:10,3.617,34,2.1111211235104643
MID82,SID82,67,2017-03-08 06:36:10,5.425,25,2.031627424335644
MID81,SID81,67,2017-03-08 06:36:10,5.425,30,2.226384692075362
MID80,SID80,67,2017-03-08 06:36:10,5.425,29,2.2463301793376265
MID59,SID59,67,2017-03-08 06:36:10,3.617,27,2.4503714892432464
MID58,SID58,67,2017-03-08 06:36:10,3.617,26,2.196989401553271
MID57,SID57,67,2017-03-08 06:36:10,6.028,34,2.4790745376865617
MID56,SID56,67,2017-03-08 06:36:10,3.014,33,2.4000396818343677
MID55,SID55,67,2017-03-08 06:36:10,4.822,32,2.437483577401264
MID54,SID54,67,2017-03-08 06:36:10,3.014,30,2.2017673894968413
MID53,SID53,67,2017-03-08 06:36:10,4.219,33,2.203367384095948
MID51,SID51,67,2017-03-08 06:36:10,5.425,25,2.300625709961456
MID69,SID69,67,2017-03-08 06:36:10,6.028,31,2.0999696930143337
MID68,SID68,67,2017-03-08 06:36:10,4.219,25,2.428069506293878
MID67,SID67,67,2017-03-08 06:36:10,5.425,29,2.393585365847423
MID66,SID66,67,2017-03-08 06:36:10,3.617,34,2.2098756296471334
MID65,SID65,67,2017-03-08 06:36:10,5.425,27,2.4667576759421754
MID64,SID64,67,2017-03-08 06:36:10,4.822,28,2.204014375353368
MID63,SID63,67,2017-03-08 06:36:10,3.617,30,2.4876216604172803
MID61,SID61,67,2017-03-08 06:36:10,5.425,29,2.043840535541733
MID60,SID60,67,2017-03-08 06:36:10,5.425,25,2.419353238843197
MID39,SID39,67,2017-03-08 06:36:10,4.822,30,2.371326379530176
MID38,SID38,67,2017-03-08 06:36:10,4.219,25,2.374842297481558
MID37,SID37,67,2017-03-08 06:36:10,4.822,32,2.46039540048269
MID36,SID36,67,2017-03-08 06:36:10,5.425,28,2.39161454599899
MID35,SID35,67,2017-03-08 06:36:10,5.425,25,2.1454810003502787
MID34,SID34,67,2017-03-08 06:36:10,3.014,34,2.1549717808229834
MID33,SID33,67,2017-03-08 06:36:10,6.028,32,2.00484767840302
MID32,SID32,67,2017-03-08 06:36:10,5.425,34,2.2964050399294176
MID31,SID31,67,2017-03-08 06:36:10,3.014,31,2.216320883882664
MID30,SID30,67,2017-03-08 06:36:10,4.219,27,2.364741214007678
MID49,SID49,67,2017-03-08 06:36:10,4.219,33,2.1648684584869233
MID48,SID48,67,2017-03-08 06:36:10,5.425,30,2.3815472154667314
MID47,SID47,67,2017-03-08 06:36:10,4.219,31,2.397628636337294
MID45,SID45,67,2017-03-08 06:36:10,4.219,33,2.163246394375208
MID44,SID44,67,2017-03-08 06:36:10,3.014,29,2.379436627116183
MID42,SID42,67,2017-03-08 06:36:10,5.425,25,2.1218109404851493
MID41,SID41,67,2017-03-08 06:36:10,5.425,34,2.3460229615756276
MID40,SID40,67,2017-03-08 06:36:10,6.028,27,2.4234392744205455
MID19,SID19,67,2017-03-08 06:36:20,4.844,32,2.489407731244513
MID18,SID18,67,2017-03-08 06:36:20,4.239,25,2.2109095858422614
MID17,SID17,67,2017-03-08 06:36:20,4.844,26,2.3098983508521287
MID16,SID16,67,2017-03-08 06:36:20,4.239,26,2.237797322643581
MID15,SID15,67,2017-03-08 06:36:20,3.028,32,2.2305713876790794
MID14,SID14,67,2017-03-08 06:36:20,4.844,33,2.083209031098441
MID13,SID13,67,2017-03-08 06:36:20,5.450,29,2.0086754203124406
MID12,SID12,67,2017-03-08 06:36:20,4.844,30,2.06184599734734
MID11,SID11,67,2017-03-08 06:36:20,6.056,30,2.270321505706464
MID99,SID99,67,2017-03-08 06:36:20,4.239,25,2.22046495275149
MID10,SID10,67,2017-03-08 06:36:20,3.028,25,2.369943041812262
MID98,SID98,67,2017-03-08 06:36:20,5.450,33,2.4589787515185457
MID97,SID97,67,2017-03-08 06:36:20,3.028,28,2.2205528906124727
MID96,SID96,67,2017-03-08 06:36:20,5.450,31,2.2049746916530233
MID95,SID95,67,2017-03-08 06:36:20,6.056,30,2.368648228722058
MID94,SID94,67,2017-03-08 06:36:20,6.056,25,2.0953001740695485
MID92,SID92,67,2017-03-08 06:36:20,4.239,25,2.0395922220016
MID4,SID4,67,2017-03-08 06:36:20,3.028,32,2.217633797290914
MID7,SID7,67,2017-03-08 06:36:20,6.056,33,2.3372674296561406
MID1,SID1,67,2017-03-08 06:36:20,4.239,29,2.207117103151281
MID2,SID2,67,2017-03-08 06:36:20,6.056,30,2.4187594114443187
MID3,SID3,67,2017-03-08 06:36:20,5.450,31,2.3234990297716367
MID29,SID29,67,2017-03-08 06:36:20,5.450,31,2.2328746262186363
MID28,SID28,67,2017-03-08 06:36:20,4.239,32,2.2253247932259534
MID27,SID27,67,2017-03-08 06:36:20,3.633,29,2.471435336611993
MID26,SID26,67,2017-03-08 06:36:20,3.633,32,2.0510131170339485
MID8,SID8,67,2017-03-08 06:36:20,4.239,26,2.421246928071357
MID25,SID25,67,2017-03-08 06:36:20,3.028,33,2.2127782125661284
MID24,SID24,67,2017-03-08 06:36:20,3.028,31,2.3944599821037063
MID22,SID22,67,2017-03-08 06:36:20,4.239,29,2.465539792780925
MID21,SID21,67,2017-03-08 06:36:20,3.633,34,2.3773978200361383
MID20,SID20,67,2017-03-08 06:36:20,4.239,33,2.4764933886145766
MID79,SID79,67,2017-03-08 06:36:20,3.028,34,2.294636144438532
MID78,SID78,67,2017-03-08 06:36:20,4.844,26,2.38124980838769
MID75,SID75,67,2017-03-08 06:36:20,4.239,34,2.3034025318419755
MID72,SID72,67,2017-03-08 06:36:20,6.056,28,2.1406258881855256
MID71,SID71,67,2017-03-08 06:36:20,3.633,31,2.050563297062401
MID90,SID90,67,2017-03-08 06:36:20,4.844,33,2.065667510113681
MID89,SID89,67,2017-03-08 06:36:20,6.056,33,2.0472045682456677
MID88,SID88,67,2017-03-08 06:36:20,4.844,31,2.0336174330162273
MID86,SID86,67,2017-03-08 06:36:20,3.633,31,2.1520333899463573
MID85,SID85,67,2017-03-08 06:36:20,6.056,27,2.4249902953108204
MID83,SID83,67,2017-03-08 06:36:20,3.633,27,2.1558796210617714
MID82,SID82,67,2017-03-08 06:36:20,5.450,33,2.1246898319028786
MID81,SID81,67,2017-03-08 06:36:20,5.450,32,2.091042642864185
MID80,SID80,67,2017-03-08 06:36:20,5.450,27,2.251466572529603
MID59,SID59,67,2017-03-08 06:36:20,3.633,28,2.4890832459285277
MID58,SID58,67,2017-03-08 06:36:20,3.633,32,2.4253910405545476
MID57,SID57,67,2017-03-08 06:36:20,6.056,27,2.007386862415053
MID56,SID56,67,2017-03-08 06:36:20,3.028,26,2.0342204252296674
MID55,SID55,67,2017-03-08 06:36:20,4.844,30,2.1319505842052835
MID54,SID54,67,2017-03-08 06:36:20,3.028,26,2.299084422563078
MID53,SID53,67,2017-03-08 06:36:20,4.239,30,2.3673853299696352
MID51,SID51,67,2017-03-08 06:36:20,5.450,34,2.2919280336456507
MID69,SID69,67,2017-03-08 06:36:20,6.056,26,2.4842114031297884
MID68,SID68,67,2017-03-08 06:36:20,4.239,28,2.2557534198535416
MID67,SID67,67,2017-03-08 06:36:20,5.450,29,2.4333110239645905
MID66,SID66,67,2017-03-08 06:36:20,3.633,34,2.007755605406534
MID65,SID65,67,2017-03-08 06:36:20,5.450,27,2.3278074234984096
MID64,SID64,67,2017-03-08 06:36:20,4.844,28,2.263135725477375
MID63,SID63,67,2017-03-08 06:36:20,3.633,30,2.133433545878441
MID61,SID61,67,2017-03-08 06:36:20,5.450,25,2.406650852475877
MID60,SID60,67,2017-03-08 06:36:20,5.450,30,2.3434103140296023
MID39,SID39,67,2017-03-08 06:36:20,4.844,29,2.184184924744339
MID38,SID38,67,2017-03-08 06:36:20,4.239,34,2.3973169794175164
MID37,SID37,67,2017-03-08 06:36:20,4.844,26,2.066777133275555
MID36,SID36,67,2017-03-08 06:36:20,5.450,32,2.1072714565510138
MID35,SID35,67,2017-03-08 06:36:20,5.450,33,2.387589692297431
MID34,SID34,67,2017-03-08 06:36:20,3.028,31,2.310239268882491
MID33,SID33,67,2017-03-08 06:36:20,6.056,32,2.3411666064499506
MID32,SID32,67,2017-03-08 06:36:20,5.450,32,2.4408429407294547
MID31,SID31,67,2017-03-08 06:36:20,3.028,34,2.117001187248802
MID30,SID30,67,2017-03-08 06:36:20,4.239,32,2.4435291493559332
MID49,SID49,67,2017-03-08 06:36:20,4.239,30,2.0088305368258097
MID48,SID48,67,2017-03-08 06:36:20,5.450,30,2.130925761602746
MID47,SID47,67,2017-03-08 06:36:20,4.239,28,2.4352915654082974
MID45,SID45,67,2017-03-08 06:36:20,4.239,27,2.4177548438278675
MID44,SID44,67,2017-03-08 06:36:20,3.028,34,2.0525751706985687
MID42,SID42,67,2017-03-08 06:36:20,5.450,32,2.4819502048466973
MID41,SID41,67,2017-03-08 06:36:20,5.450,27,2.174797255801444
MID40,SID40,67,2017-03-08 06:36:20,6.056,28,2.2798453430391454
MID19,SID19,67,2017-03-08 06:36:30,4.867,29,2.4615494190378344
MID18,SID18,67,2017-03-08 06:36:30,4.258,31,2.436614564720152
MID17,SID17,67,2017-03-08 06:36:30,4.867,32,2.1721320796784047
MID16,SID16,67,2017-03-08 06:36:30,4.258,32,2.1433190908356465
MID15,SID15,67,2017-03-08 06:36:30,3.042,31,2.014375654517352
MID14,SID14,67,2017-03-08 06:36:30,4.867,32,2.3004607527503325
MID13,SID13,67,2017-03-08 06:36:30,5.475,32,2.2208878072690235
MID12,SID12,67,2017-03-08 06:36:30,4.867,27,2.239756568952393
MID11,SID11,67,2017-03-08 06:36:30,6.083,27,2.110061077035126
MID99,SID99,67,2017-03-08 06:36:30,4.258,34,2.3881378667767272
MID10,SID10,67,2017-03-08 06:36:30,3.042,33,2.347003690389168
MID98,SID98,67,2017-03-08 06:36:30,5.475,29,2.4836566741198225
MID97,SID97,67,2017-03-08 06:36:30,3.042,27,2.09713751100106
MID96,SID96,67,2017-03-08 06:36:30,5.475,34,2.017621351376941
MID95,SID95,67,2017-03-08 06:36:30,6.083,33,2.1442410472989226
MID94,SID94,67,2017-03-08 06:36:30,6.083,28,2.433277706780505
MID92,SID92,67,2017-03-08 06:36:30,4.258,34,2.086731081428858
MID4,SID4,67,2017-03-08 06:36:30,3.042,25,2.220842363117692
MID7,SID7,67,2017-03-08 06:36:30,6.083,32,2.026165762710874
MID1,SID1,67,2017-03-08 06:36:30,4.258,27,2.471543073731265
MID2,SID2,67,2017-03-08 06:36:30,6.083,28,2.361655095508919
MID3,SID3,67,2017-03-08 06:36:30,5.475,28,2.1117787686681346
MID29,SID29,67,2017-03-08 06:36:30,5.475,27,2.393543280175954
MID28,SID28,67,2017-03-08 06:36:30,4.258,29,2.384691742769507
MID27,SID27,67,2017-03-08 06:36:30,3.650,25,2.0604253949811357
MID26,SID26,67,2017-03-08 06:36:30,3.650,29,2.297538387533894
MID8,SID8,67,2017-03-08 06:36:30,4.258,32,2.3570846307034
MID25,SID25,67,2017-03-08 06:36:30,3.042,31,2.2418426262927644
MID24,SID24,67,2017-03-08 06:36:30,3.042,34,2.104452536897307
MID22,SID22,67,2017-03-08 06:36:30,4.258,27,2.0398476878048846
MID21,SID21,67,2017-03-08 06:36:30,3.650,26,2.1339707764508113
MID20,SID20,67,2017-03-08 06:36:30,4.258,34,2.123855055753176
MID79,SID79,67,2017-03-08 06:36:30,3.042,30,2.313258015247184
MID78,SID78,67,2017-03-08 06:36:30,4.867,25,2.2448668492829427
MID75,SID75,67,2017-03-08 06:36:30,4.258,34,2.277905138767866
MID72,SID72,67,2017-03-08 06:36:30,6.083,32,2.061731120287886
MID71,SID71,67,2017-03-08 06:36:30,3.650,28,2.1442550450065347
MID90,SID90,67,2017-03-08 06:36:30,4.867,30,2.1502481476516637
MID89,SID89,67,2017-03-08 06:36:30,6.083,34,2.321192271596943
MID88,SID88,67,2017-03-08 06:36:30,4.867,25,2.1010255139132443
MID86,SID86,67,2017-03-08 06:36:30,3.650,26,2.1140558860226166
MID85,SID85,67,2017-03-08 06:36:30,6.083,33,2.3730235477312465
MID83,SID83,67,2017-03-08 06:36:30,3.650,29,2.1068804949904356
MID82,SID82,67,2017-03-08 06:36:30,5.475,26,2.3960548177527277
MID81,SID81,67,2017-03-08 06:36:30,5.475,27,2.062858114887879
MID80,SID80,67,2017-03-08 06:36:30,5.475,27,2.3345601645692864
MID59,SID59,67,2017-03-08 06:36:30,3.650,26,2.159823905950249
MID58,SID58,67,2017-03-08 06:36:30,3.650,34,2.336344090212142
MID57,SID57,67,2017-03-08 06:36:30,6.083,25,2.0241102182022472
MID56,SID56,67,2017-03-08 06:36:30,3.042,29,2.0543076665403412
MID55,SID55,67,2017-03-08 06:36:30,4.867,25,2.0483558867133
MID54,SID54,67,2017-03-08 06:36:30,3.042,26,2.215063797264854
MID53,SID53,67,2017-03-08 06:36:30,4.258,31,2.405302130546782
MID51,SID51,67,2017-03-08 06:36:30,5.475,26,2.17377776940728
MID69,SID69,67,2017-03-08 06:36:30,6.083,29,2.4465920227992943
MID68,SID68,67,2017-03-08 06:36:30,4.258,28,2.279826875625146
MID67,SID67,67,2017-03-08 06:36:30,5.475,25,2.097420978033223
MID66,SID66,67,2017-03-08 06:36:30,3.650,31,2.139563132885097
MID65,SID65,67,2017-03-08 06:36:30,5.475,27,2.2869928637445494
MID64,SID64,67,2017-03-08 06:36:30,4.867,26,2.386042173615095
MID63,SID63,67,2017-03-08 06:36:30,3.650,25,2.294900312154496
MID61,SID61,67,2017-03-08 06:36:30,5.475,34,2.414233148716014
MID60,SID60,67,2017-03-08 06:36:30,5.475,28,2.122025730864974
MID39,SID39,67,2017-03-08 06:36:30,4.867,30,2.2031559492730075
MID38,SID38,67,2017-03-08 06:36:30,4.258,28,2.1583389592376045
MID37,SID37,67,2017-03-08 06:36:30,4.867,25,2.4956596865191587
MID36,SID36,67,2017-03-08 06:36:30,5.475,29,2.049214255376624
MID35,SID35,67,2017-03-08 06:36:30,5.475,34,2.0601896270807543
MID34,SID34,67,2017-03-08 06:36:30,3.042,33,2.0752187690418475
MID33,SID33,67,2017-03-08 06:36:30,6.083,34,2.394012774291422
MID32,SID32,67,2017-03-08 06:36:30,5.475,27,2.0227876639763975
MID31,SID31,67,2017-03-08 06:36:30,3.042,31,2.384046597738634
MID30,SID30,67,2017-03-08 06:36:30,4.258,27,2.3185360120242717
MID49,SID49,67,2017-03-08 06:36:30,4.258,29,2.3935255872223524
MID48,SID48,67,2017-03-08 06:36:30,5.475,28,2.111768645087894
MID47,SID47,67,2017-03-08 06:36:30,4.258,25,2.485895619187141
MID45,SID45,67,2017-03-08 06:36:30,4.258,30,2.2579707769338695
MID44,SID44,67,2017-03-08 06:36:30,3.042,27,2.175156435717573
MID42,SID42,67,2017-03-08 06:36:30,5.475,26,2.299661293270836
MID41,SID41,67,2017-03-08 06:36:30,5.475,32,2.211191321714833
MID40,SID40,67,2017-03-08 06:36:30,6.083,28,2.370662762086395
MID19,SID19,67,2017-03-08 06:36:40,4.889,32,2.2296347214393335
MID18,SID18,67,2017-03-08 06:36:40,4.278,34,2.423173379234746
MID17,SID17,67,2017-03-08 06:36:40,4.889,31,2.199147248707918
MID16,SID16,67,2017-03-08 06:36:40,4.278,25,2.4680966480596642
MID15,SID15,67,2017-03-08 06:36:40,3.056,25,2.366221728790064
MID14,SID14,67,2017-03-08 06:36:40,4.889,29,2.1961184736970534
MID13,SID13,67,2017-03-08 06:36:40,5.500,33,2.3383377248988886
MID12,SID12,67,2017-03-08 06:36:40,4.889,30,2.1998632096085124
MID11,SID11,67,2017-03-08 06:36:40,6.111,28,2.2755476898106846
MID99,SID99,67,2017-03-08 06:36:40,4.278,33,2.3944170642720404
MID10,SID10,67,2017-03-08 06:36:40,3.056,32,2.484495955495751
MID98,SID98,67,2017-03-08 06:36:40,5.500,31,2.32488358250822
MID97,SID97,67,2017-03-08 06:36:40,3.056,25,2.09679257273907
MID96,SID96,67,2017-03-08 06:36:40,5.500,25,2.419862788152191
MID95,SID95,67,2017-03-08 06:36:40,6.111,25,2.00271221226027
MID94,SID94,67,2017-03-08 06:36:40,6.111,26,2.3933068385953677
MID92,SID92,67,2017-03-08 06:36:40,4.278,34,2.175190337971133
MID4,SID4,67,2017-03-08 06:36:40,3.056,34,2.4231852515638628
MID7,SID7,67,2017-03-08 06:36:40,6.111,28,2.2035028972742543
MID1,SID1,67,2017-03-08 06:36:40,4.278,32,2.223837470440921
MID2,SID2,67,2017-03-08 06:36:40,6.111,25,2.1963323487784403
MID3,SID3,67,2017-03-08 06:36:40,5.500,30,2.1210664611452943
MID29,SID29,67,2017-03-08 06:36:40,5.500,34,2.228399952529034
MID28,SID28,67,2017-03-08 06:36:40,4.278,29,2.272449970317826
MID27,SID27,67,2017-03-08 06:36:40,3.667,28,2.346536170979173
MID26,SID26,67,2017-03-08 06:36:40,3.667,29,2.1459303780502603
MID8,SID8,67,2017-03-08 06:36:40,4.278,26,2.1483453008377125
MID25,SID25,67,2017-03-08 06:36:40,3.056,26,2.0416587948450378
MID24,SID24,67,2017-03-08 06:36:40,3.056,33,2.481107860829316
MID22,SID22,67,2017-03-08 06:36:40,4.278,25,2.453452921201984
MID21,SID21,67,2017-03-08 06:36:40,3.667,29,2.4655234278740483
MID20,SID20,67,2017-03-08 06:36:40,4.278,30,2.156474131357138
MID79,SID79,67,2017-03-08 06:36:40,3.056,32,2.414653742037483
MID78,SID78,67,2017-03-08 06:36:40,4.889,32,2.2902156036675185
MID75,SID75,67,2017-03-08 06:36:40,4.278,28,2.110034465691589
MID72,SID72,67,2017-03-08 06:36:40,6.111,28,2.486566869608137
MID71,SID71,67,2017-03-08 06:36:40,3.667,31,2.4402947829364816
MID90,SID90,67,2017-03-08 06:36:40,4.889,32,2.152881320541051
MID89,SID89,67,2017-03-08 06:36:40,6.111,30,2.4134437174963166
MID88,SID88,67,2017-03-08 06:36:40,4.889,31,2.2566391172523255
MID86,SID86,67,2017-03-08 06:36:40,3.667,27,2.2696924421782594
MID85,SID85,67,2017-03-08 06:36:40,6.111,27,2.084770705663393
MID83,SID83,67,2017-03-08 06:36:40,3.667,33,2.212807190427824
MID82,SID82,67,2017-03-08 06:36:40,5.500,26,2.197910456831304
MID81,SID81,67,2017-03-08 06:36:40,5.500,33,2.3712917347698497
MID80,SID80,67,2017-03-08 06:36:40,5.500,25,2.4928081403213644
MID59,SID59,67,2017-03-08 06:36:40,3.667,33,2.4279267360471106
MID58,SID58,67,2017-03-08 06:36:40,3.667,27,2.352505189854699
MID57,SID57,67,2017-03-08 06:36:40,6.111,25,2.1784361321272545
MID56,SID56,67,2017-03-08 06:36:40,3.056,30,2.3163687711078973
MID55,SID55,67,2017-03-08 06:36:40,4.889,27,2.46023286309899
MID54,SID54,67,2017-03-08 06:36:40,3.056,29,2.1160051768085038
MID53,SID53,67,2017-03-08 06:36:40,4.278,25,2.22929575083978
MID51,SID51,67,2017-03-08 06:36:40,5.500,28,2.2204027448200754
MID69,SID69,67,2017-03-08 06:36:40,6.111,30,2.4554835234535646
MID68,SID68,67,2017-03-08 06:36:40,4.278,31,2.2212524480622067
MID67,SID67,67,2017-03-08 06:36:40,5.500,33,2.127590264768345
MID66,SID66,67,2017-03-08 06:36:40,3.667,29,2.474238543855496
MID65,SID65,67,2017-03-08 06:36:40,5.500,28,2.411812042343302
MID64,SID64,67,2017-03-08 06:36:40,4.889,30,2.43803756303149
MID63,SID63,67,2017-03-08 06:36:40,3.667,32,2.2723460418153785
MID61,SID61,67,2017-03-08 06:36:40,5.500,29,2.0300064496359855
MID60,SID60,67,2017-03-08 06:36:40,5.500,27,2.1737414291957906
MID39,SID39,67,2017-03-08 06:36:40,4.889,27,2.3938057243741078
MID38,SID38,67,2017-03-08 06:36:40,4.278,31,2.4592573360887204
MID37,SID37,67,2017-03-08 06:36:40,4.889,31,2.158594160767039
MID36,SID36,67,2017-03-08 06:36:40,5.500,25,2.2930770499701922
MID35,SID35,67,2017-03-08 06:36:40,5.500,31,2.4862030488659936
MID34,SID34,67,2017-03-08 06:36:40,3.056,28,2.38854017817115
MID33,SID33,67,2017-03-08 06:36:40,6.111,26,2.383048087974866
MID32,SID32,67,2017-03-08 06:36:40,5.500,27,2.413117772456912
MID31,SID31,67,2017-03-08 06:36:40,3.056,29,2.0135362404738704
MID30,SID30,67,2017-03-08 06:36:40,4.278,34,2.414310650264828
MID49,SID49,67,2017-03-08 06:36:40,4.278,34,2.019745511260826
MID48,SID48,67,2017-03-08 06:36:40,5.500,29,2.3444570220872745
MID47,SID47,67,2017-03-08 06:36:40,4.278,30,2.413677448120512
MID45,SID45,67,2017-03-08 06:36:40,4.278,30,2.4765690864659016
MID44,SID44,67,2017-03-08 06:36:40,3.056,28,2.441339860147935
MID42,SID42,67,2017-03-08 06:36:40,5.500,33,2.0591767176338833
MID41,SID41,67,2017-03-08 06:36:40,5.500,26,2.4845423972549434
MID40,SID40,67,2017-03-08 06:36:40,6.111,34,2.0420721128067334
MID19,SID19,67,2017-03-08 06:36:50,4.911,30,2.4110001062212345
MID18,SID18,67,2017-03-08 06:36:50,4.297,29,2.4943331760968124
MID17,SID17,67,2017-03-08 06:36:50,4.911,34,2.2951858127548324
MID16,SID16,67,2017-03-08 06:36:50,4.297,31,2.2638956890704858
MID15,SID15,67,2017-03-08 06:36:50,3.069,28,2.1601627568853177
MID14,SID14,67,2017-03-08 06:36:50,4.911,28,2.3189392523588364
MID13,SID13,67,2017-03-08 06:36:50,5.525,30,2.4816903368867
MID12,SID12,67,2017-03-08 06:36:50,4.911,29,2.488400023449932
MID11,SID11,67,2017-03-08 06:36:50,6.139,29,2.109048824059465
MID99,SID99,67,2017-03-08 06:36:50,4.297,33,2.0296713522211807
MID10,SID10,67,2017-03-08 06:36:50,3.069,26,2.025000203300807
MID98,SID98,67,2017-03-08 06:36:50,5.525,25,2.1011653078430137
MID97,SID97,67,2017-03-08 06:36:50,3.069,30,2.1594480453828178
MID96,SID96,67,2017-03-08 06:36:50,5.525,29,2.4460611659598097
MID95,SID95,67,2017-03-08 06:36:50,6.139,34,2.192047728505483
MID94,SID94,67,2017-03-08 06:36:50,6.139,32,2.164976647263308
MID92,SID92,67,2017-03-08 06:36:50,4.297,29,2.4633128064734495
MID4,SID4,67,2017-03-08 06:36:50,3.069,27,2.0323140491242047
MID7,SID7,67,2017-03-08 06:36:50,6.139,31,2.0625062208192597
MID1,SID1,67,2017-03-08 06:36:50,4.297,29,2.1012182608102536
MID2,SID2,67,2017-03-08 06:36:50,6.139,34,2.199199971235006
MID3,SID3,67,2017-03-08 06:36:50,5.525,30,2.357400095924392
MID29,SID29,67,2017-03-08 06:36:50,5.525,34,2.4340955767876937
MID28,SID28,67,2017-03-08 06:36:50,4.297,33,2.3948545059483726
MID27,SID27,67,2017-03-08 06:36:50,3.683,25,2.3788124121150735
MID26,SID26,67,2017-03-08 06:36:50,3.683,25,2.068403065925722
MID8,SID8,67,2017-03-08 06:36:50,4.297,31,2.05079097286874
MID25,SID25,67,2017-03-08 06:36:50,3.069,27,2.4063542719116207
MID24,SID24,67,2017-03-08 06:36:50,3.069,33,2.3330645253967703
MID22,SID22,67,2017-03-08 06:36:50,4.297,28,2.4928150610231294
MID21,SID21,67,2017-03-08 06:36:50,3.683,33,2.4591906374011154
MID20,SID20,67,2017-03-08 06:36:50,4.297,25,2.4845633021062197
MID79,SID79,67,2017-03-08 06:36:50,3.069,27,2.087716320111677
MID78,SID78,67,2017-03-08 06:36:50,4.911,27,2.112831391346226
MID75,SID75,67,2017-03-08 06:36:50,4.297,26,2.166087789395286
MID72,SID72,67,2017-03-08 06:36:50,6.139,26,2.2878004088580495
MID71,SID71,67,2017-03-08 06:36:50,3.683,28,2.3772487082883873
MID90,SID90,67,2017-03-08 06:36:50,4.911,25,2.0403072188229094
MID89,SID89,67,2017-03-08 06:36:50,6.139,31,2.389318891953516
MID88,SID88,67,2017-03-08 06:36:50,4.911,31,2.152095640599877
MID86,SID86,67,2017-03-08 06:36:50,3.683,32,2.1744238974073524
MID85,SID85,67,2017-03-08 06:36:50,6.139,32,2.276705389810757
MID83,SID83,67,2017-03-08 06:36:50,3.683,30,2.2469355192577565
MID82,SID82,67,2017-03-08 06:36:50,5.525,28,2.3787205188919693
MID81,SID81,67,2017-03-08 06:36:50,5.525,30,2.0774072140788116
MID80,SID80,67,2017-03-08 06:36:50,5.525,25,2.3110484422474187
MID59,SID59,67,2017-03-08 06:36:50,3.683,31,2.0481946662611232
MID58,SID58,67,2017-03-08 06:36:50,3.683,34,2.191003348642259
MID57,SID57,67,2017-03-08 06:36:50,6.139,26,2.1877753104503896
MID56,SID56,67,2017-03-08 06:36:50,3.069,34,2.252744474100479
MID55,SID55,67,2017-03-08 06:36:50,4.911,33,2.125786091124423
MID54,SID54,67,2017-03-08 06:36:50,3.069,32,2.230817528962576
MID53,SID53,67,2017-03-08 06:36:50,4.297,27,2.4761120900292255
MID51,SID51,67,2017-03-08 06:36:50,5.525,28,2.080737078772031
MID69,SID69,67,2017-03-08 06:36:50,6.139,33,2.247434905753036
MID68,SID68,67,2017-03-08 06:36:50,4.297,27,2.1019811887213113
MID67,SID67,67,2017-03-08 06:36:50,5.525,27,2.413601219428894
MID66,SID66,67,2017-03-08 06:36:50,3.683,32,2.1889640979892073
MID65,SID65,67,2017-03-08 06:36:50,5.525,30,2.381794749466876
MID64,SID64,67,2017-03-08 06:36:50,4.911,30,2.4828282496024117
MID63,SID63,67,2017-03-08 06:36:50,3.683,32,2.301723343040986
MID61,SID61,67,2017-03-08 06:36:50,5.525,28,2.4778520912183635
MID60,SID60,67,2017-03-08 06:36:50,5.525,26,2.379762906719316
MID39,SID39,67,2017-03-08 06:36:50,4.911,27,2.005048272937237
MID38,SID38,67,2017-03-08 06:36:50,4.297,31,2.4983539682232587
MID37,SID37,67,2017-03-08 06:36:50,4.911,30,2.365414661726945
MID36,SID36,67,2017-03-08 06:36:50,5.525,29,2.1811696112419012
MID35,SID35,67,2017-03-08 06:36:50,5.525,28,2.016545133481113
MID34,SID34,67,2017-03-08 06:36:50,3.069,31,2.0390313866755787
MID33,SID33,67,2017-03-08 06:36:50,6.139,29,2.021133717577618
MID32,SID32,67,2017-03-08 06:36:50,5.525,26,2.066263682585755
MID31,SID31,67,2017-03-08 06:36:50,3.069,32,2.397702640926611
MID30,SID30,67,2017-03-08 06:36:50,4.297,28,2.466400755686152
MID49,SID49,67,2017-03-08 06:36:50,4.297,34,2.1730284327363183
MID48,SID48,67,2017-03-08 06:36:50,5.525,34,2.1686705139441607
MID47,SID47,67,2017-03-08 06:36:50,4.297,34,2.046909889514681
MID45,SID45,67,2017-03-08 06:36:50,4.297,32,2.2613018194066066
MID44,SID44,67,2017-03-08 06:36:50,3.069,32,2.4461461293875413
MID42,SID42,67,2017-03-08 06:36:50,5.525,25,2.253141208035501
MID41,SID41,67,2017-03-08 06:36:50,5.525,34,2.1789953731804093
MID40,SID40,67,2017-03-08 06:36:50,6.139,26,2.079953541998602
MID19,SID19,67,2017-03-08 06:37:00,4.933,25,2.266534435217868
MID18,SID18,67,2017-03-08 06:37:00,4.317,28,2.2008266246297863
MID17,SID17,67,2017-03-08 06:37:00,4.933,30,2.0486690060830206
MID16,SID16,67,2017-03-08 06:37:00,4.317,34,2.3727529412722212
MID15,SID15,67,2017-03-08 06:37:00,3.083,33,2.3398591009611307
MID14,SID14,67,2017-03-08 06:37:00,4.933,34,2.011533597144717
MID13,SID13,67,2017-03-08 06:37:00,5.550,26,2.1280572211702977
MID12,SID12,67,2017-03-08 06:37:00,4.933,28,2.1008568324724415
MID11,SID11,67,2017-03-08 06:37:00,6.167,28,2.2106405225861505
MID99,SID99,67,2017-03-08 06:37:00,4.317,32,2.1777820377986563
MID10,SID10,67,2017-03-08 06:37:00,3.083,33,2.021566187687541
MID98,SID98,67,2017-03-08 06:37:00,5.550,28,2.4401544321097197
MID97,SID97,67,2017-03-08 06:37:00,3.083,33,2.4935883243437207
MID96,SID96,67,2017-03-08 06:37:00,5.550,28,2.134078657984873
MID95,SID95,67,2017-03-08 06:37:00,6.167,33,2.0260497058056366
MID94,SID94,67,2017-03-08 06:37:00,6.167,29,2.2544141928277672
MID92,SID92,67,2017-03-08 06:37:00,4.317,30,2.000914864570138
MID4,SID4,67,2017-03-08 06:37:00,3.083,33,2.3875298331069708
MID7,SID7,67,2017-03-08 06:37:00,6.167,33,2.3334629670855813
MID1,SID1,67,2017-03-08 06:37:00,4.317,31,2.3746231238104145
MID2,SID2,67,2017-03-08 06:37:00,6.167,29,2.150839357180787
MID3,SID3,67,2017-03-08 06:37:00,5.550,31,2.3183816851707277
MID29,SID29,67,2017-03-08 06:37:00,5.550,34,2.0851213408186946
MID28,SID28,67,2017-03-08 06:37:00,4.317,31,2.0028495441898957
MID27,SID27,67,2017-03-08 06:37:00,3.700,33,2.1128466528968786
MID26,SID26,67,2017-03-08 06:37:00,3.700,25,2.1947255082785886
MID8,SID8,67,2017-03-08 06:37:00,4.317,27,2.1550557849500085
MID25,SID25,67,2017-03-08 06:37:00,3.083,26,2.0794009755364624
MID24,SID24,67,2017-03-08 06:37:00,3.083,30,2.3727532057470055
MID22,SID22,67,2017-03-08 06:37:00,4.317,34,2.399961155679034
MID21,SID21,67,2017-03-08 06:37:00,3.700,31,2.138469288692591
MID20,SID20,67,2017-03-08 06:37:00,4.317,34,2.314730781287471
MID79,SID79,67,2017-03-08 06:37:00,3.083,31,2.2325197060956943
MID78,SID78,67,2017-03-08 06:37:00,4.933,33,2.2051288657115085
MID75,SID75,67,2017-03-08 06:37:00,4.317,33,2.1458861885883955
MID72,SID72,67,2017-03-08 06:37:00,6.167,28,2.03868842388672
MID71,SID71,67,2017-03-08 06:37:00,3.700,32,2.4809652895135517
MID90,SID90,67,2017-03-08 06:37:00,4.933,31,2.01878188234716
MID89,SID89,67,2017-03-08 06:37:00,6.167,33,2.0775436517480115
MID88,SID88,67,2017-03-08 06:37:00,4.933,28,2.297996014995525
MID86,SID86,67,2017-03-08 06:37:00,3.700,26,2.226759431437847
MID85,SID85,67,2017-03-08 06:37:00,6.167,29,2.1509168052801826
MID83,SID83,67,2017-03-08 06:37:00,3.700,27,2.416109572755163
MID82,SID82,67,2017-03-08 06:37:00,5.550,30,2.458276189878399
MID81,SID81,67,2017-03-08 06:37:00,5.550,28,2.0121742727719263
MID80,SID80,67,2017-03-08 06:37:00,5.550,27,2.0312173845155925
MID59,SID59,67,2017-03-08 06:37:00,3.700,26,2.213983173166132
MID58,SID58,67,2017-03-08 06:37:00,3.700,30,2.4349013455748887
MID57,SID57,67,2017-03-08 06:37:00,6.167,28,2.449406334775672
MID56,SID56,67,2017-03-08 06:37:00,3.083,29,2.18302700776887
MID55,SID55,67,2017-03-08 06:37:00,4.933,31,2.0669172089448526
MID54,SID54,67,2017-03-08 06:37:00,3.083,32,2.328288399375855
MID53,SID53,67,2017-03-08 06:37:00,4.317,34,2.051819073784826
MID51,SID51,67,2017-03-08 06:37:00,5.550,31,2.2318713378376573
MID69,SID69,67,2017-03-08 06:37:00,6.167,28,2.161289293015693
MID68,SID68,67,2017-03-08 06:37:00,4.317,29,2.416281325689487
MID67,SID67,67,2017-03-08 06:37:00,5.550,26,2.098838128572781
MID66,SID66,67,2017-03-08 06:37:00,3.700,33,2.148934238681603
MID65,SID65,67,2017-03-08 06:37:00,5.550,26,2.42916097532099
MID64,SID64,67,2017-03-08 06:37:00,4.933,30,2.296492249607774
MID63,SID63,67,2017-03-08 06:37:00,3.700,32,2.145675475837935
MID61,SID61,67,2017-03-08 06:37:00,5.550,25,2.3219134892008184
MID60,SID60,67,2017-03-08 06:37:00,5.550,27,2.4734898311297786
MID39,SID39,67,2017-03-08 06:37:00,4.933,25,2.4892058143934905
MID38,SID38,67,2017-03-08 06:37:00,4.317,29,2.2230033398006226
MID37,SID37,67,2017-03-08 06:37:00,4.933,29,2.48721993073835
MID36,SID36,67,2017-03-08 06:37:00,5.550,33,2.3359268460802185
MID35,SID35,67,2017-03-08 06:37:00,5.550,26,2.272751268501984
MID34,SID34,67,2017-03-08 06:37:00,3.083,33,2.176097088330735
MID33,SID33,67,2017-03-08 06:37:00,6.167,27,2.019124413623635
MID32,SID32,67,2017-03-08 06:37:00,5.550,29,2.4684735845145753
MID31,SID31,67,2017-03-08 06:37:00,3.083,32,2.233696795705273
MID30,SID30,67,2017-03-08 06:37:00,4.317,29,2.228739632683853
MID49,SID49,67,2017-03-08 06:37:00,4.317,27,2.2659235960818305
MID48,SID48,67,2017-03-08 06:37:00,5.550,34,2.3398383663918865
MID47,SID47,67,2017-03-08 06:37:00,4.317,28,2.451779493865945
MID45,SID45,67,2017-03-08 06:37:00,4.317,30,2.0631975663524824
MID44,SID44,67,2017-03-08 06:37:00,3.083,27,2.428671999035379
MID42,SID42,67,2017-03-08 06:37:00,5.550,32,2.3445508330359637
MID41,SID41,67,2017-03-08 06:37:00,5.550,33,2.4619882626803005
MID40,SID40,67,2017-03-08 06:37:00,6.167,27,2.0539214613967745
MID19,SID19,67,2017-03-08 06:37:10,4.956,34,2.1020301045663783
MID18,SID18,67,2017-03-08 06:37:10,4.336,30,2.3932856114947643
MID17,SID17,67,2017-03-08 06:37:10,4.956,28,2.2814940997530733
MID16,SID16,67,2017-03-08 06:37:10,4.336,27,2.4866153442933383
MID15,SID15,67,2017-03-08 06:37:10,3.097,27,2.4044782757683096
MID14,SID14,67,2017-03-08 06:37:10,4.956,33,2.4460189821029137
MID13,SID13,67,2017-03-08 06:37:10,5.575,33,2.3418961098497872
MID12,SID12,67,2017-03-08 06:37:10,4.956,28,2.419991668792835
MID11,SID11,67,2017-03-08 06:37:10,6.194,33,2.3226161502578235
MID99,SID99,67,2017-03-08 06:37:10,4.336,26,2.404117020323503
MID10,SID10,67,2017-03-08 06:37:10,3.097,32,2.1672740382508104
MID98,SID98,67,2017-03-08 06:37:10,5.575,32,2.167001053457082
MID97,SID97,67,2017-03-08 06:37:10,3.097,30,2.0173299011547856
MID96,SID96,67,2017-03-08 06:37:10,5.575,28,2.3701074908643687
MID95,SID95,67,2017-03-08 06:37:10,6.194,32,2.3227437841879386
MID94,SID94,67,2017-03-08 06:37:10,6.194,25,2.4500082037320574
MID92,SID92,67,2017-03-08 06:37:10,4.336,32,2.2554181248361393
MID4,SID4,67,2017-03-08 06:37:10,3.097,32,2.3002582654918005
MID7,SID7,67,2017-03-08 06:37:10,6.194,30,2.2438773736199233
MID1,SID1,67,2017-03-08 06:37:10,4.336,25,2.271204133939406
MID2,SID2,67,2017-03-08 06:37:10,6.194,29,2.190334721812475
MID3,SID3,67,2017-03-08 06:37:10,5.575,31,2.1843315026581607
MID28,SID28,67,2017-03-08 06:37:10,4.336,32,2.021853177955918
MID27,SID27,67,2017-03-08 06:37:10,3.717,27,2.1847984372108398
MID26,SID26,67,2017-03-08 06:37:10,3.717,28,2.3680666645172863
MID8,SID8,67,2017-03-08 06:37:10,4.336,30,2.437523481473276
MID25,SID25,67,2017-03-08 06:37:10,3.097,34,2.1187440396494632
MID24,SID24,67,2017-03-08 06:37:10,3.097,25,2.224689154224602
MID22,SID22,67,2017-03-08 06:37:10,4.336,31,2.361208957309924
MID21,SID21,67,2017-03-08 06:37:10,3.717,31,2.402232499450126
MID20,SID20,67,2017-03-08 06:37:10,4.336,26,2.200851728941761
MID79,SID79,67,2017-03-08 06:37:10,3.097,33,2.0461224002369347
MID78,SID78,67,2017-03-08 06:37:10,4.956,30,2.426530759771636
MID75,SID75,67,2017-03-08 06:37:10,4.336,27,2.278296091340053
MID72,SID72,67,2017-03-08 06:37:10,6.194,26,2.2500716214799397
MID71,SID71,67,2017-03-08 06:37:10,3.717,25,2.3322968518170697
MID90,SID90,67,2017-03-08 06:37:10,4.956,30,2.1907215398422935
MID89,SID89,67,2017-03-08 06:37:10,6.194,32,2.4859255960100284
MID88,SID88,67,2017-03-08 06:37:10,4.956,32,2.073208917905963
MID86,SID86,67,2017-03-08 06:37:10,3.717,31,2.264182839422748
MID85,SID85,67,2017-03-08 06:37:10,6.194,29,2.0484419271482244
MID83,SID83,67,2017-03-08 06:37:10,3.717,27,2.3234380993060144
MID82,SID82,67,2017-03-08 06:37:10,5.575,29,2.335071678959809
MID81,SID81,67,2017-03-08 06:37:10,5.575,32,2.2978243932892317
MID80,SID80,67,2017-03-08 06:37:10,5.575,27,2.462162020707384
MID58,SID58,67,2017-03-08 06:37:10,3.717,26,2.175846281194208
MID57,SID57,67,2017-03-08 06:37:10,6.194,33,2.321529741882182
MID55,SID55,67,2017-03-08 06:37:10,4.956,26,2.09208224976353
MID54,SID54,67,2017-03-08 06:37:10,3.097,34,2.0255346682162987
MID53,SID53,67,2017-03-08 06:37:10,4.336,26,2.365540966533188
MID69,SID69,67,2017-03-08 06:37:10,6.194,29,2.1332638601994485
MID68,SID68,67,2017-03-08 06:37:10,4.336,25,2.4690212569646017
MID67,SID67,67,2017-03-08 06:37:10,5.575,30,2.1993089128603005
MID66,SID66,67,2017-03-08 06:37:10,3.717,34,2.1826740808322627
MID65,SID65,67,2017-03-08 06:37:10,5.575,29,2.3406059041176723
MID64,SID64,67,2017-03-08 06:37:10,4.956,26,2.077487570992723
MID63,SID63,67,2017-03-08 06:37:10,3.717,26,2.2788563846077765
MID61,SID61,67,2017-03-08 06:37:10,5.575,26,2.2605819381628875
MID39,SID39,67,2017-03-08 06:37:10,4.956,34,2.009622792010971
MID38,SID38,67,2017-03-08 06:37:10,4.336,34,2.4907741862389985
MID37,SID37,67,2017-03-08 06:37:10,4.956,32,2.431647635105815
MID36,SID36,67,2017-03-08 06:37:10,5.575,33,2.2776997231867675
MID35,SID35,67,2017-03-08 06:37:10,5.575,30,2.2726132183413457
MID34,SID34,67,2017-03-08 06:37:10,3.097,25,2.0629262191235695
MID33,SID33,67,2017-03-08 06:37:10,6.194,31,2.342989847543332
MID32,SID32,67,2017-03-08 06:37:10,5.575,34,2.234879090622846
MID31,SID31,67,2017-03-08 06:37:10,3.097,32,2.2752191364946746
MID30,SID30,67,2017-03-08 06:37:10,4.336,30,2.291056908926285
MID49,SID49,67,2017-03-08 06:37:10,4.336,30,2.236967873441989
MID48,SID48,67,2017-03-08 06:37:10,5.575,31,2.2948179858484927
MID47,SID47,67,2017-03-08 06:37:10,4.336,25,2.4111426532512765
MID45,SID45,67,2017-03-08 06:37:10,4.336,33,2.1698475469148875
MID44,SID44,67,2017-03-08 06:37:10,3.097,30,2.253938987469508
MID42,SID42,67,2017-03-08 06:37:10,5.575,26,2.1809565051334823
MID41,SID41,67,2017-03-08 06:37:10,5.575,33,2.2961509872453068
MID40,SID40,67,2017-03-08 06:37:10,6.194,28,2.1391724565832058
MID19,SID19,67,2017-03-08 06:37:20,4.978,29,2.4496775795715595
MID18,SID18,67,2017-03-08 06:37:20,4.356,27,2.1839846822504065
MID17,SID17,67,2017-03-08 06:37:20,4.978,28,2.4320764202820406
MID16,SID16,67,2017-03-08 06:37:20,4.356,33,2.005553192752167
MID15,SID15,67,2017-03-08 06:37:20,3.111,30,2.1927376747219256
MID14,SID14,67,2017-03-08 06:37:20,4.978,33,2.307058341642489
MID13,SID13,67,2017-03-08 06:37:20,5.600,26,2.3222770517479745
MID12,SID12,67,2017-03-08 06:37:20,4.978,25,2.031759683070878
MID11,SID11,67,2017-03-08 06:37:20,6.222,29,2.421476935729325
MID99,SID99,67,2017-03-08 06:37:20,4.356,29,2.025795854898314
MID10,SID10,67,2017-03-08 06:37:20,3.111,31,2.328371000390171
MID98,SID98,67,2017-03-08 06:37:20,5.600,28,2.369566479936228
MID97,SID97,67,2017-03-08 06:37:20,3.111,32,2.0626568187485237
MID96,SID96,67,2017-03-08 06:37:20,5.600,27,2.4407970077658137
MID95,SID95,67,2017-03-08 06:37:20,6.222,25,2.458208954103326
MID94,SID94,67,2017-03-08 06:37:20,6.222,31,2.486084062232404
MID92,SID92,67,2017-03-08 06:37:20,4.356,34,2.0605440289768904
MID4,SID4,67,2017-03-08 06:37:20,3.111,26,2.2706031961741373
MID7,SID7,67,2017-03-08 06:37:20,6.222,30,2.141779779220433
MID1,SID1,67,2017-03-08 06:37:20,4.356,25,2.0518211987005563
MID2,SID2,67,2017-03-08 06:37:20,6.222,25,2.164274395576617
MID3,SID3,67,2017-03-08 06:37:20,5.600,34,2.492037054297146
MID28,SID28,67,2017-03-08 06:37:20,4.356,32,2.028398115302625
MID27,SID27,67,2017-03-08 06:37:20,3.733,29,2.1389901107843228
MID26,SID26,67,2017-03-08 06:37:20,3.733,33,2.2217559829514073
MID8,SID8,67,2017-03-08 06:37:20,4.356,31,2.476707504430789
MID25,SID25,67,2017-03-08 06:37:20,3.111,34,2.491207500086654
MID24,SID24,67,2017-03-08 06:37:20,3.111,32,2.474025916717987
MID22,SID22,67,2017-03-08 06:37:20,4.356,27,2.309301427448327
MID21,SID21,67,2017-03-08 06:37:20,3.733,28,2.1439457958889387
MID20,SID20,67,2017-03-08 06:37:20,4.356,27,2.196757411788573
MID79,SID79,67,2017-03-08 06:37:20,3.111,34,2.4517450368179086
MID78,SID78,67,2017-03-08 06:37:20,4.978,29,2.0452910185577133
MID75,SID75,67,2017-03-08 06:37:20,4.356,34,2.2214983921247784
MID72,SID72,67,2017-03-08 06:37:20,6.222,33,2.0682286953399154
MID71,SID71,67,2017-03-08 06:37:20,3.733,29,2.2926006633841363
MID90,SID90,67,2017-03-08 06:37:20,4.978,30,2.4069546435407827
MID89,SID89,67,2017-03-08 06:37:20,6.222,25,2.117180338983419
MID88,SID88,67,2017-03-08 06:37:20,4.978,30,2.3571911477917675
MID86,SID86,67,2017-03-08 06:37:20,3.733,28,2.078779169619485
MID85,SID85,67,2017-03-08 06:37:20,6.222,34,2.312024993406764
MID83,SID83,67,2017-03-08 06:37:20,3.733,33,2.1700788035151923
MID82,SID82,67,2017-03-08 06:37:20,5.600,34,2.022200156390034
MID81,SID81,67,2017-03-08 06:37:20,5.600,33,2.005420506520954
MID80,SID80,67,2017-03-08 06:37:20,5.600,31,2.4138108036289627
MID58,SID58,67,2017-03-08 06:37:20,3.733,32,2.4671887565151014
MID57,SID57,67,2017-03-08 06:37:20,6.222,31,2.0682666121172404
MID55,SID55,67,2017-03-08 06:37:20,4.978,30,2.411777555284598
MID54,SID54,67,2017-03-08 06:37:20,3.111,30,2.3196058413177125
MID53,SID53,67,2017-03-08 06:37:20,4.356,27,2.38378616259889
MID69,SID69,67,2017-03-08 06:37:20,6.222,30,2.4272988709062715
MID68,SID68,67,2017-03-08 06:37:20,4.356,32,2.208659384110679
MID67,SID67,67,2017-03-08 06:37:20,5.600,31,2.2061455801263032
MID66,SID66,67,2017-03-08 06:37:20,3.733,33,2.213821393077204
MID65,SID65,67,2017-03-08 06:37:20,5.600,33,2.2312780282733726
MID64,SID64,67,2017-03-08 06:37:20,4.978,26,2.2031700099141607
MID63,SID63,67,2017-03-08 06:37:20,3.733,30,2.201939600961365
MID61,SID61,67,2017-03-08 06:37:20,5.600,28,2.145075188014528
MID39,SID39,67,2017-03-08 06:37:20,4.978,34,2.173921093570763
MID38,SID38,67,2017-03-08 06:37:20,4.356,27,2.382243187355646
MID37,SID37,67,2017-03-08 06:37:20,4.978,31,2.2638545994886936
MID36,SID36,67,2017-03-08 06:37:20,5.600,26,2.345143031605295
MID35,SID35,67,2017-03-08 06:37:20,5.600,34,2.1757473245138437
MID34,SID34,67,2017-03-08 06:37:20,3.111,25,2.411256891077933
MID33,SID33,67,2017-03-08 06:37:20,6.222,31,2.4951608932041704
MID32,SID32,67,2017-03-08 06:37:20,5.600,33,2.406212505669685
MID31,SID31,67,2017-03-08 06:37:20,3.111,26,2.4612884200397795
MID30,SID30,67,2017-03-08 06:37:20,4.356,26,2.2773807242377413
MID49,SID49,67,2017-03-08 06:37:20,4.356,34,2.1843829461693405
MID48,SID48,67,2017-03-08 06:37:20,5.600,34,2.4689030547384396
MID47,SID47,67,2017-03-08 06:37:20,4.356,34,2.422271659927895
MID45,SID45,67,2017-03-08 06:37:20,4.356,29,2.2747247312570136
MID44,SID44,67,2017-03-08 06:37:20,3.111,26,2.3001841228612574
MID42,SID42,67,2017-03-08 06:37:20,5.600,32,2.1057527221446266
MID41,SID41,67,2017-03-08 06:37:20,5.600,30,2.3642907574070975
MID40,SID40,67,2017-03-08 06:37:20,6.222,27,2.2822259241207905
MID19,SID19,67,2017-03-08 06:37:30,5.000,26,2.480594225854412
MID18,SID18,67,2017-03-08 06:37:30,4.375,29,2.146731610993879
MID17,SID17,67,2017-03-08 06:37:30,5.000,30,2.332793852256597
MID16,SID16,67,2017-03-08 06:37:30,4.375,32,2.0843030380095207
MID15,SID15,67,2017-03-08 06:37:30,3.125,31,2.4789726318181904
MID14,SID14,67,2017-03-08 06:37:30,5.000,34,2.3747541480944765
MID13,SID13,67,2017-03-08 06:37:30,5.625,34,2.4754469800790657
MID12,SID12,67,2017-03-08 06:37:30,5.000,31,2.0995666116454323
MID11,SID11,67,2017-03-08 06:37:30,6.250,27,2.1063442221025865
MID99,SID99,67,2017-03-08 06:37:30,4.375,29,2.25138938747667
MID10,SID10,67,2017-03-08 06:37:30,3.125,32,2.4447333796542146
MID98,SID98,67,2017-03-08 06:37:30,5.625,27,2.2398290156536618
MID97,SID97,67,2017-03-08 06:37:30,3.125,34,2.420778539088346
MID96,SID96,67,2017-03-08 06:37:30,5.625,26,2.4247047983451187
MID95,SID95,67,2017-03-08 06:37:30,6.250,31,2.12340780720768
MID94,SID94,67,2017-03-08 06:37:30,6.250,33,2.130605201590734
MID92,SID92,67,2017-03-08 06:37:30,4.375,30,2.1332711961634025
MID4,SID4,67,2017-03-08 06:37:30,3.125,28,2.1842341487869787
MID7,SID7,67,2017-03-08 06:37:30,6.250,26,2.398074760674448
MID1,SID1,67,2017-03-08 06:37:30,4.375,29,2.46462790969698
MID2,SID2,67,2017-03-08 06:37:30,6.250,29,2.2570399873482736
MID3,SID3,67,2017-03-08 06:37:30,5.625,25,2.3395456317715984
MID28,SID28,67,2017-03-08 06:37:30,4.375,33,2.434223509846746
MID27,SID27,67,2017-03-08 06:37:30,3.750,29,2.3075212366791047
MID26,SID26,67,2017-03-08 06:37:30,3.750,32,2.0898108313911057
MID8,SID8,67,2017-03-08 06:37:30,4.375,34,2.1883196766223505
MID25,SID25,67,2017-03-08 06:37:30,3.125,34,2.257878524654671
MID24,SID24,67,2017-03-08 06:37:30,3.125,33,2.3812828922296085
MID22,SID22,67,2017-03-08 06:37:30,4.375,25,2.2085609780371045
MID21,SID21,67,2017-03-08 06:37:30,3.750,28,2.056389591885651
MID20,SID20,67,2017-03-08 06:37:30,4.375,33,2.4378647543827037
MID79,SID79,67,2017-03-08 06:37:30,3.125,32,2.248022527006864
MID78,SID78,67,2017-03-08 06:37:30,5.000,31,2.4711428331005765
MID75,SID75,67,2017-03-08 06:37:30,4.375,33,2.0300321835651998
MID72,SID72,67,2017-03-08 06:37:30,6.250,29,2.476968540120191
MID71,SID71,67,2017-03-08 06:37:30,3.750,32,2.1462455665829046
MID90,SID90,67,2017-03-08 06:37:30,5.000,27,2.365263675247105
MID89,SID89,67,2017-03-08 06:37:30,6.250,30,2.0419344802174377
MID88,SID88,67,2017-03-08 06:37:30,5.000,25,2.369078956373809
MID86,SID86,67,2017-03-08 06:37:30,3.750,32,2.3468742856597986
MID85,SID85,67,2017-03-08 06:37:30,6.250,31,2.000585741515265
MID83,SID83,67,2017-03-08 06:37:30,3.750,26,2.379350598550589
MID82,SID82,67,2017-03-08 06:37:30,5.625,33,2.2013561594296673
MID81,SID81,67,2017-03-08 06:37:30,5.625,32,2.419175336062039
MID80,SID80,67,2017-03-08 06:37:30,5.625,25,2.2931336844994528
MID58,SID58,67,2017-03-08 06:37:30,3.750,34,2.016516149074752
MID57,SID57,67,2017-03-08 06:37:30,6.250,32,2.427766809489644
MID55,SID55,67,2017-03-08 06:37:30,5.000,30,2.4054571159071725
MID54,SID54,67,2017-03-08 06:37:30,3.125,33,2.2282281832550606
MID53,SID53,67,2017-03-08 06:37:30,4.375,29,2.2924718451083157
MID69,SID69,67,2017-03-08 06:37:30,6.250,25,2.1580633538893537
MID68,SID68,67,2017-03-08 06:37:30,4.375,34,2.0353302994207447
MID67,SID67,67,2017-03-08 06:37:30,5.625,31,2.0178533645596346
MID66,SID66,67,2017-03-08 06:37:30,3.750,29,2.074883557245641
MID65,SID65,67,2017-03-08 06:37:30,5.625,34,2.3924457145934843
MID64,SID64,67,2017-03-08 06:37:30,5.000,34,2.4973128521945966
MID63,SID63,67,2017-03-08 06:37:30,3.750,25,2.3902006038038017
MID61,SID61,67,2017-03-08 06:37:30,5.625,27,2.493383358915286
MID39,SID39,67,2017-03-08 06:37:30,5.000,26,2.252891590071454
MID38,SID38,67,2017-03-08 06:37:30,4.375,26,2.1222388902625253
MID37,SID37,67,2017-03-08 06:37:30,5.000,28,2.3295423615383246
MID36,SID36,67,2017-03-08 06:37:30,5.625,26,2.294559329629407
MID35,SID35,67,2017-03-08 06:37:30,5.625,28,2.0546987137254327
MID34,SID34,67,2017-03-08 06:37:30,3.125,26,2.0451063321584813
MID33,SID33,67,2017-03-08 06:37:30,6.250,27,2.1876705547423256
MID32,SID32,67,2017-03-08 06:37:30,5.625,32,2.116379869947567
MID31,SID31,67,2017-03-08 06:37:30,3.125,28,2.188196358622923
MID30,SID30,67,2017-03-08 06:37:30,4.375,25,2.009988890846929
MID49,SID49,67,2017-03-08 06:37:30,4.375,31,2.12620253326775
MID48,SID48,67,2017-03-08 06:37:30,5.625,25,2.293002474970858
MID47,SID47,67,2017-03-08 06:37:30,4.375,33,2.297437277607494
MID45,SID45,67,2017-03-08 06:37:30,4.375,28,2.0168895551973085
MID44,SID44,67,2017-03-08 06:37:30,3.125,33,2.0231891897889995
MID42,SID42,67,2017-03-08 06:37:30,5.625,32,2.1362081494693514
MID41,SID41,67,2017-03-08 06:37:30,5.625,28,2.332445260098966
MID40,SID40,67,2017-03-08 06:37:30,6.250,29,2.4311843049109143
MID19,SID19,67,2017-03-08 06:37:40,5.022,28,2.2295695831421707
MID18,SID18,67,2017-03-08 06:37:40,4.394,33,2.454470169818909
MID17,SID17,67,2017-03-08 06:37:40,5.022,31,2.166142174191113
MID16,SID16,67,2017-03-08 06:37:40,4.394,26,2.117143813787686
MID15,SID15,67,2017-03-08 06:37:40,3.139,25,2.053692990867653
MID14,SID14,67,2017-03-08 06:37:40,5.022,28,2.3483140631103536
MID13,SID13,67,2017-03-08 06:37:40,5.650,34,2.3928844123750963
MID12,SID12,67,2017-03-08 06:37:40,5.022,26,2.148958749378481
MID11,SID11,67,2017-03-08 06:37:40,6.278,25,2.2052302078252852
MID99,SID99,67,2017-03-08 06:37:40,4.394,26,2.413886895899776
MID10,SID10,67,2017-03-08 06:37:40,3.139,33,2.1441149862253543
MID98,SID98,67,2017-03-08 06:37:40,5.650,27,2.2823397347261025
MID97,SID97,67,2017-03-08 06:37:40,3.139,31,2.010466741774292
MID96,SID96,67,2017-03-08 06:37:40,5.650,30,2.2102397412373365
MID95,SID95,67,2017-03-08 06:37:40,6.278,26,2.361847421539093
MID94,SID94,67,2017-03-08 06:37:40,6.278,32,2.166653599081792
MID92,SID92,67,2017-03-08 06:37:40,4.394,32,2.245879624482316
MID4,SID4,67,2017-03-08 06:37:40,3.139,34,2.2564846341493405
MID7,SID7,67,2017-03-08 06:37:40,6.278,32,2.2541501476714068
MID1,SID1,67,2017-03-08 06:37:40,4.394,31,2.41565105112422
MID2,SID2,67,2017-03-08 06:37:40,6.278,30,2.491632876344638
MID3,SID3,67,2017-03-08 06:37:40,5.650,29,2.093656897372421
MID28,SID28,67,2017-03-08 06:37:40,4.394,30,2.2379637906735717
MID27,SID27,67,2017-03-08 06:37:40,3.767,33,2.049523028774976
MID26,SID26,67,2017-03-08 06:37:40,3.767,30,2.3381705151717425
MID8,SID8,67,2017-03-08 06:37:40,4.394,32,2.3767798208682254
MID25,SID25,67,2017-03-08 06:37:40,3.139,32,2.0343779586180686
MID24,SID24,67,2017-03-08 06:37:40,3.139,30,2.3151901632513243
MID22,SID22,67,2017-03-08 06:37:40,4.394,28,2.0802958696012226
MID21,SID21,67,2017-03-08 06:37:40,3.767,26,2.3840078707573173
MID20,SID20,67,2017-03-08 06:37:40,4.394,32,2.4361812419272693
MID79,SID79,67,2017-03-08 06:37:40,3.139,34,2.2304912574120124
MID78,SID78,67,2017-03-08 06:37:40,5.022,27,2.466270348545434
MID75,SID75,67,2017-03-08 06:37:40,4.394,26,2.0924439800719563
MID72,SID72,67,2017-03-08 06:37:40,6.278,26,2.442003282337867
MID71,SID71,67,2017-03-08 06:37:40,3.767,29,2.288189014499307
MID90,SID90,67,2017-03-08 06:37:40,5.022,25,2.047637839799959
MID89,SID89,67,2017-03-08 06:37:40,6.278,31,2.0316143808656917
MID88,SID88,67,2017-03-08 06:37:40,5.022,29,2.2228548421190486
MID86,SID86,67,2017-03-08 06:37:40,3.767,33,2.328215508954517
MID85,SID85,67,2017-03-08 06:37:40,6.278,30,2.024340160772061
MID83,SID83,67,2017-03-08 06:37:40,3.767,30,2.158639204274641
MID82,SID82,67,2017-03-08 06:37:40,5.650,25,2.171141884777456
MID81,SID81,67,2017-03-08 06:37:40,5.650,28,2.2966670717504454
MID80,SID80,67,2017-03-08 06:37:40,5.650,34,2.059721392208345
MID58,SID58,67,2017-03-08 06:37:40,3.767,33,2.2426536887797157
MID57,SID57,67,2017-03-08 06:37:40,6.278,29,2.006741753100194
MID55,SID55,67,2017-03-08 06:37:40,5.022,26,2.017961132712571
MID54,SID54,67,2017-03-08 06:37:40,3.139,29,2.2496196158390256
MID53,SID53,67,2017-03-08 06:37:40,4.394,25,2.2009408739308416
MID69,SID69,67,2017-03-08 06:37:40,6.278,31,2.1187838973208954
MID68,SID68,67,2017-03-08 06:37:40,4.394,26,2.4971038661178966
MID67,SID67,67,2017-03-08 06:37:40,5.650,33,2.245958005373992
MID66,SID66,67,2017-03-08 06:37:40,3.767,31,2.492314461165206
MID65,SID65,67,2017-03-08 06:37:40,5.650,32,2.1189503935983165
MID64,SID64,67,2017-03-08 06:37:40,5.022,34,2.010585457640203
MID63,SID63,67,2017-03-08 06:37:40,3.767,32,2.053836876644264
MID61,SID61,67,2017-03-08 06:37:40,5.650,27,2.3524043306111753
MID39,SID39,67,2017-03-08 06:37:40,5.022,27,2.1568976253476784
MID38,SID38,67,2017-03-08 06:37:40,4.394,33,2.3824984989651465
MID37,SID37,67,2017-03-08 06:37:40,5.022,33,2.1308856576365947
MID36,SID36,67,2017-03-08 06:37:40,5.650,31,2.1898278877359085
MID35,SID35,67,2017-03-08 06:37:40,5.650,31,2.055445031839173
MID34,SID34,67,2017-03-08 06:37:40,3.139,34,2.034376692563626
MID33,SID33,67,2017-03-08 06:37:40,6.278,28,2.3665301826500325
MID32,SID32,67,2017-03-08 06:37:40,5.650,27,2.0682156306376624
MID31,SID31,67,2017-03-08 06:37:40,3.139,29,2.1656548019076256
MID30,SID30,67,2017-03-08 06:37:40,4.394,25,2.0052781606229413
MID49,SID49,67,2017-03-08 06:37:40,4.394,31,2.1666337255473906
MID48,SID48,67,2017-03-08 06:37:40,5.650,31,2.0535494540397194
MID47,SID47,67,2017-03-08 06:37:40,4.394,33,2.413856314985204
MID45,SID45,67,2017-03-08 06:37:40,4.394,30,2.264432772610558
MID44,SID44,67,2017-03-08 06:37:40,3.139,29,2.180926861259947
MID42,SID42,67,2017-03-08 06:37:40,5.650,34,2.105536317172847
MID41,SID41,67,2017-03-08 06:37:40,5.650,28,2.1195247211850075
MID40,SID40,67,2017-03-08 06:37:40,6.278,32,2.3919994983265394
MID19,SID19,67,2017-03-08 06:37:50,5.044,29,2.3914072956864842
MID18,SID18,67,2017-03-08 06:37:50,4.414,31,2.4533563165777506
MID17,SID17,67,2017-03-08 06:37:50,5.044,27,2.0723076563634564
MID16,SID16,67,2017-03-08 06:37:50,4.414,25,2.2661204902370904
MID15,SID15,67,2017-03-08 06:37:50,3.153,28,2.130759683099823
MID14,SID14,67,2017-03-08 06:37:50,5.044,33,2.2091281524842774
MID13,SID13,67,2017-03-08 06:37:50,5.675,26,2.2252373736022135
MID12,SID12,67,2017-03-08 06:37:50,5.044,26,2.1232281108530517
MID11,SID11,67,2017-03-08 06:37:50,6.306,27,2.387961853557214
MID99,SID99,67,2017-03-08 06:37:50,4.414,27,2.4626207009106786
MID10,SID10,67,2017-03-08 06:37:50,3.153,34,2.381621981988479
MID98,SID98,67,2017-03-08 06:37:50,5.675,28,2.3229058270765304
MID97,SID97,67,2017-03-08 06:37:50,3.153,32,2.2283304215690514
MID96,SID96,67,2017-03-08 06:37:50,5.675,27,2.41676330380727
MID95,SID95,67,2017-03-08 06:37:50,6.306,33,2.463332803464138
MID94,SID94,67,2017-03-08 06:37:50,6.306,29,2.423870876350735
MID92,SID92,67,2017-03-08 06:37:50,4.414,32,2.1680883431741074
MID4,SID4,67,2017-03-08 06:37:50,3.153,30,2.0996752769887523
MID7,SID7,67,2017-03-08 06:37:50,6.306,27,2.3899663797960695
MID1,SID1,67,2017-03-08 06:37:50,4.414,32,2.116153616506509
MID2,SID2,67,2017-03-08 06:37:50,6.306,34,2.020709869741624
MID3,SID3,67,2017-03-08 06:37:50,5.675,32,2.1633962856389393
MID28,SID28,67,2017-03-08 06:37:50,4.414,25,2.0033675137316522
MID27,SID27,67,2017-03-08 06:37:50,3.783,34,2.0754870649518473
MID26,SID26,67,2017-03-08 06:37:50,3.783,31,2.1543967427654196
MID8,SID8,67,2017-03-08 06:37:50,4.414,34,2.1819880118081576
MID25,SID25,67,2017-03-08 06:37:50,3.153,30,2.103248127225067
MID24,SID24,67,2017-03-08 06:37:50,3.153,27,2.4952460364488536
MID22,SID22,67,2017-03-08 06:37:50,4.414,32,2.4678690314730423
MID21,SID21,67,2017-03-08 06:37:50,3.783,34,2.1967002837703538
MID20,SID20,67,2017-03-08 06:37:50,4.414,34,2.0110946164469032
MID79,SID79,67,2017-03-08 06:37:50,3.153,29,2.376818189954267
MID78,SID78,67,2017-03-08 06:37:50,5.044,30,2.391601809700902
MID75,SID75,67,2017-03-08 06:37:50,4.414,27,2.448418575803042
MID72,SID72,67,2017-03-08 06:37:50,6.306,28,2.399811698835005
MID71,SID71,67,2017-03-08 06:37:50,3.783,27,2.383521185543089
MID90,SID90,67,2017-03-08 06:37:50,5.044,29,2.170948649059546
MID89,SID89,67,2017-03-08 06:37:50,6.306,27,2.256701898862983
MID88,SID88,67,2017-03-08 06:37:50,5.044,33,2.3557050236608843
MID86,SID86,67,2017-03-08 06:37:50,3.783,32,2.488850862131779
MID85,SID85,67,2017-03-08 06:37:50,6.306,32,2.333207703198621
MID83,SID83,67,2017-03-08 06:37:50,3.783,26,2.3568571591718137
MID82,SID82,67,2017-03-08 06:37:50,5.675,29,2.483110040554966
MID81,SID81,67,2017-03-08 06:37:50,5.675,32,2.239418064124381
MID80,SID80,67,2017-03-08 06:37:50,5.675,34,2.1026221526182454
MID58,SID58,67,2017-03-08 06:37:50,3.783,28,2.4341264544899666
MID57,SID57,67,2017-03-08 06:37:50,6.306,25,2.2491261249082997
MID55,SID55,67,2017-03-08 06:37:50,5.044,26,2.419467125079341
MID54,SID54,67,2017-03-08 06:37:50,3.153,31,2.1363047189914504
MID53,SID53,67,2017-03-08 06:37:50,4.414,26,2.20473567471714
MID69,SID69,67,2017-03-08 06:37:50,6.306,32,2.2417314920084346
MID68,SID68,67,2017-03-08 06:37:50,4.414,28,2.2829029815875854
MID67,SID67,67,2017-03-08 06:37:50,5.675,34,2.4188951258449984
MID66,SID66,67,2017-03-08 06:37:50,3.783,32,2.219836850549149
MID65,SID65,67,2017-03-08 06:37:50,5.675,28,2.499177316917134
MID64,SID64,67,2017-03-08 06:37:50,5.044,29,2.2923145089969426
MID63,SID63,67,2017-03-08 06:37:50,3.783,34,2.0559732108314153
MID61,SID61,67,2017-03-08 06:37:50,5.675,26,2.3592721817440805
MID39,SID39,67,2017-03-08 06:37:50,5.044,29,2.0902246382718634
MID38,SID38,67,2017-03-08 06:37:50,4.414,26,2.1066868718814833
MID37,SID37,67,2017-03-08 06:37:50,5.044,28,2.4978944272884895
MID36,SID36,67,2017-03-08 06:37:50,5.675,33,2.3421368906897917
MID35,SID35,67,2017-03-08 06:37:50,5.675,29,2.085083026848206
MID34,SID34,67,2017-03-08 06:37:50,3.153,31,2.0823012779402976
MID33,SID33,67,2017-03-08 06:37:50,6.306,29,2.4446025970433647
MID32,SID32,67,2017-03-08 06:37:50,5.675,32,2.3665034457828265
MID31,SID31,67,2017-03-08 06:37:50,3.153,33,2.3172365136689814
MID30,SID30,67,2017-03-08 06:37:50,4.414,29,2.3701829587947825
MID49,SID49,67,2017-03-08 06:37:50,4.414,25,2.245163133703424
MID48,SID48,67,2017-03-08 06:37:50,5.675,32,2.0058112952603535
MID47,SID47,67,2017-03-08 06:37:50,4.414,33,2.2769898687689367
MID45,SID45,67,2017-03-08 06:37:50,4.414,32,2.437018680295936
MID44,SID44,67,2017-03-08 06:37:50,3.153,27,2.4725685858422284
MID42,SID42,67,2017-03-08 06:37:50,5.675,26,2.2713345261061892
MID41,SID41,67,2017-03-08 06:37:50,5.675,33,2.1900707590506685
MID40,SID40,67,2017-03-08 06:37:50,6.306,32,2.096030359712988
MID19,SID19,67,2017-03-08 06:38:00,5.067,33,2.1877745590242013
MID18,SID18,67,2017-03-08 06:38:00,4.433,34,2.143175828069884
MID17,SID17,67,2017-03-08 06:38:00,5.067,32,2.337102952204025
MID16,SID16,67,2017-03-08 06:38:00,4.433,26,2.2080391502778576
MID15,SID15,67,2017-03-08 06:38:00,3.167,32,2.134559882249985
MID14,SID14,67,2017-03-08 06:38:00,5.067,27,2.2470452403848955
MID13,SID13,67,2017-03-08 06:38:00,5.700,29,2.278506255953749
MID12,SID12,67,2017-03-08 06:38:00,5.067,27,2.024117393800159
MID11,SID11,67,2017-03-08 06:38:00,6.333,28,2.106376001929888
MID99,SID99,67,2017-03-08 06:38:00,4.433,28,2.1387615929678185
MID10,SID10,67,2017-03-08 06:38:00,3.167,32,2.4409491717536365
MID98,SID98,67,2017-03-08 06:38:00,5.700,32,2.4023770986646675
MID97,SID97,67,2017-03-08 06:38:00,3.167,26,2.0767883640987326
MID96,SID96,67,2017-03-08 06:38:00,5.700,30,2.1934238315608274
MID95,SID95,67,2017-03-08 06:38:00,6.333,27,2.078948309327349
MID94,SID94,67,2017-03-08 06:38:00,6.333,32,2.268841249219245
MID92,SID92,67,2017-03-08 06:38:00,4.433,34,2.459319678313654
MID4,SID4,67,2017-03-08 06:38:00,3.167,28,2.2022443537919587
MID7,SID7,67,2017-03-08 06:38:00,6.333,29,2.3816609171257994
MID1,SID1,67,2017-03-08 06:38:00,4.433,34,2.461892080063035
MID2,SID2,67,2017-03-08 06:38:00,6.333,29,2.45491272987391
MID3,SID3,67,2017-03-08 06:38:00,5.700,34,2.2575820000152764
MID28,SID28,67,2017-03-08 06:38:00,4.433,25,2.381118531009042
MID27,SID27,67,2017-03-08 06:38:00,3.800,32,2.2834751007970433
MID26,SID26,67,2017-03-08 06:38:00,3.800,27,2.1821181081823853
MID8,SID8,67,2017-03-08 06:38:00,4.433,33,2.4145251049674887
MID25,SID25,67,2017-03-08 06:38:00,3.167,34,2.069680928043249
MID24,SID24,67,2017-03-08 06:38:00,3.167,29,2.0472804196518717
MID22,SID22,67,2017-03-08 06:38:00,4.433,28,2.3128863214684645
MID21,SID21,67,2017-03-08 06:38:00,3.800,33,2.1667705532012804
MID20,SID20,67,2017-03-08 06:38:00,4.433,28,2.005027284530078
MID79,SID79,67,2017-03-08 06:38:00,3.167,33,2.080191297780317
MID78,SID78,67,2017-03-08 06:38:00,5.067,25,2.1541985064526172
MID75,SID75,67,2017-03-08 06:38:00,4.433,29,2.1886775929419766
MID72,SID72,67,2017-03-08 06:38:00,6.333,26,2.4640623350506603
MID71,SID71,67,2017-03-08 06:38:00,3.800,26,2.3674699667225054
MID90,SID90,67,2017-03-08 06:38:00,5.067,30,2.2717688088350285
MID89,SID89,67,2017-03-08 06:38:00,6.333,34,2.3437725580207873
MID88,SID88,67,2017-03-08 06:38:00,5.067,26,2.185036491741067
MID86,SID86,67,2017-03-08 06:38:00,3.800,25,2.114727768030101
MID85,SID85,67,2017-03-08 06:38:00,6.333,28,2.1775272341361878
MID83,SID83,67,2017-03-08 06:38:00,3.800,32,2.439350317539711
MID82,SID82,67,2017-03-08 06:38:00,5.700,33,2.1161518967954716
MID81,SID81,67,2017-03-08 06:38:00,5.700,27,2.1368297841262263
MID80,SID80,67,2017-03-08 06:38:00,5.700,25,2.104719203077684
MID58,SID58,67,2017-03-08 06:38:00,3.800,26,2.3427694639238124
MID57,SID57,67,2017-03-08 06:38:00,6.333,31,2.1459399694574173
MID55,SID55,67,2017-03-08 06:38:00,5.067,34,2.020633451020102
MID54,SID54,67,2017-03-08 06:38:00,3.167,27,2.4446580628061705
MID53,SID53,67,2017-03-08 06:38:00,4.433,26,2.191795500534975
MID69,SID69,67,2017-03-08 06:38:00,6.333,26,2.083503081943957
MID68,SID68,67,2017-03-08 06:38:00,4.433,30,2.0108590456994246
MID67,SID67,67,2017-03-08 06:38:00,5.700,28,2.2803760511377025
MID66,SID66,67,2017-03-08 06:38:00,3.800,34,2.3083905655076187
MID65,SID65,67,2017-03-08 06:38:00,5.700,26,2.405017839695777
MID64,SID64,67,2017-03-08 06:38:00,5.067,29,2.0992273651212368
MID63,SID63,67,2017-03-08 06:38:00,3.800,30,2.043908626768705
MID61,SID61,67,2017-03-08 06:38:00,5.700,26,2.360867579293991
MID39,SID39,67,2017-03-08 06:38:00,5.067,29,2.149177363580342
MID38,SID38,67,2017-03-08 06:38:00,4.433,32,2.151124840696488
MID37,SID37,67,2017-03-08 06:38:00,5.067,34,2.3724705316430645
MID36,SID36,67,2017-03-08 06:38:00,5.700,33,2.3460653709970076
MID35,SID35,67,2017-03-08 06:38:00,5.700,32,2.407146112035718
MID34,SID34,67,2017-03-08 06:38:00,3.167,28,2.0626749661318393
MID33,SID33,67,2017-03-08 06:38:00,6.333,32,2.1002950739360364
MID32,SID32,67,2017-03-08 06:38:00,5.700,32,2.07807897924765
MID31,SID31,67,2017-03-08 06:38:00,3.167,30,2.0879151288026727
MID30,SID30,67,2017-03-08 06:38:00,4.433,25,2.45805156098122
MID49,SID49,67,2017-03-08 06:38:00,4.433,28,2.497405504044709
MID48,SID48,67,2017-03-08 06:38:00,5.700,26,2.431756498832439
MID47,SID47,67,2017-03-08 06:38:00,4.433,31,2.120878996600398
MID45,SID45,67,2017-03-08 06:38:00,4.433,27,2.387755288009252
MID44,SID44,67,2017-03-08 06:38:00,3.167,27,2.3457316143488383
MID42,SID42,67,2017-03-08 06:38:00,5.700,28,2.3466249205012906
MID41,SID41,67,2017-03-08 06:38:00,5.700,30,2.0774062638180957
MID40,SID40,67,2017-03-08 06:38:00,6.333,25,2.0806517073816115
MID19,SID19,67,2017-03-08 06:38:10,5.089,32,2.0038496677908526
MID18,SID18,67,2017-03-08 06:38:10,4.453,25,2.404738378053866
MID17,SID17,67,2017-03-08 06:38:10,5.089,28,2.344884695647589
MID15,SID15,67,2017-03-08 06:38:10,3.181,28,2.4044323020324248
MID14,SID14,67,2017-03-08 06:38:10,5.089,26,2.4243644683145127
MID13,SID13,67,2017-03-08 06:38:10,5.725,31,2.023348948218352
MID12,SID12,67,2017-03-08 06:38:10,5.089,32,2.1168006577478984
MID11,SID11,67,2017-03-08 06:38:10,6.361,30,2.3434961562444356
MID99,SID99,67,2017-03-08 06:38:10,4.453,27,2.10899177828098
MID10,SID10,67,2017-03-08 06:38:10,3.181,28,2.222562582979409
MID98,SID98,67,2017-03-08 06:38:10,5.725,33,2.3620560677261033
MID97,SID97,67,2017-03-08 06:38:10,3.181,29,2.0247675276233883
MID96,SID96,67,2017-03-08 06:38:10,5.725,34,2.449473055768135
MID95,SID95,67,2017-03-08 06:38:10,6.361,28,2.401914854739866
MID92,SID92,67,2017-03-08 06:38:10,4.453,30,2.070083861011513
MID4,SID4,67,2017-03-08 06:38:10,3.181,30,2.1046100357267887
MID7,SID7,67,2017-03-08 06:38:10,6.361,28,2.2354400719981475
MID1,SID1,67,2017-03-08 06:38:10,4.453,28,2.36929358401872
MID2,SID2,67,2017-03-08 06:38:10,6.361,31,2.0473381480516593
MID3,SID3,67,2017-03-08 06:38:10,5.725,30,2.2422158447858873
MID28,SID28,67,2017-03-08 06:38:10,4.453,33,2.096445516017883
MID26,SID26,67,2017-03-08 06:38:10,3.817,28,2.049628082491364
MID8,SID8,67,2017-03-08 06:38:10,4.453,27,2.476489666412297
MID25,SID25,67,2017-03-08 06:38:10,3.181,26,2.1084990790461853
MID24,SID24,67,2017-03-08 06:38:10,3.181,27,2.4757928908909532
MID22,SID22,67,2017-03-08 06:38:10,4.453,25,2.4090037199186636
MID21,SID21,67,2017-03-08 06:38:10,3.817,28,2.0903664594614444
MID20,SID20,67,2017-03-08 06:38:10,4.453,26,2.0672603347047414
MID79,SID79,67,2017-03-08 06:38:10,3.181,25,2.4343619777554504
MID78,SID78,67,2017-03-08 06:38:10,5.089,32,2.0530426017571535
MID75,SID75,67,2017-03-08 06:38:10,4.453,34,2.084327583665706
MID72,SID72,67,2017-03-08 06:38:10,6.361,27,2.2426273416680584
MID71,SID71,67,2017-03-08 06:38:10,3.817,27,2.2145240543883875
MID90,SID90,67,2017-03-08 06:38:10,5.089,32,2.2739138358702946
MID89,SID89,67,2017-03-08 06:38:10,6.361,28,2.126398621631335
MID88,SID88,67,2017-03-08 06:38:10,5.089,27,2.085000462613952
MID86,SID86,67,2017-03-08 06:38:10,3.817,29,2.342841778041202
MID85,SID85,67,2017-03-08 06:38:10,6.361,25,2.301833954396877
MID83,SID83,67,2017-03-08 06:38:10,3.817,32,2.453002734036615
MID82,SID82,67,2017-03-08 06:38:10,5.725,33,2.2294411441008406
MID81,SID81,67,2017-03-08 06:38:10,5.725,32,2.3832931268779576
MID80,SID80,67,2017-03-08 06:38:10,5.725,26,2.3773220042029397
MID58,SID58,67,2017-03-08 06:38:10,3.817,33,2.399662206404229
MID57,SID57,67,2017-03-08 06:38:10,6.361,26,2.1229816424799344
MID55,SID55,67,2017-03-08 06:38:10,5.089,34,2.1453531940477606
MID53,SID53,67,2017-03-08 06:38:10,4.453,26,2.465988987944705
MID69,SID69,67,2017-03-08 06:38:10,6.361,29,2.3839151556108473
MID68,SID68,67,2017-03-08 06:38:10,4.453,30,2.2494649557496773
MID67,SID67,67,2017-03-08 06:38:10,5.725,25,2.450973294601475
MID66,SID66,67,2017-03-08 06:38:10,3.817,26,2.192754949895213
MID65,SID65,67,2017-03-08 06:38:10,5.725,34,2.449731976247048
MID64,SID64,67,2017-03-08 06:38:10,5.089,34,2.193688663026124
MID63,SID63,67,2017-03-08 06:38:10,3.817,25,2.2317332059592867
MID61,SID61,67,2017-03-08 06:38:10,5.725,33,2.304067104353512
MID39,SID39,67,2017-03-08 06:38:10,5.089,29,2.213339484937496
MID38,SID38,67,2017-03-08 06:38:10,4.453,28,2.4537901251276173
MID37,SID37,67,2017-03-08 06:38:10,5.089,32,2.400282600708076
MID36,SID36,67,2017-03-08 06:38:10,5.725,28,2.4663041907139696
MID35,SID35,67,2017-03-08 06:38:10,5.725,29,2.08690724838047
MID34,SID34,67,2017-03-08 06:38:10,3.181,26,2.3424285071239495
MID33,SID33,67,2017-03-08 06:38:10,6.361,30,2.1941104772846916
MID32,SID32,67,2017-03-08 06:38:10,5.725,31,2.2224234282383613
MID31,SID31,67,2017-03-08 06:38:10,3.181,25,2.0104460789342236
MID30,SID30,67,2017-03-08 06:38:10,4.453,32,2.3885999659685746
MID49,SID49,67,2017-03-08 06:38:10,4.453,27,2.335507415453572
MID48,SID48,67,2017-03-08 06:38:10,5.725,31,2.3736047056747673
MID47,SID47,67,2017-03-08 06:38:10,4.453,34,2.011182663078694
MID45,SID45,67,2017-03-08 06:38:10,4.453,26,2.0443934498829455
MID44,SID44,67,2017-03-08 06:38:10,3.181,31,2.031828110355079
MID42,SID42,67,2017-03-08 06:38:10,5.725,29,2.4332837653661388
MID41,SID41,67,2017-03-08 06:38:10,5.725,25,2.145738577848908
MID19,SID19,67,2017-03-08 06:38:20,5.111,28,2.413637779929614
MID18,SID18,67,2017-03-08 06:38:20,4.472,30,2.316127913410182
MID17,SID17,67,2017-03-08 06:38:20,5.111,34,2.479631789811395
MID15,SID15,67,2017-03-08 06:38:20,3.194,27,2.4574533836306083
MID14,SID14,67,2017-03-08 06:38:20,5.111,31,2.4720532842322056
MID13,SID13,67,2017-03-08 06:38:20,5.750,29,2.0167145297682736
MID12,SID12,67,2017-03-08 06:38:20,5.111,30,2.0870736728963344
MID11,SID11,67,2017-03-08 06:38:20,6.389,28,2.2334392743539047
MID99,SID99,67,2017-03-08 06:38:20,4.472,29,2.4958707863128593
MID10,SID10,67,2017-03-08 06:38:20,3.194,31,2.388551059193636
MID98,SID98,67,2017-03-08 06:38:20,5.750,34,2.1474318312978355
MID97,SID97,67,2017-03-08 06:38:20,3.194,26,2.2791782669742955
MID96,SID96,67,2017-03-08 06:38:20,5.750,30,2.0099136927684693
MID95,SID95,67,2017-03-08 06:38:20,6.389,29,2.3071803556621098
MID92,SID92,67,2017-03-08 06:38:20,4.472,26,2.221893312697928
MID4,SID4,67,2017-03-08 06:38:20,3.194,32,2.3331082636201743
MID7,SID7,67,2017-03-08 06:38:20,6.389,33,2.262484825883366
MID1,SID1,67,2017-03-08 06:38:20,4.472,26,2.458175947475181
MID2,SID2,67,2017-03-08 06:38:20,6.389,31,2.0498530674342907
MID3,SID3,67,2017-03-08 06:38:20,5.750,33,2.073694841787424
MID28,SID28,67,2017-03-08 06:38:20,4.472,29,2.3315223049966765
MID26,SID26,67,2017-03-08 06:38:20,3.833,33,2.3406133835380736
MID8,SID8,67,2017-03-08 06:38:20,4.472,31,2.0280483756716894
MID25,SID25,67,2017-03-08 06:38:20,3.194,25,2.2375748745236064
MID24,SID24,67,2017-03-08 06:38:20,3.194,33,2.37901377424779
MID22,SID22,67,2017-03-08 06:38:20,4.472,29,2.2793036795426076
MID21,SID21,67,2017-03-08 06:38:20,3.833,33,2.0672503065462386
MID20,SID20,67,2017-03-08 06:38:20,4.472,33,2.042001199655337
MID79,SID79,67,2017-03-08 06:38:20,3.194,28,2.033182837707821
MID78,SID78,67,2017-03-08 06:38:20,5.111,27,2.206083396981403
MID75,SID75,67,2017-03-08 06:38:20,4.472,34,2.1388011660742627
MID72,SID72,67,2017-03-08 06:38:20,6.389,30,2.2962958058856016
MID71,SID71,67,2017-03-08 06:38:20,3.833,31,2.1005979352257356
MID90,SID90,67,2017-03-08 06:38:20,5.111,28,2.2066768438967626
MID89,SID89,67,2017-03-08 06:38:20,6.389,30,2.0561361388401083
MID88,SID88,67,2017-03-08 06:38:20,5.111,27,2.2643582773951576
MID86,SID86,67,2017-03-08 06:38:20,3.833,27,2.1086273664416755
MID85,SID85,67,2017-03-08 06:38:20,6.389,26,2.488928861748124
MID83,SID83,67,2017-03-08 06:38:20,3.833,28,2.3331673320515036
MID82,SID82,67,2017-03-08 06:38:20,5.750,27,2.25673896968015
MID81,SID81,67,2017-03-08 06:38:20,5.750,29,2.128018299593207
MID80,SID80,67,2017-03-08 06:38:20,5.750,33,2.3183846145796254
MID58,SID58,67,2017-03-08 06:38:20,3.833,31,2.1242366685102665
MID57,SID57,67,2017-03-08 06:38:20,6.389,28,2.435101065680188
MID55,SID55,67,2017-03-08 06:38:20,5.111,26,2.3969516620755362
MID53,SID53,67,2017-03-08 06:38:20,4.472,34,2.063718829130526
MID69,SID69,67,2017-03-08 06:38:20,6.389,34,2.18833852480012
MID68,SID68,67,2017-03-08 06:38:20,4.472,32,2.246993969001947
MID67,SID67,67,2017-03-08 06:38:20,5.750,25,2.217840443238118
MID66,SID66,67,2017-03-08 06:38:20,3.833,27,2.1097562984557627
MID65,SID65,67,2017-03-08 06:38:20,5.750,33,2.1695079842866285
MID64,SID64,67,2017-03-08 06:38:20,5.111,26,2.316408571198897
MID63,SID63,67,2017-03-08 06:38:20,3.833,26,2.3496106002422126
MID61,SID61,67,2017-03-08 06:38:20,5.750,26,2.1383958834089705
MID39,SID39,67,2017-03-08 06:38:20,5.111,27,2.275299309507099
MID38,SID38,67,2017-03-08 06:38:20,4.472,32,2.296272706997145
MID37,SID37,67,2017-03-08 06:38:20,5.111,29,2.0350234748422666
MID36,SID36,67,2017-03-08 06:38:20,5.750,34,2.1742245076154902
MID35,SID35,67,2017-03-08 06:38:20,5.750,33,2.064496667517555
MID34,SID34,67,2017-03-08 06:38:20,3.194,34,2.3305810179426745
MID33,SID33,67,2017-03-08 06:38:20,6.389,30,2.1633430116500048
MID32,SID32,67,2017-03-08 06:38:20,5.750,29,2.2230661606633615
MID31,SID31,67,2017-03-08 06:38:20,3.194,31,2.466333611513842
MID30,SID30,67,2017-03-08 06:38:20,4.472,32,2.489589624192102
MID49,SID49,67,2017-03-08 06:38:20,4.472,28,2.2441253540489114
MID48,SID48,67,2017-03-08 06:38:20,5.750,26,2.008574434170508
MID47,SID47,67,2017-03-08 06:38:20,4.472,25,2.1358202319454396
MID45,SID45,67,2017-03-08 06:38:20,4.472,29,2.0991069220695935
MID44,SID44,67,2017-03-08 06:38:20,3.194,28,2.0090425650409127
MID42,SID42,67,2017-03-08 06:38:20,5.750,27,2.3569330255652927
MID41,SID41,67,2017-03-08 06:38:20,5.750,31,2.30560169203027
MID19,SID19,67,2017-03-08 06:38:30,5.133,29,2.1781198011737217
MID18,SID18,67,2017-03-08 06:38:30,4.492,28,2.19153322497856
MID17,SID17,67,2017-03-08 06:38:30,5.133,32,2.3100327856866185
MID15,SID15,67,2017-03-08 06:38:30,3.208,32,2.293006669281084
MID14,SID14,67,2017-03-08 06:38:30,5.133,30,2.3383937923531644
MID13,SID13,67,2017-03-08 06:38:30,5.775,27,2.387754267695675
MID12,SID12,67,2017-03-08 06:38:30,5.133,34,2.1464938449125994
MID11,SID11,67,2017-03-08 06:38:30,6.417,33,2.107515175469771
MID99,SID99,67,2017-03-08 06:38:30,4.492,33,2.34668766880325
MID10,SID10,67,2017-03-08 06:38:30,3.208,32,2.052298356781546
MID98,SID98,67,2017-03-08 06:38:30,5.775,31,2.2623836032767035
MID97,SID97,67,2017-03-08 06:38:30,3.208,26,2.1749291892906277
MID96,SID96,67,2017-03-08 06:38:30,5.775,25,2.3778264353531204
MID95,SID95,67,2017-03-08 06:38:30,6.417,33,2.1376522992675513
MID92,SID92,67,2017-03-08 06:38:30,4.492,31,2.3418624478858128
MID4,SID4,67,2017-03-08 06:38:30,3.208,26,2.008708377807746
MID7,SID7,67,2017-03-08 06:38:30,6.417,33,2.2031412374469426
MID1,SID1,67,2017-03-08 06:38:30,4.492,26,2.2066581179836477
MID2,SID2,67,2017-03-08 06:38:30,6.417,28,2.2431355353129745
MID3,SID3,67,2017-03-08 06:38:30,5.775,26,2.1777584640131336
MID28,SID28,67,2017-03-08 06:38:30,4.492,25,2.2805632326494156
MID26,SID26,67,2017-03-08 06:38:30,3.850,31,2.406376485004391
MID8,SID8,67,2017-03-08 06:38:30,4.492,26,2.0412794883540197
MID25,SID25,67,2017-03-08 06:38:30,3.208,28,2.444820817338916
MID24,SID24,67,2017-03-08 06:38:30,3.208,31,2.135986931508678
MID22,SID22,67,2017-03-08 06:38:30,4.492,26,2.0441957835472753
MID21,SID21,67,2017-03-08 06:38:30,3.850,29,2.1618979988450224
MID20,SID20,67,2017-03-08 06:38:30,4.492,25,2.0776696149459664
MID79,SID79,67,2017-03-08 06:38:30,3.208,33,2.120986043428185
MID78,SID78,67,2017-03-08 06:38:30,5.133,30,2.4122954332119053
MID75,SID75,67,2017-03-08 06:38:30,4.492,29,2.0496154476625885
MID72,SID72,67,2017-03-08 06:38:30,6.417,29,2.191847630830404
MID71,SID71,67,2017-03-08 06:38:30,3.850,31,2.061988479288207
MID90,SID90,67,2017-03-08 06:38:30,5.133,28,2.3458474852244184
MID89,SID89,67,2017-03-08 06:38:30,6.417,32,2.3221897569833247
MID88,SID88,67,2017-03-08 06:38:30,5.133,30,2.385259182467448
MID86,SID86,67,2017-03-08 06:38:30,3.850,31,2.2971600958336698
MID85,SID85,67,2017-03-08 06:38:30,6.417,29,2.323641047141014
MID83,SID83,67,2017-03-08 06:38:30,3.850,31,2.3086607721923653
MID82,SID82,67,2017-03-08 06:38:30,5.775,26,2.058156174047094
MID81,SID81,67,2017-03-08 06:38:30,5.775,32,2.038916591806929
MID80,SID80,67,2017-03-08 06:38:30,5.775,27,2.089854997274413
MID58,SID58,67,2017-03-08 06:38:30,3.850,29,2.23294728694073
MID57,SID57,67,2017-03-08 06:38:30,6.417,34,2.2435664349082605
MID55,SID55,67,2017-03-08 06:38:30,5.133,30,2.0185461184171265
MID53,SID53,67,2017-03-08 06:38:30,4.492,32,2.2920810928596405
MID69,SID69,67,2017-03-08 06:38:30,6.417,33,2.370937886068108
MID68,SID68,67,2017-03-08 06:38:30,4.492,32,2.142214880190738
MID67,SID67,67,2017-03-08 06:38:30,5.775,30,2.2091059118512066
MID66,SID66,67,2017-03-08 06:38:30,3.850,30,2.445538537184827
MID65,SID65,67,2017-03-08 06:38:30,5.775,25,2.3578969700923986
MID64,SID64,67,2017-03-08 06:38:30,5.133,33,2.4658922891952977
MID63,SID63,67,2017-03-08 06:38:30,3.850,27,2.2021395162851394
MID61,SID61,67,2017-03-08 06:38:30,5.775,30,2.140856873471347
MID39,SID39,67,2017-03-08 06:38:30,5.133,30,2.184302656766709
MID38,SID38,67,2017-03-08 06:38:30,4.492,27,2.4293049659220163
MID37,SID37,67,2017-03-08 06:38:30,5.133,34,2.0878732330142946
MID36,SID36,67,2017-03-08 06:38:30,5.775,26,2.2082410819475515
MID35,SID35,67,2017-03-08 06:38:30,5.775,28,2.3519625622196365
MID34,SID34,67,2017-03-08 06:38:30,3.208,29,2.406402687643399
MID33,SID33,67,2017-03-08 06:38:30,6.417,28,2.0918560259095793
MID32,SID32,67,2017-03-08 06:38:30,5.775,28,2.031121959896002
MID31,SID31,67,2017-03-08 06:38:30,3.208,25,2.476525418669618
MID30,SID30,67,2017-03-08 06:38:30,4.492,34,2.4922109678854376
MID49,SID49,67,2017-03-08 06:38:30,4.492,30,2.412580986632583
MID48,SID48,67,2017-03-08 06:38:30,5.775,34,2.101317151280253
MID47,SID47,67,2017-03-08 06:38:30,4.492,30,2.374960062760256
MID45,SID45,67,2017-03-08 06:38:30,4.492,32,2.482450018068026
MID44,SID44,67,2017-03-08 06:38:30,3.208,31,2.451981111886146
MID42,SID42,67,2017-03-08 06:38:30,5.775,30,2.1333158015499603
MID41,SID41,67,2017-03-08 06:38:30,5.775,31,2.4388916211078824
MID19,SID19,67,2017-03-08 06:38:40,5.156,31,2.1131580350145733
MID18,SID18,67,2017-03-08 06:38:40,4.511,30,2.1102092944167876
MID17,SID17,67,2017-03-08 06:38:40,5.156,27,2.1808957103026474
MID15,SID15,67,2017-03-08 06:38:40,3.222,27,2.1326187877645433
MID14,SID14,67,2017-03-08 06:38:40,5.156,33,2.3392384427985204
MID13,SID13,67,2017-03-08 06:38:40,5.800,26,2.0449151904942138
MID12,SID12,67,2017-03-08 06:38:40,5.156,30,2.11817283409061
MID11,SID11,67,2017-03-08 06:38:40,6.444,27,2.497980644056958
MID99,SID99,67,2017-03-08 06:38:40,4.511,27,2.3633187844559007
MID10,SID10,67,2017-03-08 06:38:40,3.222,32,2.1507557640574353
MID98,SID98,67,2017-03-08 06:38:40,5.800,28,2.0546149613935665
MID97,SID97,67,2017-03-08 06:38:40,3.222,30,2.3206310498960097
MID96,SID96,67,2017-03-08 06:38:40,5.800,31,2.4172346883173685
MID95,SID95,67,2017-03-08 06:38:40,6.444,27,2.200423018548122
MID92,SID92,67,2017-03-08 06:38:40,4.511,29,2.2447292101241847
MID4,SID4,67,2017-03-08 06:38:40,3.222,25,2.2564002428194994
MID7,SID7,67,2017-03-08 06:38:40,6.444,31,2.2863246180589623
MID1,SID1,67,2017-03-08 06:38:40,4.511,34,2.462219818226242
MID2,SID2,67,2017-03-08 06:38:40,6.444,26,2.460196481177748
MID3,SID3,67,2017-03-08 06:38:40,5.800,32,2.318935809888225
MID28,SID28,67,2017-03-08 06:38:40,4.511,30,2.4928670546124
MID26,SID26,67,2017-03-08 06:38:40,3.867,29,2.2786568373070097
MID8,SID8,67,2017-03-08 06:38:40,4.511,26,2.109538774552992
MID25,SID25,67,2017-03-08 06:38:40,3.222,31,2.0335032379039073
MID24,SID24,67,2017-03-08 06:38:40,3.222,25,2.3978341515838357
MID22,SID22,67,2017-03-08 06:38:40,4.511,26,2.433420134734683
MID21,SID21,67,2017-03-08 06:38:40,3.867,26,2.309963823430644
MID20,SID20,67,2017-03-08 06:38:40,4.511,26,2.001459590963225
MID79,SID79,67,2017-03-08 06:38:40,3.222,29,2.3491024274494583
MID78,SID78,67,2017-03-08 06:38:40,5.156,25,2.1918517821342345
MID75,SID75,67,2017-03-08 06:38:40,4.511,29,2.4266965978935993
MID72,SID72,67,2017-03-08 06:38:40,6.444,27,2.22689008654034
MID71,SID71,67,2017-03-08 06:38:40,3.867,31,2.2577962968232477
MID90,SID90,67,2017-03-08 06:38:40,5.156,27,2.00475770448123
MID89,SID89,67,2017-03-08 06:38:40,6.444,28,2.0511168107513758
MID88,SID88,67,2017-03-08 06:38:40,5.156,29,2.2122406667947283
MID86,SID86,67,2017-03-08 06:38:40,3.867,34,2.285204132674436
MID85,SID85,67,2017-03-08 06:38:40,6.444,29,2.2578383115568887
MID83,SID83,67,2017-03-08 06:38:40,3.867,31,2.4553151864000284
MID82,SID82,67,2017-03-08 06:38:40,5.800,31,2.252033717291102
MID81,SID81,67,2017-03-08 06:38:40,5.800,28,2.431257090137343
MID80,SID80,67,2017-03-08 06:38:40,5.800,31,2.124606819242282
MID58,SID58,67,2017-03-08 06:38:40,3.867,28,2.4010977192408185
MID57,SID57,67,2017-03-08 06:38:40,6.444,31,2.3333294468096697
MID55,SID55,67,2017-03-08 06:38:40,5.156,26,2.4239476615232043
MID53,SID53,67,2017-03-08 06:38:40,4.511,30,2.2290996868360082
MID69,SID69,67,2017-03-08 06:38:40,6.444,25,2.1585900554833586
MID68,SID68,67,2017-03-08 06:38:40,4.511,31,2.4377769974179184
MID67,SID67,67,2017-03-08 06:38:40,5.800,32,2.197920625382009
MID66,SID66,67,2017-03-08 06:38:40,3.867,30,2.117190901489237
MID65,SID65,67,2017-03-08 06:38:40,5.800,32,2.3223651814319144
MID64,SID64,67,2017-03-08 06:38:40,5.156,32,2.2301143405727175
MID63,SID63,67,2017-03-08 06:38:40,3.867,31,2.0069749412244455
MID61,SID61,67,2017-03-08 06:38:40,5.800,34,2.36019702829911
MID39,SID39,67,2017-03-08 06:38:40,5.156,30,2.3211371622527905
MID38,SID38,67,2017-03-08 06:38:40,4.511,30,2.2231617230946235
MID37,SID37,67,2017-03-08 06:38:40,5.156,27,2.182518252719382
MID36,SID36,67,2017-03-08 06:38:40,5.800,26,2.019987357144961
MID35,SID35,67,2017-03-08 06:38:40,5.800,30,2.105070430400552
MID34,SID34,67,2017-03-08 06:38:40,3.222,28,2.497824773333459
MID33,SID33,67,2017-03-08 06:38:40,6.444,27,2.1785242137423046
MID32,SID32,67,2017-03-08 06:38:40,5.800,34,2.1828233680251583
MID31,SID31,67,2017-03-08 06:38:40,3.222,27,2.135603019124206
MID30,SID30,67,2017-03-08 06:38:40,4.511,33,2.4520859021116683
MID49,SID49,67,2017-03-08 06:38:40,4.511,29,2.2263465298059275
MID48,SID48,67,2017-03-08 06:38:40,5.800,26,2.428237372615145
MID47,SID47,67,2017-03-08 06:38:40,4.511,34,2.356255399081067
MID45,SID45,67,2017-03-08 06:38:40,4.511,33,2.022305072005684
MID44,SID44,67,2017-03-08 06:38:40,3.222,31,2.207121458490642
MID42,SID42,67,2017-03-08 06:38:40,5.800,32,2.047455569491893
MID41,SID41,67,2017-03-08 06:38:40,5.800,34,2.3250742352197498
MID19,SID19,67,2017-03-08 06:38:50,5.178,28,2.1924134994400846
MID18,SID18,67,2017-03-08 06:38:50,4.531,26,2.3110337064246145
MID17,SID17,67,2017-03-08 06:38:50,5.178,26,2.436835384774729
MID15,SID15,67,2017-03-08 06:38:50,3.236,25,2.4692180151930767
MID14,SID14,67,2017-03-08 06:38:50,5.178,27,2.186507844715355
MID13,SID13,67,2017-03-08 06:38:50,5.825,31,2.4158691429610886
MID12,SID12,67,2017-03-08 06:38:50,5.178,28,2.160619387560299
MID11,SID11,67,2017-03-08 06:38:50,6.472,29,2.4935865757388087
MID99,SID99,67,2017-03-08 06:38:50,4.531,28,2.0942528643860103
MID10,SID10,67,2017-03-08 06:38:50,3.236,34,2.3617998065093273
MID98,SID98,67,2017-03-08 06:38:50,5.825,29,2.125394323319588
MID97,SID97,67,2017-03-08 06:38:50,3.236,32,2.4632350896475668
MID96,SID96,67,2017-03-08 06:38:50,5.825,26,2.059224276612364
MID95,SID95,67,2017-03-08 06:38:50,6.472,33,2.2741421183718526
MID92,SID92,67,2017-03-08 06:38:50,4.531,31,2.021674121292278
MID4,SID4,67,2017-03-08 06:38:50,3.236,25,2.386924957504351
MID7,SID7,67,2017-03-08 06:38:50,6.472,26,2.1592182592702303
MID1,SID1,67,2017-03-08 06:38:50,4.531,32,2.1154194010997993
MID2,SID2,67,2017-03-08 06:38:50,6.472,31,2.053690290535915
MID3,SID3,67,2017-03-08 06:38:50,5.825,30,2.4273690605535116
MID28,SID28,67,2017-03-08 06:38:50,4.531,32,2.1475621353628607
MID26,SID26,67,2017-03-08 06:38:50,3.883,30,2.062058510098166
MID8,SID8,67,2017-03-08 06:38:50,4.531,33,2.4575208998229625
MID25,SID25,67,2017-03-08 06:38:50,3.236,32,2.0456915664249955
MID24,SID24,67,2017-03-08 06:38:50,3.236,28,2.3145985297021885
MID22,SID22,67,2017-03-08 06:38:50,4.531,25,2.472558343901867
MID21,SID21,67,2017-03-08 06:38:50,3.883,34,2.1945081899787775
MID20,SID20,67,2017-03-08 06:38:50,4.531,34,2.4768658264174994
MID79,SID79,67,2017-03-08 06:38:50,3.236,26,2.296173925190356
MID78,SID78,67,2017-03-08 06:38:50,5.178,28,2.484787609591164
MID75,SID75,67,2017-03-08 06:38:50,4.531,34,2.1646257150036066
MID72,SID72,67,2017-03-08 06:38:50,6.472,28,2.2205067362791575
MID71,SID71,67,2017-03-08 06:38:50,3.883,27,2.2540774764170455
MID90,SID90,67,2017-03-08 06:38:50,5.178,34,2.2336527025695014
MID89,SID89,67,2017-03-08 06:38:50,6.472,30,2.2069748670460787
MID88,SID88,67,2017-03-08 06:38:50,5.178,25,2.3153474190824506
MID86,SID86,67,2017-03-08 06:38:50,3.883,27,2.4768747463286966
MID85,SID85,67,2017-03-08 06:38:50,6.472,33,2.1484807220652047
MID83,SID83,67,2017-03-08 06:38:50,3.883,30,2.097815188675692
MID82,SID82,67,2017-03-08 06:38:50,5.825,34,2.2672299730237437
MID81,SID81,67,2017-03-08 06:38:50,5.825,27,2.093161373065068
MID80,SID80,67,2017-03-08 06:38:50,5.825,25,2.2302015371016655
MID58,SID58,67,2017-03-08 06:38:50,3.883,32,2.090501668243351
MID57,SID57,67,2017-03-08 06:38:50,6.472,27,2.1321980568099854
MID55,SID55,67,2017-03-08 06:38:50,5.178,27,2.2772700845894027
MID53,SID53,67,2017-03-08 06:38:50,4.531,29,2.1307468357715313
MID69,SID69,67,2017-03-08 06:38:50,6.472,33,2.17539729874003
MID68,SID68,67,2017-03-08 06:38:50,4.531,26,2.445977793806571
MID67,SID67,67,2017-03-08 06:38:50,5.825,26,2.100074157629134
MID66,SID66,67,2017-03-08 06:38:50,3.883,34,2.0526192505296725
MID65,SID65,67,2017-03-08 06:38:50,5.825,33,2.133406560049653
MID64,SID64,67,2017-03-08 06:38:50,5.178,32,2.2198812763827234
MID63,SID63,67,2017-03-08 06:38:50,3.883,33,2.043082249710373
MID61,SID61,67,2017-03-08 06:38:50,5.825,28,2.2460356115821023
MID39,SID39,67,2017-03-08 06:38:50,5.178,29,2.338585120592877
MID38,SID38,67,2017-03-08 06:38:50,4.531,34,2.1117014584693634
MID37,SID37,67,2017-03-08 06:38:50,5.178,31,2.2819351591437833
MID36,SID36,67,2017-03-08 06:38:50,5.825,32,2.016449469167969
MID35,SID35,67,2017-03-08 06:38:50,5.825,27,2.286760932610433
MID34,SID34,67,2017-03-08 06:38:50,3.236,34,2.0698746704520543
MID33,SID33,67,2017-03-08 06:38:50,6.472,34,2.119161146729584
MID32,SID32,67,2017-03-08 06:38:50,5.825,29,2.483265885892325
MID31,SID31,67,2017-03-08 06:38:50,3.236,32,2.1647642932461624
MID30,SID30,67,2017-03-08 06:38:50,4.531,26,2.3897186877248826
MID49,SID49,67,2017-03-08 06:38:50,4.531,29,2.4159834796933572
MID48,SID48,67,2017-03-08 06:38:50,5.825,28,2.044803647289446
MID47,SID47,67,2017-03-08 06:38:50,4.531,34,2.2445679727247847
MID45,SID45,67,2017-03-08 06:38:50,4.531,25,2.019020547319369
MID44,SID44,67,2017-03-08 06:38:50,3.236,26,2.32132711684696
MID42,SID42,67,2017-03-08 06:38:50,5.825,27,2.4903634048397896
MID41,SID41,67,2017-03-08 06:38:50,5.825,30,2.3580201286563076
MID19,SID19,67,2017-03-08 06:39:00,5.200,34,2.3760171864411124
MID18,SID18,67,2017-03-08 06:39:00,4.550,25,2.2061788480876126
MID17,SID17,67,2017-03-08 06:39:00,5.200,30,2.1113681731064817
MID15,SID15,67,2017-03-08 06:39:00,3.250,34,2.1028883765298096
MID14,SID14,67,2017-03-08 06:39:00,5.200,33,2.448376159028491
MID13,SID13,67,2017-03-08 06:39:00,5.850,27,2.170815040403676
MID12,SID12,67,2017-03-08 06:39:00,5.200,30,2.232916562586073
MID11,SID11,67,2017-03-08 06:39:00,6.500,29,2.2735126917394113
MID99,SID99,67,2017-03-08 06:39:00,4.550,34,2.1099418040772533
MID10,SID10,67,2017-03-08 06:39:00,3.250,31,2.174053862546427
MID98,SID98,67,2017-03-08 06:39:00,5.850,32,2.24764785944196
MID97,SID97,67,2017-03-08 06:39:00,3.250,33,2.1784298871382535
MID96,SID96,67,2017-03-08 06:39:00,5.850,32,2.4636570738800465
MID95,SID95,67,2017-03-08 06:39:00,6.500,30,2.487484980576317
MID92,SID92,67,2017-03-08 06:39:00,4.550,28,2.488432530422653
MID4,SID4,67,2017-03-08 06:39:00,3.250,29,2.362657523553873
MID7,SID7,67,2017-03-08 06:39:00,6.500,34,2.115037767333751
MID1,SID1,67,2017-03-08 06:39:00,4.550,28,2.4432340410946556
MID2,SID2,67,2017-03-08 06:39:00,6.500,33,2.0715164460329403
MID3,SID3,67,2017-03-08 06:39:00,5.850,32,2.03257288898084
MID28,SID28,67,2017-03-08 06:39:00,4.550,31,2.3257704305193876
MID26,SID26,67,2017-03-08 06:39:00,3.900,26,2.325168834342934
MID8,SID8,67,2017-03-08 06:39:00,4.550,28,2.4476144372404924
MID25,SID25,67,2017-03-08 06:39:00,3.250,28,2.101420461401388
MID24,SID24,67,2017-03-08 06:39:00,3.250,28,2.046912619135263
MID22,SID22,67,2017-03-08 06:39:00,4.550,34,2.389675514666873
MID21,SID21,67,2017-03-08 06:39:00,3.900,26,2.025804748348801
MID20,SID20,67,2017-03-08 06:39:00,4.550,25,2.1602460511334804
MID79,SID79,67,2017-03-08 06:39:00,3.250,25,2.147068776096427
MID78,SID78,67,2017-03-08 06:39:00,5.200,33,2.115485437664314
MID75,SID75,67,2017-03-08 06:39:00,4.550,25,2.4278802374494273
MID72,SID72,67,2017-03-08 06:39:00,6.500,31,2.3861247076411205
MID71,SID71,67,2017-03-08 06:39:00,3.900,30,2.4153283269778267
MID90,SID90,67,2017-03-08 06:39:00,5.200,29,2.0727089679942434
MID89,SID89,67,2017-03-08 06:39:00,6.500,27,2.330864940853131
MID88,SID88,67,2017-03-08 06:39:00,5.200,34,2.174206069565838
MID86,SID86,67,2017-03-08 06:39:00,3.900,25,2.393084711418776
MID85,SID85,67,2017-03-08 06:39:00,6.500,28,2.0393059276864167
MID83,SID83,67,2017-03-08 06:39:00,3.900,26,2.4530568106285884
MID82,SID82,67,2017-03-08 06:39:00,5.850,31,2.1255393008247405
MID81,SID81,67,2017-03-08 06:39:00,5.850,28,2.061603018200008
MID80,SID80,67,2017-03-08 06:39:00,5.850,26,2.059830947408308
MID58,SID58,67,2017-03-08 06:39:00,3.900,28,2.245064437910854
MID57,SID57,67,2017-03-08 06:39:00,6.500,29,2.4659484854093994
MID55,SID55,67,2017-03-08 06:39:00,5.200,31,2.0550834769590733
MID53,SID53,67,2017-03-08 06:39:00,4.550,28,2.0896144738290285
MID69,SID69,67,2017-03-08 06:39:00,6.500,27,2.068160649087589
MID68,SID68,67,2017-03-08 06:39:00,4.550,30,2.4935496116436084
MID67,SID67,67,2017-03-08 06:39:00,5.850,30,2.1353277233948926
MID66,SID66,67,2017-03-08 06:39:00,3.900,31,2.2202296383307
MID65,SID65,67,2017-03-08 06:39:00,5.850,33,2.203075139288454
MID64,SID64,67,2017-03-08 06:39:00,5.200,27,2.4003457399463257
MID63,SID63,67,2017-03-08 06:39:00,3.900,33,2.227238911555014
MID61,SID61,67,2017-03-08 06:39:00,5.850,31,2.3802874778065743
MID39,SID39,67,2017-03-08 06:39:00,5.200,32,2.184501789979294
MID38,SID38,67,2017-03-08 06:39:00,4.550,25,2.226874343609927
MID37,SID37,67,2017-03-08 06:39:00,5.200,33,2.1657769135163494
MID36,SID36,67,2017-03-08 06:39:00,5.850,29,2.066259809333353
MID35,SID35,67,2017-03-08 06:39:00,5.850,29,2.39023137687662
MID34,SID34,67,2017-03-08 06:39:00,3.250,25,2.401181338213721
MID33,SID33,67,2017-03-08 06:39:00,6.500,28,2.159414133274714
MID32,SID32,67,2017-03-08 06:39:00,5.850,30,2.1357161281687382
MID31,SID31,67,2017-03-08 06:39:00,3.250,32,2.093116730438525
MID30,SID30,67,2017-03-08 06:39:00,4.550,33,2.1146889932831088
MID49,SID49,67,2017-03-08 06:39:00,4.550,34,2.060702433821804
MID48,SID48,67,2017-03-08 06:39:00,5.850,34,2.3069765240767306
MID47,SID47,67,2017-03-08 06:39:00,4.550,32,2.106981732921504
MID45,SID45,67,2017-03-08 06:39:00,4.550,25,2.3433836405572173
MID44,SID44,67,2017-03-08 06:39:00,3.250,34,2.454858480716617
MID42,SID42,67,2017-03-08 06:39:00,5.850,34,2.169464848077464
MID41,SID41,67,2017-03-08 06:39:00,5.850,33,2.084556648018184
MID19,SID19,67,2017-03-08 06:39:10,5.222,32,2.113843035924522
MID18,SID18,67,2017-03-08 06:39:10,4.569,29,2.1767134907009007
MID17,SID17,67,2017-03-08 06:39:10,5.222,31,2.1168645881662584
MID15,SID15,67,2017-03-08 06:39:10,3.264,30,2.2091237256272205
MID14,SID14,67,2017-03-08 06:39:10,5.222,33,2.4650596275732917
MID13,SID13,67,2017-03-08 06:39:10,5.875,29,2.346778402708191
MID12,SID12,67,2017-03-08 06:39:10,5.222,27,2.4511226386494513
MID11,SID11,67,2017-03-08 06:39:10,6.528,32,2.0801453276885105
MID10,SID10,67,2017-03-08 06:39:10,3.264,28,2.433012138966427
MID98,SID98,67,2017-03-08 06:39:10,5.875,31,2.35691953451211
MID97,SID97,67,2017-03-08 06:39:10,3.264,34,2.4530940040054117
MID96,SID96,67,2017-03-08 06:39:10,5.875,32,2.2721055892615736
MID95,SID95,67,2017-03-08 06:39:10,6.528,26,2.2976032041387735
MID92,SID92,67,2017-03-08 06:39:10,4.569,32,2.410870972832392
MID4,SID4,67,2017-03-08 06:39:10,3.264,34,2.30966184824639
MID7,SID7,67,2017-03-08 06:39:10,6.528,31,2.4729207057627716
MID1,SID1,67,2017-03-08 06:39:10,4.569,27,2.365484293989138
MID2,SID2,67,2017-03-08 06:39:10,6.528,27,2.2374095416635464
MID3,SID3,67,2017-03-08 06:39:10,5.875,33,2.407816335410869
MID28,SID28,67,2017-03-08 06:39:10,4.569,29,2.22407214337185
MID26,SID26,67,2017-03-08 06:39:10,3.917,31,2.3598615120093527
MID8,SID8,67,2017-03-08 06:39:10,4.569,29,2.4365205931782263
MID25,SID25,67,2017-03-08 06:39:10,3.264,29,2.4249270788068986
MID24,SID24,67,2017-03-08 06:39:10,3.264,28,2.1386396211358463
MID22,SID22,67,2017-03-08 06:39:10,4.569,30,2.2735551541638315
MID21,SID21,67,2017-03-08 06:39:10,3.917,31,2.4431717724485464
MID20,SID20,67,2017-03-08 06:39:10,4.569,27,2.003561018522857
MID79,SID79,67,2017-03-08 06:39:10,3.264,32,2.0176991208536905
MID78,SID78,67,2017-03-08 06:39:10,5.222,27,2.128928868892651
MID75,SID75,67,2017-03-08 06:39:10,4.569,30,2.380053574321466
MID72,SID72,67,2017-03-08 06:39:10,6.528,25,2.141808519531741
MID71,SID71,67,2017-03-08 06:39:10,3.917,34,2.389665888222579
MID90,SID90,67,2017-03-08 06:39:10,5.222,30,2.0655437862520776
MID89,SID89,67,2017-03-08 06:39:10,6.528,31,2.3985508125834896
MID88,SID88,67,2017-03-08 06:39:10,5.222,34,2.2978252275107893
MID86,SID86,67,2017-03-08 06:39:10,3.917,32,2.2807938959338054
MID83,SID83,67,2017-03-08 06:39:10,3.917,25,2.097361062827244
MID82,SID82,67,2017-03-08 06:39:10,5.875,33,2.01103059853947
MID80,SID80,67,2017-03-08 06:39:10,5.875,34,2.2207002564256433
MID58,SID58,67,2017-03-08 06:39:10,3.917,27,2.1753478400188024
MID57,SID57,67,2017-03-08 06:39:10,6.528,32,2.101756663929284
MID55,SID55,67,2017-03-08 06:39:10,5.222,31,2.308413801787227
MID53,SID53,67,2017-03-08 06:39:10,4.569,34,2.2391939446889917
MID69,SID69,67,2017-03-08 06:39:10,6.528,33,2.330063015670297
MID68,SID68,67,2017-03-08 06:39:10,4.569,30,2.0461394289604717
MID67,SID67,67,2017-03-08 06:39:10,5.875,26,2.089422765869787
MID66,SID66,67,2017-03-08 06:39:10,3.917,32,2.4276618538782104
MID65,SID65,67,2017-03-08 06:39:10,5.875,26,2.033048287810895
MID64,SID64,67,2017-03-08 06:39:10,5.222,27,2.0590028989446387
MID63,SID63,67,2017-03-08 06:39:10,3.917,29,2.0431646102898307
MID61,SID61,67,2017-03-08 06:39:10,5.875,33,2.1739192183219984
MID39,SID39,67,2017-03-08 06:39:10,5.222,26,2.199445393461066
MID38,SID38,67,2017-03-08 06:39:10,4.569,34,2.2713642172348325
MID37,SID37,67,2017-03-08 06:39:10,5.222,26,2.0937531545523544
MID36,SID36,67,2017-03-08 06:39:10,5.875,29,2.081869878344483
MID35,SID35,67,2017-03-08 06:39:10,5.875,25,2.294107207417445
MID34,SID34,67,2017-03-08 06:39:10,3.264,27,2.142557341588451
MID33,SID33,67,2017-03-08 06:39:10,6.528,30,2.1819390455484955
MID32,SID32,67,2017-03-08 06:39:10,5.875,30,2.3407963432922907
MID31,SID31,67,2017-03-08 06:39:10,3.264,26,2.4696821460317437
MID30,SID30,67,2017-03-08 06:39:10,4.569,33,2.3508053652487186
MID49,SID49,67,2017-03-08 06:39:10,4.569,32,2.0050851034245474
MID48,SID48,67,2017-03-08 06:39:10,5.875,27,2.4751901019000098
MID47,SID47,67,2017-03-08 06:39:10,4.569,25,2.2419025847669714
MID45,SID45,67,2017-03-08 06:39:10,4.569,31,2.2339189326990976
MID44,SID44,67,2017-03-08 06:39:10,3.264,27,2.064668287064947
MID42,SID42,67,2017-03-08 06:39:10,5.875,28,2.2424304932711046
MID41,SID41,67,2017-03-08 06:39:10,5.875,28,2.2325094031523776
MID19,SID19,67,2017-03-08 06:39:20,5.244,26,2.3108900515465955
MID18,SID18,67,2017-03-08 06:39:20,4.589,25,2.2714800280922343
MID17,SID17,67,2017-03-08 06:39:20,5.244,27,2.351618673061427
MID15,SID15,67,2017-03-08 06:39:20,3.278,31,2.3455733995909935
MID14,SID14,67,2017-03-08 06:39:20,5.244,29,2.1986306554270225
MID13,SID13,67,2017-03-08 06:39:20,5.900,33,2.3587511163024977
MID12,SID12,67,2017-03-08 06:39:20,5.244,31,2.313444018587005
MID11,SID11,67,2017-03-08 06:39:20,6.556,31,2.370215688820146
MID10,SID10,67,2017-03-08 06:39:20,3.278,30,2.0794815703439062
MID98,SID98,67,2017-03-08 06:39:20,5.900,34,2.1639368079001855
MID97,SID97,67,2017-03-08 06:39:20,3.278,33,2.041636456095668
MID96,SID96,67,2017-03-08 06:39:20,5.900,33,2.009852891347365
MID95,SID95,67,2017-03-08 06:39:20,6.556,34,2.378776854318362
MID92,SID92,67,2017-03-08 06:39:20,4.589,32,2.4537657124098664
MID4,SID4,67,2017-03-08 06:39:20,3.278,33,2.3691695294871553
MID7,SID7,67,2017-03-08 06:39:20,6.556,29,2.4544180417590606
MID1,SID1,67,2017-03-08 06:39:20,4.589,31,2.489831417674266
MID2,SID2,67,2017-03-08 06:39:20,6.556,33,2.0169275893891134
MID3,SID3,67,2017-03-08 06:39:20,5.900,33,2.0518182978680652
MID28,SID28,67,2017-03-08 06:39:20,4.589,28,2.1758692137878537
MID26,SID26,67,2017-03-08 06:39:20,3.933,31,2.4557846864685766
MID8,SID8,67,2017-03-08 06:39:20,4.589,33,2.1031518032331724
MID25,SID25,67,2017-03-08 06:39:20,3.278,33,2.3723510186867873
MID24,SID24,67,2017-03-08 06:39:20,3.278,29,2.3563243187367666
MID22,SID22,67,2017-03-08 06:39:20,4.589,28,2.1173222513701204
MID21,SID21,67,2017-03-08 06:39:20,3.933,31,2.197689024795739
MID20,SID20,67,2017-03-08 06:39:20,4.589,32,2.2417073913232293
MID79,SID79,67,2017-03-08 06:39:20,3.278,30,2.4415118386911088
MID78,SID78,67,2017-03-08 06:39:20,5.244,28,2.3878933514953884
MID75,SID75,67,2017-03-08 06:39:20,4.589,32,2.2756654189603105
MID72,SID72,67,2017-03-08 06:39:20,6.556,26,2.3424242244687434
MID71,SID71,67,2017-03-08 06:39:20,3.933,26,2.1664785561053135
MID90,SID90,67,2017-03-08 06:39:20,5.244,26,2.3483946331673993
MID89,SID89,67,2017-03-08 06:39:20,6.556,28,2.0326282347113835
MID88,SID88,67,2017-03-08 06:39:20,5.244,27,2.0525720018754328
MID86,SID86,67,2017-03-08 06:39:20,3.933,33,2.1798019403094098
MID83,SID83,67,2017-03-08 06:39:20,3.933,31,2.356084858014347
MID82,SID82,67,2017-03-08 06:39:20,5.900,31,2.2825938362837066
MID80,SID80,67,2017-03-08 06:39:20,5.900,31,2.033876018394606
MID58,SID58,67,2017-03-08 06:39:20,3.933,32,2.073795952415513
MID57,SID57,67,2017-03-08 06:39:20,6.556,28,2.30690060058944
MID55,SID55,67,2017-03-08 06:39:20,5.244,32,2.4002963838634037
MID53,SID53,67,2017-03-08 06:39:20,4.589,32,2.327119766578896
MID69,SID69,67,2017-03-08 06:39:20,6.556,28,2.2131302664045234
MID68,SID68,67,2017-03-08 06:39:20,4.589,30,2.2747147145859414
MID67,SID67,67,2017-03-08 06:39:20,5.900,33,2.3399372928060584
MID66,SID66,67,2017-03-08 06:39:20,3.933,34,2.4287698883749806
MID65,SID65,67,2017-03-08 06:39:20,5.900,31,2.021726123532938
MID64,SID64,67,2017-03-08 06:39:20,5.244,26,2.0064566619386657
MID63,SID63,67,2017-03-08 06:39:20,3.933,28,2.3661933024255353
MID61,SID61,67,2017-03-08 06:39:20,5.900,26,2.473870991580398
MID39,SID39,67,2017-03-08 06:39:20,5.244,28,2.1376979440314523
MID38,SID38,67,2017-03-08 06:39:20,4.589,32,2.2605556846057886
MID37,SID37,67,2017-03-08 06:39:20,5.244,25,2.2387061169519593
MID36,SID36,67,2017-03-08 06:39:20,5.900,30,2.0428224853312416
MID35,SID35,67,2017-03-08 06:39:20,5.900,33,2.2241896724774257
MID34,SID34,67,2017-03-08 06:39:20,3.278,25,2.0052502557552305
MID33,SID33,67,2017-03-08 06:39:20,6.556,25,2.062487837277304
MID32,SID32,67,2017-03-08 06:39:20,5.900,34,2.098955980386457
MID31,SID31,67,2017-03-08 06:39:20,3.278,31,2.289061181696426
MID30,SID30,67,2017-03-08 06:39:20,4.589,27,2.4894791474693685
MID49,SID49,67,2017-03-08 06:39:20,4.589,34,2.326229084349368
MID48,SID48,67,2017-03-08 06:39:20,5.900,28,2.492466974422773
MID47,SID47,67,2017-03-08 06:39:20,4.589,25,2.215987676669189
MID45,SID45,67,2017-03-08 06:39:20,4.589,25,2.111904969824918
MID44,SID44,67,2017-03-08 06:39:20,3.278,34,2.317177339625308
MID42,SID42,67,2017-03-08 06:39:20,5.900,31,2.143828743934968
MID41,SID41,67,2017-03-08 06:39:20,5.900,30,2.4230492954981364
MID19,SID19,67,2017-03-08 06:39:30,5.267,33,2.353214696197632
MID18,SID18,67,2017-03-08 06:39:30,4.608,34,2.3865641349931885
MID17,SID17,67,2017-03-08 06:39:30,5.267,26,2.257497055350396
MID15,SID15,67,2017-03-08 06:39:30,3.292,27,2.152793048984485
MID14,SID14,67,2017-03-08 06:39:30,5.267,34,2.112478515995237
MID13,SID13,67,2017-03-08 06:39:30,5.925,28,2.22627794963558
MID12,SID12,67,2017-03-08 06:39:30,5.267,32,2.108604741334897
MID11,SID11,67,2017-03-08 06:39:30,6.583,34,2.1458568339019863
MID10,SID10,67,2017-03-08 06:39:30,3.292,29,2.1576215802531142
MID98,SID98,67,2017-03-08 06:39:30,5.925,32,2.3303002068174434
MID97,SID97,67,2017-03-08 06:39:30,3.292,33,2.481234858704468
MID96,SID96,67,2017-03-08 06:39:30,5.925,32,2.216880022515751
MID95,SID95,67,2017-03-08 06:39:30,6.583,28,2.2862669029039355
MID92,SID92,67,2017-03-08 06:39:30,4.608,27,2.020343778948478
MID4,SID4,67,2017-03-08 06:39:30,3.292,29,2.3552091079282373
MID7,SID7,67,2017-03-08 06:39:30,6.583,31,2.111725883306501
MID1,SID1,67,2017-03-08 06:39:30,4.608,27,2.024624477206698
MID2,SID2,67,2017-03-08 06:39:30,6.583,33,2.382357904962097
MID3,SID3,67,2017-03-08 06:39:30,5.925,33,2.1645952881449424
MID28,SID28,67,2017-03-08 06:39:30,4.608,28,2.46741796048532
MID26,SID26,67,2017-03-08 06:39:30,3.950,26,2.210772278852804
MID8,SID8,67,2017-03-08 06:39:30,4.608,25,2.3303156834856686
MID25,SID25,67,2017-03-08 06:39:30,3.292,34,2.286613701199232
MID24,SID24,67,2017-03-08 06:39:30,3.292,27,2.4889332783063653
MID22,SID22,67,2017-03-08 06:39:30,4.608,30,2.1393808256621325
MID21,SID21,67,2017-03-08 06:39:30,3.950,31,2.305008729858958
MID20,SID20,67,2017-03-08 06:39:30,4.608,26,2.387571765457041
MID79,SID79,67,2017-03-08 06:39:30,3.292,28,2.3953781993019314
MID78,SID78,67,2017-03-08 06:39:30,5.267,29,2.4440467000938573
MID75,SID75,67,2017-03-08 06:39:30,4.608,26,2.1746869547535805
MID72,SID72,67,2017-03-08 06:39:30,6.583,31,2.1201849686878416
MID71,SID71,67,2017-03-08 06:39:30,3.950,28,2.1203974420287506
MID90,SID90,67,2017-03-08 06:39:30,5.267,27,2.3047211305720494
MID89,SID89,67,2017-03-08 06:39:30,6.583,25,2.371187956243971
MID88,SID88,67,2017-03-08 06:39:30,5.267,25,2.3553360568873347
MID86,SID86,67,2017-03-08 06:39:30,3.950,26,2.13978363286952
MID83,SID83,67,2017-03-08 06:39:30,3.950,29,2.034243720461999
MID82,SID82,67,2017-03-08 06:39:30,5.925,27,2.096277433525827
MID80,SID80,67,2017-03-08 06:39:30,5.925,27,2.132554246284037
MID58,SID58,67,2017-03-08 06:39:30,3.950,27,2.1459723427401705
MID57,SID57,67,2017-03-08 06:39:30,6.583,31,2.256227349405438
MID55,SID55,67,2017-03-08 06:39:30,5.267,27,2.3391442155046853
MID53,SID53,67,2017-03-08 06:39:30,4.608,34,2.2689689446081194
MID69,SID69,67,2017-03-08 06:39:30,6.583,30,2.018076981700733
MID68,SID68,67,2017-03-08 06:39:30,4.608,29,2.0287235391753384
MID67,SID67,67,2017-03-08 06:39:30,5.925,27,2.4790981130203593
MID66,SID66,67,2017-03-08 06:39:30,3.950,30,2.2033585385129943
MID65,SID65,67,2017-03-08 06:39:30,5.925,34,2.03903443364552
MID64,SID64,67,2017-03-08 06:39:30,5.267,28,2.08891076007825
MID63,SID63,67,2017-03-08 06:39:30,3.950,25,2.3669863384759284
MID61,SID61,67,2017-03-08 06:39:30,5.925,25,2.0010151532468865
MID39,SID39,67,2017-03-08 06:39:30,5.267,29,2.422203504294172
MID38,SID38,67,2017-03-08 06:39:30,4.608,34,2.1455921717464155
MID37,SID37,67,2017-03-08 06:39:30,5.267,31,2.227430216315005
MID36,SID36,67,2017-03-08 06:39:30,5.925,34,2.187858974225898
MID35,SID35,67,2017-03-08 06:39:30,5.925,30,2.3900189843981687
MID34,SID34,67,2017-03-08 06:39:30,3.292,33,2.4747532385326516
MID33,SID33,67,2017-03-08 06:39:30,6.583,26,2.380134988139947
MID32,SID32,67,2017-03-08 06:39:30,5.925,29,2.208933681230771
MID31,SID31,67,2017-03-08 06:39:30,3.292,26,2.21125535690612
MID30,SID30,67,2017-03-08 06:39:30,4.608,30,2.1262190648330654
MID49,SID49,67,2017-03-08 06:39:30,4.608,30,2.47441179577345
MID48,SID48,67,2017-03-08 06:39:30,5.925,30,2.3801567722779886
MID47,SID47,67,2017-03-08 06:39:30,4.608,33,2.4276525584422157
MID45,SID45,67,2017-03-08 06:39:30,4.608,29,2.3537659980564993
MID44,SID44,67,2017-03-08 06:39:30,3.292,33,2.226546433670918
MID42,SID42,67,2017-03-08 06:39:30,5.925,28,2.216082706185651
MID41,SID41,67,2017-03-08 06:39:30,5.925,30,2.0821182960585234
MID19,SID19,67,2017-03-08 06:39:40,5.289,25,2.057623318968076
MID18,SID18,67,2017-03-08 06:39:40,4.628,26,2.3999008322796436
MID17,SID17,67,2017-03-08 06:39:40,5.289,32,2.0489344484076364
MID15,SID15,67,2017-03-08 06:39:40,3.306,29,2.1206588253328422
MID14,SID14,67,2017-03-08 06:39:40,5.289,29,2.4698733127952464
MID13,SID13,67,2017-03-08 06:39:40,5.950,33,2.412469725821128
MID12,SID12,67,2017-03-08 06:39:40,5.289,33,2.3858770322182625
MID11,SID11,67,2017-03-08 06:39:40,6.611,28,2.342165982383444
MID10,SID10,67,2017-03-08 06:39:40,3.306,28,2.0204033319598227
MID98,SID98,67,2017-03-08 06:39:40,5.950,32,2.309866609579787
MID97,SID97,67,2017-03-08 06:39:40,3.306,31,2.337346560304681
MID96,SID96,67,2017-03-08 06:39:40,5.950,27,2.34589483335129
MID95,SID95,67,2017-03-08 06:39:40,6.611,27,2.2380035906117097
MID92,SID92,67,2017-03-08 06:39:40,4.628,27,2.4051790539658873
MID4,SID4,67,2017-03-08 06:39:40,3.306,29,2.0857393776604
MID7,SID7,67,2017-03-08 06:39:40,6.611,28,2.1332746318934825
MID1,SID1,67,2017-03-08 06:39:40,4.628,29,2.3219915186966618
MID2,SID2,67,2017-03-08 06:39:40,6.611,30,2.3048841094229964
MID3,SID3,67,2017-03-08 06:39:40,5.950,26,2.245471541285513
MID28,SID28,67,2017-03-08 06:39:40,4.628,31,2.252949087975646
MID26,SID26,67,2017-03-08 06:39:40,3.967,30,2.379280665057955
MID8,SID8,67,2017-03-08 06:39:40,4.628,29,2.468693426655815
MID25,SID25,67,2017-03-08 06:39:40,3.306,33,2.4122502193849824
MID24,SID24,67,2017-03-08 06:39:40,3.306,27,2.11920191630789
MID22,SID22,67,2017-03-08 06:39:40,4.628,32,2.448686887282347
MID21,SID21,67,2017-03-08 06:39:40,3.967,27,2.441614379688135
MID20,SID20,67,2017-03-08 06:39:40,4.628,31,2.069435137826498
MID79,SID79,67,2017-03-08 06:39:40,3.306,31,2.4655449919640207
MID78,SID78,67,2017-03-08 06:39:40,5.289,30,2.437304073634779
MID75,SID75,67,2017-03-08 06:39:40,4.628,28,2.13259871752161
MID72,SID72,67,2017-03-08 06:39:40,6.611,31,2.0716022030693337
MID71,SID71,67,2017-03-08 06:39:40,3.967,29,2.2650441411753954
MID90,SID90,67,2017-03-08 06:39:40,5.289,34,2.153215821499177
MID89,SID89,67,2017-03-08 06:39:40,6.611,25,2.1595591602348296
MID88,SID88,67,2017-03-08 06:39:40,5.289,34,2.177778778612826
MID86,SID86,67,2017-03-08 06:39:40,3.967,25,2.300246013200658
MID83,SID83,67,2017-03-08 06:39:40,3.967,33,2.041809033956903
MID82,SID82,67,2017-03-08 06:39:40,5.950,27,2.489113906083596
MID80,SID80,67,2017-03-08 06:39:40,5.950,28,2.0873354678534053
MID58,SID58,67,2017-03-08 06:39:40,3.967,30,2.3918858501279514
MID57,SID57,67,2017-03-08 06:39:40,6.611,31,2.127725877929432
MID55,SID55,67,2017-03-08 06:39:40,5.289,31,2.0551677393879446
MID53,SID53,67,2017-03-08 06:39:40,4.628,32,2.2380449950868577
MID69,SID69,67,2017-03-08 06:39:40,6.611,32,2.234918070031457
MID68,SID68,67,2017-03-08 06:39:40,4.628,27,2.0309943334754244
MID67,SID67,67,2017-03-08 06:39:40,5.950,32,2.4003352713779056
MID66,SID66,67,2017-03-08 06:39:40,3.967,30,2.073537664942985
MID65,SID65,67,2017-03-08 06:39:40,5.950,31,2.150850141224157
MID64,SID64,67,2017-03-08 06:39:40,5.289,26,2.269174446091406
MID63,SID63,67,2017-03-08 06:39:40,3.967,30,2.098353584253974
MID61,SID61,67,2017-03-08 06:39:40,5.950,32,2.1962933094811046
MID39,SID39,67,2017-03-08 06:39:40,5.289,27,2.001248813794736
MID38,SID38,67,2017-03-08 06:39:40,4.628,26,2.3515818108220583
MID37,SID37,67,2017-03-08 06:39:40,5.289,31,2.464599712748916
MID36,SID36,67,2017-03-08 06:39:40,5.950,31,2.1886050011057723
MID35,SID35,67,2017-03-08 06:39:40,5.950,29,2.3881237534182085
MID34,SID34,67,2017-03-08 06:39:40,3.306,28,2.186269790323732
MID33,SID33,67,2017-03-08 06:39:40,6.611,31,2.1518006070308564
MID32,SID32,67,2017-03-08 06:39:40,5.950,31,2.1950948845983973
MID31,SID31,67,2017-03-08 06:39:40,3.306,34,2.076155790823299
MID30,SID30,67,2017-03-08 06:39:40,4.628,28,2.3960361999139863
MID49,SID49,67,2017-03-08 06:39:40,4.628,31,2.01698782273919
MID48,SID48,67,2017-03-08 06:39:40,5.950,26,2.4509356993536486
MID47,SID47,67,2017-03-08 06:39:40,4.628,34,2.3547959991830156
MID45,SID45,67,2017-03-08 06:39:40,4.628,26,2.3889115881137313
MID44,SID44,67,2017-03-08 06:39:40,3.306,32,2.3908616799822076
MID42,SID42,67,2017-03-08 06:39:40,5.950,26,2.410804358133487
MID41,SID41,67,2017-03-08 06:39:40,5.950,31,2.006489847783558
MID19,SID19,67,2017-03-08 06:39:50,5.311,25,2.10015546917255
MID18,SID18,67,2017-03-08 06:39:50,4.647,28,2.3038245789582694
MID17,SID17,67,2017-03-08 06:39:50,5.311,27,2.056627922574207
MID15,SID15,67,2017-03-08 06:39:50,3.319,26,2.1096432663160134
MID14,SID14,67,2017-03-08 06:39:50,5.311,29,2.2831305603291416
MID13,SID13,67,2017-03-08 06:39:50,5.975,27,2.2327573102368543
MID12,SID12,67,2017-03-08 06:39:50,5.311,32,2.1462158614727453
MID11,SID11,67,2017-03-08 06:39:50,6.639,31,2.231208008880488
MID10,SID10,67,2017-03-08 06:39:50,3.319,28,2.035797778045276
MID98,SID98,67,2017-03-08 06:39:50,5.975,29,2.208273808102185
MID97,SID97,67,2017-03-08 06:39:50,3.319,29,2.337074640263262
MID96,SID96,67,2017-03-08 06:39:50,5.975,28,2.4097916098133867
MID95,SID95,67,2017-03-08 06:39:50,6.639,30,2.3025602958439912
MID92,SID92,67,2017-03-08 06:39:50,4.647,33,2.101355795454714
MID4,SID4,67,2017-03-08 06:39:50,3.319,32,2.457307607643849
MID7,SID7,67,2017-03-08 06:39:50,6.639,29,2.15820230706983
MID1,SID1,67,2017-03-08 06:39:50,4.647,27,2.2014842434806514
MID2,SID2,67,2017-03-08 06:39:50,6.639,26,2.183762325806813
MID3,SID3,67,2017-03-08 06:39:50,5.975,29,2.0246703844311362
MID28,SID28,67,2017-03-08 06:39:50,4.647,32,2.1858148887619038
MID26,SID26,67,2017-03-08 06:39:50,3.983,26,2.4531189322248887
MID8,SID8,67,2017-03-08 06:39:50,4.647,27,2.470700129565545
MID25,SID25,67,2017-03-08 06:39:50,3.319,33,2.485289401719763
MID24,SID24,67,2017-03-08 06:39:50,3.319,32,2.010261157807733
MID22,SID22,67,2017-03-08 06:39:50,4.647,30,2.014340571883677
MID21,SID21,67,2017-03-08 06:39:50,3.983,29,2.4973357469530844
MID20,SID20,67,2017-03-08 06:39:50,4.647,27,2.170301645720064
MID79,SID79,67,2017-03-08 06:39:50,3.319,25,2.311365401781838
MID78,SID78,67,2017-03-08 06:39:50,5.311,27,2.0948566190690667
MID75,SID75,67,2017-03-08 06:39:50,4.647,26,2.0684366868855117
MID72,SID72,67,2017-03-08 06:39:50,6.639,30,2.3897592446191656
MID71,SID71,67,2017-03-08 06:39:50,3.983,30,2.2561434998990313
MID90,SID90,67,2017-03-08 06:39:50,5.311,25,2.1127939184795843
MID89,SID89,67,2017-03-08 06:39:50,6.639,31,2.2631783167102775
MID88,SID88,67,2017-03-08 06:39:50,5.311,28,2.152314244210282
MID86,SID86,67,2017-03-08 06:39:50,3.983,31,2.4359899931403386
MID83,SID83,67,2017-03-08 06:39:50,3.983,30,2.2121831742003533
MID82,SID82,67,2017-03-08 06:39:50,5.975,29,2.3564976796652863
MID80,SID80,67,2017-03-08 06:39:50,5.975,31,2.076000125037749
MID58,SID58,67,2017-03-08 06:39:50,3.983,29,2.481762530262848
MID57,SID57,67,2017-03-08 06:39:50,6.639,26,2.1931075781933487
MID55,SID55,67,2017-03-08 06:39:50,5.311,33,2.025611345734233
MID53,SID53,67,2017-03-08 06:39:50,4.647,32,2.365317351071474
MID69,SID69,67,2017-03-08 06:39:50,6.639,25,2.159450688572461
MID68,SID68,67,2017-03-08 06:39:50,4.647,33,2.022433445560964
MID67,SID67,67,2017-03-08 06:39:50,5.975,31,2.2710700193718774
MID66,SID66,67,2017-03-08 06:39:50,3.983,26,2.2862419968037155
MID65,SID65,67,2017-03-08 06:39:50,5.975,31,2.1662477886930356
MID64,SID64,67,2017-03-08 06:39:50,5.311,29,2.2536207344739028
MID63,SID63,67,2017-03-08 06:39:50,3.983,26,2.387578514035539
MID61,SID61,67,2017-03-08 06:39:50,5.975,32,2.150665341822159
MID39,SID39,67,2017-03-08 06:39:50,5.311,29,2.027674745900114
MID38,SID38,67,2017-03-08 06:39:50,4.647,26,2.3797753267981547
MID37,SID37,67,2017-03-08 06:39:50,5.311,25,2.0549968895260045
MID36,SID36,67,2017-03-08 06:39:50,5.975,26,2.21636865995091
MID35,SID35,67,2017-03-08 06:39:50,5.975,29,2.4391810282991893
MID34,SID34,67,2017-03-08 06:39:50,3.319,32,2.14655408350317
MID33,SID33,67,2017-03-08 06:39:50,6.639,34,2.2450461042457768
MID32,SID32,67,2017-03-08 06:39:50,5.975,27,2.400006949289769
MID31,SID31,67,2017-03-08 06:39:50,3.319,33,2.095187172237068
MID30,SID30,67,2017-03-08 06:39:50,4.647,29,2.0751118239649045
MID49,SID49,67,2017-03-08 06:39:50,4.647,33,2.209134600077449
MID48,SID48,67,2017-03-08 06:39:50,5.975,29,2.1911048890776943
MID47,SID47,67,2017-03-08 06:39:50,4.647,31,2.2308660500392357
MID45,SID45,67,2017-03-08 06:39:50,4.647,31,2.349066287730798
MID44,SID44,67,2017-03-08 06:39:50,3.319,29,2.09650947331058
MID42,SID42,67,2017-03-08 06:39:50,5.975,30,2.372043784280164
MID41,SID41,67,2017-03-08 06:39:50,5.975,30,2.2484043782876078
MID19,SID19,67,2017-03-08 06:40:00,5.333,34,2.1144455489531717
MID18,SID18,67,2017-03-08 06:40:00,4.667,25,2.4980454033870676
MID17,SID17,67,2017-03-08 06:40:00,5.333,26,2.0397602512707627
MID15,SID15,67,2017-03-08 06:40:00,3.333,31,2.0387871245258564
MID14,SID14,67,2017-03-08 06:40:00,5.333,31,2.2153226641584114
MID13,SID13,67,2017-03-08 06:40:00,6.000,31,2.4000478603213717
MID12,SID12,67,2017-03-08 06:40:00,5.333,29,2.405190237487827
MID11,SID11,67,2017-03-08 06:40:00,6.667,29,2.33687010155731
MID10,SID10,67,2017-03-08 06:40:00,3.333,28,2.3301715122049607
MID98,SID98,67,2017-03-08 06:40:00,6.000,33,2.1488368312635155
MID97,SID97,67,2017-03-08 06:40:00,3.333,30,2.2660968409656386
MID96,SID96,67,2017-03-08 06:40:00,6.000,31,2.3631323815486716
MID95,SID95,67,2017-03-08 06:40:00,6.667,30,2.159480256818659
MID92,SID92,67,2017-03-08 06:40:00,4.667,34,2.053925690318698
MID4,SID4,67,2017-03-08 06:40:00,3.333,32,2.175305404587449
MID7,SID7,67,2017-03-08 06:40:00,6.667,26,2.4692811898517943
MID1,SID1,67,2017-03-08 06:40:00,4.667,29,2.484751979632172
MID2,SID2,67,2017-03-08 06:40:00,6.667,31,2.3410539385072364
MID3,SID3,67,2017-03-08 06:40:00,6.000,26,2.0249898317197745
MID28,SID28,67,2017-03-08 06:40:00,4.667,34,2.1602239181668317
MID26,SID26,67,2017-03-08 06:40:00,4.000,31,2.1508341108146394
MID8,SID8,67,2017-03-08 06:40:00,4.667,25,2.1426065594649844
MID25,SID25,67,2017-03-08 06:40:00,3.333,25,2.2707617601328542
MID24,SID24,67,2017-03-08 06:40:00,3.333,26,2.016848902991509
MID22,SID22,67,2017-03-08 06:40:00,4.667,31,2.273882937666205
MID21,SID21,67,2017-03-08 06:40:00,4.000,31,2.117302183434537
MID20,SID20,67,2017-03-08 06:40:00,4.667,31,2.033760301091572
MID79,SID79,67,2017-03-08 06:40:00,3.333,34,2.4206434081802954
MID78,SID78,67,2017-03-08 06:40:00,5.333,28,2.026550539159255
MID75,SID75,67,2017-03-08 06:40:00,4.667,28,2.388948067984998
MID72,SID72,67,2017-03-08 06:40:00,6.667,27,2.00760196724803
MID71,SID71,67,2017-03-08 06:40:00,4.000,34,2.443391104405312
MID90,SID90,67,2017-03-08 06:40:00,5.333,32,2.015372360477251
MID89,SID89,67,2017-03-08 06:40:00,6.667,26,2.3701828845554536
MID88,SID88,67,2017-03-08 06:40:00,5.333,34,2.0360839455504234
MID86,SID86,67,2017-03-08 06:40:00,4.000,27,2.2168998935874145
MID83,SID83,67,2017-03-08 06:40:00,4.000,30,2.06721686321905
MID82,SID82,67,2017-03-08 06:40:00,6.000,32,2.079215978351569
MID80,SID80,67,2017-03-08 06:40:00,6.000,34,2.298876305246055
MID58,SID58,67,2017-03-08 06:40:00,4.000,31,2.089927779839785
MID57,SID57,67,2017-03-08 06:40:00,6.667,31,2.151713693022799
MID55,SID55,67,2017-03-08 06:40:00,5.333,27,2.4813920308935167
MID53,SID53,67,2017-03-08 06:40:00,4.667,32,2.1455514880237097
MID69,SID69,67,2017-03-08 06:40:00,6.667,29,2.133507611393888
MID68,SID68,67,2017-03-08 06:40:00,4.667,32,2.367572956730537
MID67,SID67,67,2017-03-08 06:40:00,6.000,25,2.0418307401947295
MID66,SID66,67,2017-03-08 06:40:00,4.000,26,2.4560547277344305
MID65,SID65,67,2017-03-08 06:40:00,6.000,33,2.274527928999368
MID64,SID64,67,2017-03-08 06:40:00,5.333,33,2.2125986451305333
MID63,SID63,67,2017-03-08 06:40:00,4.000,34,2.0237460497531794
MID61,SID61,67,2017-03-08 06:40:00,6.000,34,2.010209998492668
MID39,SID39,67,2017-03-08 06:40:00,5.333,28,2.221891854299116
MID38,SID38,67,2017-03-08 06:40:00,4.667,26,2.297526250899166
MID37,SID37,67,2017-03-08 06:40:00,5.333,31,2.1171894295513978
MID36,SID36,67,2017-03-08 06:40:00,6.000,33,2.2593776942843347
MID35,SID35,67,2017-03-08 06:40:00,6.000,30,2.4862856811398486
MID34,SID34,67,2017-03-08 06:40:00,3.333,28,2.2296327320203297
MID33,SID33,67,2017-03-08 06:40:00,6.667,32,2.372690283948812
MID32,SID32,67,2017-03-08 06:40:00,6.000,29,2.199000058598749
MID31,SID31,67,2017-03-08 06:40:00,3.333,31,2.1452140837745683
MID30,SID30,67,2017-03-08 06:40:00,4.667,28,2.001353157131652
MID49,SID49,67,2017-03-08 06:40:00,4.667,30,2.4430841809914323
MID48,SID48,67,2017-03-08 06:40:00,6.000,31,2.0725306212051855
MID47,SID47,67,2017-03-08 06:40:00,4.667,29,2.2496695534275193
MID45,SID45,67,2017-03-08 06:40:00,4.667,33,2.17155870574593
MID44,SID44,67,2017-03-08 06:40:00,3.333,31,2.3739402029512893
MID42,SID42,67,2017-03-08 06:40:00,6.000,28,2.1815795379311793
MID41,SID41,67,2017-03-08 06:40:00,6.000,27,2.0204571782144543
MID19,SID19,67,2017-03-08 06:40:10,5.356,29,2.121619051127579
MID18,SID18,67,2017-03-08 06:40:10,4.686,33,2.4113758270906054
MID17,SID17,67,2017-03-08 06:40:10,5.356,27,2.0782908944284992
MID15,SID15,67,2017-03-08 06:40:10,3.347,29,2.4058857513654544
MID14,SID14,67,2017-03-08 06:40:10,5.356,32,2.0235885603313344
MID13,SID13,67,2017-03-08 06:40:10,6.025,33,2.295549120141166
MID12,SID12,67,2017-03-08 06:40:10,5.356,32,2.3718595033670717
MID11,SID11,67,2017-03-08 06:40:10,6.694,31,2.312447792968353
MID10,SID10,67,2017-03-08 06:40:10,3.347,32,2.2632436029380796
MID98,SID98,67,2017-03-08 06:40:10,6.025,29,2.273348131556449
MID96,SID96,67,2017-03-08 06:40:10,6.025,29,2.2022106242825976
MID95,SID95,67,2017-03-08 06:40:10,6.694,27,2.3174558802457685
MID92,SID92,67,2017-03-08 06:40:10,4.686,30,2.037952131607926
MID4,SID4,67,2017-03-08 06:40:10,3.347,30,2.4468272798397117
MID7,SID7,67,2017-03-08 06:40:10,6.694,34,2.305053111222084
MID1,SID1,67,2017-03-08 06:40:10,4.686,30,2.0609779987137316
MID2,SID2,67,2017-03-08 06:40:10,6.694,32,2.088501662559864
MID3,SID3,67,2017-03-08 06:40:10,6.025,31,2.28648771222782
MID28,SID28,67,2017-03-08 06:40:10,4.686,31,2.074216528436678
MID26,SID26,67,2017-03-08 06:40:10,4.017,28,2.2299456403831606
MID8,SID8,67,2017-03-08 06:40:10,4.686,33,2.2653586671793193
MID25,SID25,67,2017-03-08 06:40:10,3.347,30,2.426533949736989
MID24,SID24,67,2017-03-08 06:40:10,3.347,30,2.3557325117011487
MID22,SID22,67,2017-03-08 06:40:10,4.686,25,2.0695666070073786
MID21,SID21,67,2017-03-08 06:40:10,4.017,34,2.0905463594372127
MID20,SID20,67,2017-03-08 06:40:10,4.686,29,2.4845754978236485
MID79,SID79,67,2017-03-08 06:40:10,3.347,30,2.218337894575345
MID78,SID78,67,2017-03-08 06:40:10,5.356,31,2.110279252546222
MID75,SID75,67,2017-03-08 06:40:10,4.686,34,2.0844075662422674
MID72,SID72,67,2017-03-08 06:40:10,6.694,27,2.2751698051045977
MID71,SID71,67,2017-03-08 06:40:10,4.017,32,2.0052889202237
MID90,SID90,67,2017-03-08 06:40:10,5.356,33,2.357580458120316
MID89,SID89,67,2017-03-08 06:40:10,6.694,25,2.026771542363
MID88,SID88,67,2017-03-08 06:40:10,5.356,30,2.152502237192809
MID86,SID86,67,2017-03-08 06:40:10,4.017,26,2.2437482664709707
MID83,SID83,67,2017-03-08 06:40:10,4.017,30,2.2492693033894398
MID82,SID82,67,2017-03-08 06:40:10,6.025,29,2.477144668249541
MID80,SID80,67,2017-03-08 06:40:10,6.025,29,2.0152464421248166
MID57,SID57,67,2017-03-08 06:40:10,6.694,34,2.3914866181708083
MID55,SID55,67,2017-03-08 06:40:10,5.356,25,2.1492984570145914
MID53,SID53,67,2017-03-08 06:40:10,4.686,34,2.3308800871619275
MID69,SID69,67,2017-03-08 06:40:10,6.694,28,2.325277697108296
MID68,SID68,67,2017-03-08 06:40:10,4.686,27,2.091693825729568
MID67,SID67,67,2017-03-08 06:40:10,6.025,25,2.176295807788149
MID65,SID65,67,2017-03-08 06:40:10,6.025,26,2.364798330857921
MID64,SID64,67,2017-03-08 06:40:10,5.356,26,2.2761398961091017
MID63,SID63,67,2017-03-08 06:40:10,4.017,25,2.317704460118089
MID61,SID61,67,2017-03-08 06:40:10,6.025,26,2.2037402538333826
MID39,SID39,67,2017-03-08 06:40:10,5.356,32,2.1140928785568116
MID38,SID38,67,2017-03-08 06:40:10,4.686,29,2.2579536183855398
MID37,SID37,67,2017-03-08 06:40:10,5.356,26,2.431190091377075
MID36,SID36,67,2017-03-08 06:40:10,6.025,34,2.028295266502341
MID35,SID35,67,2017-03-08 06:40:10,6.025,27,2.32588741999489
MID34,SID34,67,2017-03-08 06:40:10,3.347,27,2.4211570787415257
MID32,SID32,67,2017-03-08 06:40:10,6.025,32,2.4544169397496205
MID31,SID31,67,2017-03-08 06:40:10,3.347,31,2.330926308147795
MID30,SID30,67,2017-03-08 06:40:10,4.686,30,2.4088773316131924
MID48,SID48,67,2017-03-08 06:40:10,6.025,33,2.2960995398396147
MID45,SID45,67,2017-03-08 06:40:10,4.686,26,2.244354433163833
MID44,SID44,67,2017-03-08 06:40:10,3.347,30,2.2052255423281415
MID42,SID42,67,2017-03-08 06:40:10,6.025,28,2.122385574853099
MID41,SID41,67,2017-03-08 06:40:10,6.025,32,2.2279554171049742
MID19,SID19,67,2017-03-08 06:40:20,5.378,25,2.045696876107929
MID18,SID18,67,2017-03-08 06:40:20,4.706,27,2.18545150409015
MID17,SID17,67,2017-03-08 06:40:20,5.378,31,2.4592001687090175
MID15,SID15,67,2017-03-08 06:40:20,3.361,29,2.2648515541762846
MID14,SID14,67,2017-03-08 06:40:20,5.378,26,2.1934172676306414
MID13,SID13,67,2017-03-08 06:40:20,6.050,32,2.2522628255143626
MID12,SID12,67,2017-03-08 06:40:20,5.378,32,2.4978570274399368
MID11,SID11,67,2017-03-08 06:40:20,6.722,31,2.033080638781809
MID10,SID10,67,2017-03-08 06:40:20,3.361,32,2.137507574825351
MID98,SID98,67,2017-03-08 06:40:20,6.050,31,2.467680675016826
MID96,SID96,67,2017-03-08 06:40:20,6.050,32,2.2158581501789048
MID95,SID95,67,2017-03-08 06:40:20,6.722,33,2.100150893152954
MID92,SID92,67,2017-03-08 06:40:20,4.706,25,2.1079594752174624
MID4,SID4,67,2017-03-08 06:40:20,3.361,32,2.200085926369314
MID7,SID7,67,2017-03-08 06:40:20,6.722,27,2.3513130835026352
MID1,SID1,67,2017-03-08 06:40:20,4.706,29,2.0524580853847576
MID2,SID2,67,2017-03-08 06:40:20,6.722,27,2.089392686333554
MID3,SID3,67,2017-03-08 06:40:20,6.050,26,2.0209000940041757
MID28,SID28,67,2017-03-08 06:40:20,4.706,34,2.2856186757974424
MID26,SID26,67,2017-03-08 06:40:20,4.033,34,2.0750273844264746
MID8,SID8,67,2017-03-08 06:40:20,4.706,31,2.182015750040037
MID25,SID25,67,2017-03-08 06:40:20,3.361,33,2.0891668209059673
MID24,SID24,67,2017-03-08 06:40:20,3.361,32,2.4831414720957503
MID22,SID22,67,2017-03-08 06:40:20,4.706,32,2.0644041013365904
MID21,SID21,67,2017-03-08 06:40:20,4.033,28,2.0288524565530124
MID20,SID20,67,2017-03-08 06:40:20,4.706,25,2.2928618173242246
MID79,SID79,67,2017-03-08 06:40:20,3.361,29,2.149818729357574
MID78,SID78,67,2017-03-08 06:40:20,5.378,25,2.005072667440316
MID75,SID75,67,2017-03-08 06:40:20,4.706,27,2.459980327875512
MID72,SID72,67,2017-03-08 06:40:20,6.722,31,2.083880362562419
MID71,SID71,67,2017-03-08 06:40:20,4.033,31,2.223980621305366
MID90,SID90,67,2017-03-08 06:40:20,5.378,32,2.2216550416523315
MID89,SID89,67,2017-03-08 06:40:20,6.722,27,2.164907090175228
MID88,SID88,67,2017-03-08 06:40:20,5.378,30,2.3717057400509067
MID86,SID86,67,2017-03-08 06:40:20,4.033,32,2.4360228245596427
MID83,SID83,67,2017-03-08 06:40:20,4.033,31,2.175047515813866
MID82,SID82,67,2017-03-08 06:40:20,6.050,34,2.384237578552225
MID80,SID80,67,2017-03-08 06:40:20,6.050,32,2.4087362417476
MID57,SID57,67,2017-03-08 06:40:20,6.722,32,2.325763794780623
MID55,SID55,67,2017-03-08 06:40:20,5.378,30,2.3996263573348293
MID53,SID53,67,2017-03-08 06:40:20,4.706,32,2.0598220909190457
MID69,SID69,67,2017-03-08 06:40:20,6.722,25,2.3964828101253826
MID68,SID68,67,2017-03-08 06:40:20,4.706,27,2.304931074903252
MID67,SID67,67,2017-03-08 06:40:20,6.050,33,2.169622061663708
MID65,SID65,67,2017-03-08 06:40:20,6.050,32,2.1610775443815973
MID64,SID64,67,2017-03-08 06:40:20,5.378,33,2.185237865266347
MID63,SID63,67,2017-03-08 06:40:20,4.033,26,2.23806906966395
MID61,SID61,67,2017-03-08 06:40:20,6.050,26,2.045221649460755
MID39,SID39,67,2017-03-08 06:40:20,5.378,29,2.3028210572547696
MID38,SID38,67,2017-03-08 06:40:20,4.706,33,2.35974548920594
MID37,SID37,67,2017-03-08 06:40:20,5.378,27,2.0485498236737874
MID36,SID36,67,2017-03-08 06:40:20,6.050,27,2.461265969481199
MID35,SID35,67,2017-03-08 06:40:20,6.050,31,2.4640355933500016
MID34,SID34,67,2017-03-08 06:40:20,3.361,25,2.4105623863395156
MID32,SID32,67,2017-03-08 06:40:20,6.050,29,2.409624203188587
MID31,SID31,67,2017-03-08 06:40:20,3.361,31,2.2951842091715964
MID30,SID30,67,2017-03-08 06:40:20,4.706,30,2.377641384067756
MID48,SID48,67,2017-03-08 06:40:20,6.050,29,2.315414104878433
MID45,SID45,67,2017-03-08 06:40:20,4.706,25,2.4071985289099493
MID44,SID44,67,2017-03-08 06:40:20,3.361,34,2.4999306484296904
MID42,SID42,67,2017-03-08 06:40:20,6.050,27,2.2446099763960032
MID41,SID41,67,2017-03-08 06:40:20,6.050,32,2.001591396177317
MID19,SID19,67,2017-03-08 06:40:30,5.400,25,2.0766993619984464
MID18,SID18,67,2017-03-08 06:40:30,4.725,27,2.2555826867938347
MID17,SID17,67,2017-03-08 06:40:30,5.400,34,2.2461937173959727
MID15,SID15,67,2017-03-08 06:40:30,3.375,27,2.176591526345738
MID14,SID14,67,2017-03-08 06:40:30,5.400,25,2.1383652768061596
MID13,SID13,67,2017-03-08 06:40:30,6.075,28,2.0707446848444278
MID12,SID12,67,2017-03-08 06:40:30,5.400,32,2.3036831033772525
MID11,SID11,67,2017-03-08 06:40:30,6.750,30,2.415613384046324
MID10,SID10,67,2017-03-08 06:40:30,3.375,34,2.37847270456561
MID98,SID98,67,2017-03-08 06:40:30,6.075,28,2.28327841137417
MID96,SID96,67,2017-03-08 06:40:30,6.075,26,2.2762129579803654
MID95,SID95,67,2017-03-08 06:40:30,6.750,28,2.10693434077833
MID92,SID92,67,2017-03-08 06:40:30,4.725,33,2.1384495377066917
MID4,SID4,67,2017-03-08 06:40:30,3.375,29,2.0307005454295477
MID7,SID7,67,2017-03-08 06:40:30,6.750,29,2.2151516248286365
MID1,SID1,67,2017-03-08 06:40:30,4.725,27,2.375651181031996
MID2,SID2,67,2017-03-08 06:40:30,6.750,33,2.343974124866307
MID3,SID3,67,2017-03-08 06:40:30,6.075,31,2.0833482776366705
MID28,SID28,67,2017-03-08 06:40:30,4.725,26,2.2705944716954467
MID26,SID26,67,2017-03-08 06:40:30,4.050,29,2.254062638972471
MID8,SID8,67,2017-03-08 06:40:30,4.725,33,2.217587445436788
MID25,SID25,67,2017-03-08 06:40:30,3.375,33,2.451077876713914
MID24,SID24,67,2017-03-08 06:40:30,3.375,30,2.317504258549478
MID22,SID22,67,2017-03-08 06:40:30,4.725,34,2.284149489202693
MID21,SID21,67,2017-03-08 06:40:30,4.050,32,2.3747579950726765
MID20,SID20,67,2017-03-08 06:40:30,4.725,28,2.435231073520204
MID79,SID79,67,2017-03-08 06:40:30,3.375,28,2.0788605463403695
MID78,SID78,67,2017-03-08 06:40:30,5.400,27,2.3879439763350296
MID75,SID75,67,2017-03-08 06:40:30,4.725,32,2.4024993428758785
MID72,SID72,67,2017-03-08 06:40:30,6.750,31,2.218922022094177
MID71,SID71,67,2017-03-08 06:40:30,4.050,25,2.0074693593339985
MID90,SID90,67,2017-03-08 06:40:30,5.400,26,2.426614020232558
MID89,SID89,67,2017-03-08 06:40:30,6.750,32,2.401362418249775
MID88,SID88,67,2017-03-08 06:40:30,5.400,32,2.301220342839557
MID86,SID86,67,2017-03-08 06:40:30,4.050,33,2.1438253171448163
MID83,SID83,67,2017-03-08 06:40:30,4.050,34,2.4310123779431296
MID82,SID82,67,2017-03-08 06:40:30,6.075,27,2.000583891619461
MID80,SID80,67,2017-03-08 06:40:30,6.075,28,2.4971537385357783
MID57,SID57,67,2017-03-08 06:40:30,6.750,27,2.0486570233980177
MID55,SID55,67,2017-03-08 06:40:30,5.400,28,2.4495926201048746
MID53,SID53,67,2017-03-08 06:40:30,4.725,27,2.352533923504995
MID69,SID69,67,2017-03-08 06:40:30,6.750,26,2.1017067829328124
MID68,SID68,67,2017-03-08 06:40:30,4.725,27,2.402933932898091
MID67,SID67,67,2017-03-08 06:40:30,6.075,26,2.413228100602978
MID65,SID65,67,2017-03-08 06:40:30,6.075,29,2.3370317063738075
MID64,SID64,67,2017-03-08 06:40:30,5.400,34,2.317284626689682
MID63,SID63,67,2017-03-08 06:40:30,4.050,28,2.271787685375122
MID61,SID61,67,2017-03-08 06:40:30,6.075,25,2.4047387447500177
MID39,SID39,67,2017-03-08 06:40:30,5.400,30,2.2036919804860817
MID38,SID38,67,2017-03-08 06:40:30,4.725,31,2.4351515433896265
MID37,SID37,67,2017-03-08 06:40:30,5.400,31,2.110835943203736
MID36,SID36,67,2017-03-08 06:40:30,6.075,34,2.3708319180482555
MID35,SID35,67,2017-03-08 06:40:30,6.075,27,2.275898172936061
MID34,SID34,67,2017-03-08 06:40:30,3.375,25,2.3855492088048975
MID32,SID32,67,2017-03-08 06:40:30,6.075,28,2.3904916745003217
MID31,SID31,67,2017-03-08 06:40:30,3.375,34,2.200858424193503
MID30,SID30,67,2017-03-08 06:40:30,4.725,25,2.019270870588093
MID48,SID48,67,2017-03-08 06:40:30,6.075,31,2.0008252232242763
MID45,SID45,67,2017-03-08 06:40:30,4.725,32,2.0269967722175664
MID44,SID44,67,2017-03-08 06:40:30,3.375,29,2.048893759207735
MID42,SID42,67,2017-03-08 06:40:30,6.075,28,2.2506434074960384
MID41,SID41,67,2017-03-08 06:40:30,6.075,28,2.405425694979957
MID19,SID19,67,2017-03-08 06:40:40,5.422,33,2.430370938947186
MID18,SID18,67,2017-03-08 06:40:40,4.744,34,2.4405814493646414
MID17,SID17,67,2017-03-08 06:40:40,5.422,28,2.188498805203511
MID15,SID15,67,2017-03-08 06:40:40,3.389,25,2.252116402834539
MID14,SID14,67,2017-03-08 06:40:40,5.422,33,2.3387028971324137
MID13,SID13,67,2017-03-08 06:40:40,6.100,32,2.4699059612149847
MID12,SID12,67,2017-03-08 06:40:40,5.422,27,2.258893826887495
MID11,SID11,67,2017-03-08 06:40:40,6.778,28,2.239440989667978
MID10,SID10,67,2017-03-08 06:40:40,3.389,30,2.3386404628507598
MID98,SID98,67,2017-03-08 06:40:40,6.100,26,2.2157953346045
MID96,SID96,67,2017-03-08 06:40:40,6.100,32,2.38829980676481
MID95,SID95,67,2017-03-08 06:40:40,6.778,27,2.4320510312682457
MID92,SID92,67,2017-03-08 06:40:40,4.744,30,2.0173262756111257
MID4,SID4,67,2017-03-08 06:40:40,3.389,27,2.0593468832705626
MID7,SID7,67,2017-03-08 06:40:40,6.778,32,2.1264500805851556
MID1,SID1,67,2017-03-08 06:40:40,4.744,26,2.273048100374778
MID2,SID2,67,2017-03-08 06:40:40,6.778,30,2.0074929045917735
MID3,SID3,67,2017-03-08 06:40:40,6.100,28,2.400727622297252
MID28,SID28,67,2017-03-08 06:40:40,4.744,26,2.2576557511147883
MID26,SID26,67,2017-03-08 06:40:40,4.067,26,2.1329280865601112
MID8,SID8,67,2017-03-08 06:40:40,4.744,25,2.04194119233252
MID25,SID25,67,2017-03-08 06:40:40,3.389,28,2.3515886964062265
MID24,SID24,67,2017-03-08 06:40:40,3.389,34,2.2103900779725705
MID22,SID22,67,2017-03-08 06:40:40,4.744,30,2.3152107686083148
MID21,SID21,67,2017-03-08 06:40:40,4.067,29,2.2495802583726743
MID20,SID20,67,2017-03-08 06:40:40,4.744,28,2.113588842145538
MID79,SID79,67,2017-03-08 06:40:40,3.389,33,2.178474645654643
MID78,SID78,67,2017-03-08 06:40:40,5.422,25,2.1671057999863788
MID75,SID75,67,2017-03-08 06:40:40,4.744,34,2.358710197534242
MID72,SID72,67,2017-03-08 06:40:40,6.778,26,2.4046988453213456
MID71,SID71,67,2017-03-08 06:40:40,4.067,25,2.4044904124264974
MID90,SID90,67,2017-03-08 06:40:40,5.422,34,2.2816412108916198
MID89,SID89,67,2017-03-08 06:40:40,6.778,27,2.0046464007316054
MID88,SID88,67,2017-03-08 06:40:40,5.422,26,2.453351490027294
MID86,SID86,67,2017-03-08 06:40:40,4.067,28,2.0425599613478314
MID83,SID83,67,2017-03-08 06:40:40,4.067,31,2.383737726477495
MID82,SID82,67,2017-03-08 06:40:40,6.100,31,2.05693689116336
MID80,SID80,67,2017-03-08 06:40:40,6.100,27,2.4490807269748727
MID57,SID57,67,2017-03-08 06:40:40,6.778,34,2.3799556839950555
MID55,SID55,67,2017-03-08 06:40:40,5.422,25,2.3963484633647933
MID53,SID53,67,2017-03-08 06:40:40,4.744,30,2.3818832740628504
MID69,SID69,67,2017-03-08 06:40:40,6.778,27,2.260268985875698
MID68,SID68,67,2017-03-08 06:40:40,4.744,27,2.173631776079011
MID67,SID67,67,2017-03-08 06:40:40,6.100,25,2.1354819248013674
MID65,SID65,67,2017-03-08 06:40:40,6.100,34,2.0991724357031734
MID64,SID64,67,2017-03-08 06:40:40,5.422,27,2.4244615460610706
MID63,SID63,67,2017-03-08 06:40:40,4.067,28,2.3631335919283982
MID61,SID61,67,2017-03-08 06:40:40,6.100,32,2.3173079405807133
MID39,SID39,67,2017-03-08 06:40:40,5.422,34,2.1501222831797886
MID38,SID38,67,2017-03-08 06:40:40,4.744,33,2.3653343838881895
MID37,SID37,67,2017-03-08 06:40:40,5.422,25,2.2129346747530874
MID36,SID36,67,2017-03-08 06:40:40,6.100,29,2.1189513926986687
MID35,SID35,67,2017-03-08 06:40:40,6.100,32,2.347445823250684
MID34,SID34,67,2017-03-08 06:40:40,3.389,28,2.487127828917541
MID32,SID32,67,2017-03-08 06:40:40,6.100,25,2.05831529203692
MID31,SID31,67,2017-03-08 06:40:40,3.389,33,2.4615900509815454
MID30,SID30,67,2017-03-08 06:40:40,4.744,33,2.4424792639678277
MID48,SID48,67,2017-03-08 06:40:40,6.100,32,2.0072404290149435
MID45,SID45,67,2017-03-08 06:40:40,4.744,26,2.1864655887344187
MID44,SID44,67,2017-03-08 06:40:40,3.389,31,2.2223850691647264
MID42,SID42,67,2017-03-08 06:40:40,6.100,25,2.0260773452927068
MID41,SID41,67,2017-03-08 06:40:40,6.100,26,2.45559312151826
MID19,SID19,67,2017-03-08 06:40:50,5.444,31,2.269642678259208
MID18,SID18,67,2017-03-08 06:40:50,4.764,32,2.003366645057235
MID17,SID17,67,2017-03-08 06:40:50,5.444,30,2.2892057695696244
MID15,SID15,67,2017-03-08 06:40:50,3.403,26,2.046099341232585
MID14,SID14,67,2017-03-08 06:40:50,5.444,28,2.0248587635076642
MID13,SID13,67,2017-03-08 06:40:50,6.125,28,2.362128472491738
MID12,SID12,67,2017-03-08 06:40:50,5.444,30,2.4561717644190293
MID11,SID11,67,2017-03-08 06:40:50,6.806,26,2.1699898705785565
MID10,SID10,67,2017-03-08 06:40:50,3.403,32,2.243578863472994
MID98,SID98,67,2017-03-08 06:40:50,6.125,33,2.1817811928982422
MID96,SID96,67,2017-03-08 06:40:50,6.125,33,2.0139554897046748
MID95,SID95,67,2017-03-08 06:40:50,6.806,32,2.1996628598649344
MID92,SID92,67,2017-03-08 06:40:50,4.764,32,2.2525383035001414
MID4,SID4,67,2017-03-08 06:40:50,3.403,34,2.4537762581334
MID7,SID7,67,2017-03-08 06:40:50,6.806,32,2.3840280464604584
MID1,SID1,67,2017-03-08 06:40:50,4.764,32,2.425506746936309
MID2,SID2,67,2017-03-08 06:40:50,6.806,34,2.0965522752706915
MID3,SID3,67,2017-03-08 06:40:50,6.125,29,2.237258768838689
MID28,SID28,67,2017-03-08 06:40:50,4.764,31,2.0716186228844697
MID26,SID26,67,2017-03-08 06:40:50,4.083,30,2.401200207011148
MID8,SID8,67,2017-03-08 06:40:50,4.764,28,2.313789169242783
MID25,SID25,67,2017-03-08 06:40:50,3.403,26,2.0093495757702255
MID24,SID24,67,2017-03-08 06:40:50,3.403,28,2.2157444403833195
MID22,SID22,67,2017-03-08 06:40:50,4.764,33,2.400104825699761
MID21,SID21,67,2017-03-08 06:40:50,4.083,33,2.435420222436181
MID20,SID20,67,2017-03-08 06:40:50,4.764,25,2.2683476866470036
MID79,SID79,67,2017-03-08 06:40:50,3.403,28,2.0808929526207662
MID78,SID78,67,2017-03-08 06:40:50,5.444,25,2.418468947300554
MID75,SID75,67,2017-03-08 06:40:50,4.764,34,2.242650116844335
MID72,SID72,67,2017-03-08 06:40:50,6.806,34,2.0170254559535152
MID71,SID71,67,2017-03-08 06:40:50,4.083,25,2.4447806429524017
MID90,SID90,67,2017-03-08 06:40:50,5.444,34,2.4631293017938094
MID89,SID89,67,2017-03-08 06:40:50,6.806,33,2.1281810271846036
MID88,SID88,67,2017-03-08 06:40:50,5.444,29,2.3700267827250148
MID86,SID86,67,2017-03-08 06:40:50,4.083,33,2.3441384243768972
MID83,SID83,67,2017-03-08 06:40:50,4.083,28,2.323076145244502
MID82,SID82,67,2017-03-08 06:40:50,6.125,28,2.4574163952570496
MID80,SID80,67,2017-03-08 06:40:50,6.125,29,2.1356584141357216
MID57,SID57,67,2017-03-08 06:40:50,6.806,28,2.1965836901765465
MID55,SID55,67,2017-03-08 06:40:50,5.444,25,2.254194401184926
MID53,SID53,67,2017-03-08 06:40:50,4.764,33,2.3339209240486856
MID69,SID69,67,2017-03-08 06:40:50,6.806,28,2.0783232780072405
MID68,SID68,67,2017-03-08 06:40:50,4.764,30,2.0512891188308187
MID67,SID67,67,2017-03-08 06:40:50,6.125,32,2.263970419007024
MID65,SID65,67,2017-03-08 06:40:50,6.125,34,2.2178592986630443
MID64,SID64,67,2017-03-08 06:40:50,5.444,34,2.310772204818148
MID63,SID63,67,2017-03-08 06:40:50,4.083,32,2.306534074442331
MID61,SID61,67,2017-03-08 06:40:50,6.125,34,2.435193660882569
MID39,SID39,67,2017-03-08 06:40:50,5.444,34,2.0090735245100073
MID38,SID38,67,2017-03-08 06:40:50,4.764,34,2.201862805742324
MID37,SID37,67,2017-03-08 06:40:50,5.444,26,2.042513164331953
MID36,SID36,67,2017-03-08 06:40:50,6.125,34,2.186581353299861
MID35,SID35,67,2017-03-08 06:40:50,6.125,32,2.0771149467927166
MID34,SID34,67,2017-03-08 06:40:50,3.403,33,2.100950624283057
MID32,SID32,67,2017-03-08 06:40:50,6.125,34,2.497047337969727
MID31,SID31,67,2017-03-08 06:40:50,3.403,34,2.405921219300221
MID30,SID30,67,2017-03-08 06:40:50,4.764,27,2.053241177749449
MID48,SID48,67,2017-03-08 06:40:50,6.125,33,2.0630507945764056
MID45,SID45,67,2017-03-08 06:40:50,4.764,30,2.0973099360832426
MID44,SID44,67,2017-03-08 06:40:50,3.403,26,2.3874251116092298
MID42,SID42,67,2017-03-08 06:40:50,6.125,34,2.0819029413438193
MID41,SID41,67,2017-03-08 06:40:50,6.125,25,2.183107528743249
MID19,SID19,67,2017-03-08 06:41:00,5.467,29,2.4858681017146433
MID18,SID18,67,2017-03-08 06:41:00,4.783,30,2.0327981049635486
MID17,SID17,67,2017-03-08 06:41:00,5.467,27,2.2429541182882393
MID15,SID15,67,2017-03-08 06:41:00,3.417,33,2.216785287214339
MID14,SID14,67,2017-03-08 06:41:00,5.467,25,2.466708171364745
MID13,SID13,67,2017-03-08 06:41:00,6.150,25,2.1224398530422532
MID12,SID12,67,2017-03-08 06:41:00,5.467,27,2.4771346150034415
MID11,SID11,67,2017-03-08 06:41:00,6.833,34,2.464497885207168
MID10,SID10,67,2017-03-08 06:41:00,3.417,29,2.3537026611404017
MID98,SID98,67,2017-03-08 06:41:00,6.150,27,2.4394029239314037
MID96,SID96,67,2017-03-08 06:41:00,6.150,29,2.011240229150628
MID95,SID95,67,2017-03-08 06:41:00,6.833,25,2.358236172670286
MID92,SID92,67,2017-03-08 06:41:00,4.783,25,2.153248735221726
MID4,SID4,67,2017-03-08 06:41:00,3.417,32,2.1777393219701073
MID7,SID7,67,2017-03-08 06:41:00,6.833,31,2.225828650943774
MID1,SID1,67,2017-03-08 06:41:00,4.783,28,2.431713111282119
MID2,SID2,67,2017-03-08 06:41:00,6.833,34,2.018711896069858
MID3,SID3,67,2017-03-08 06:41:00,6.150,29,2.4798395596064595
MID28,SID28,67,2017-03-08 06:41:00,4.783,28,2.117104791772169
MID26,SID26,67,2017-03-08 06:41:00,4.100,33,2.132964015595263
MID8,SID8,67,2017-03-08 06:41:00,4.783,28,2.287949478045976
MID25,SID25,67,2017-03-08 06:41:00,3.417,31,2.084925439571546
MID24,SID24,67,2017-03-08 06:41:00,3.417,28,2.14338286116324
MID22,SID22,67,2017-03-08 06:41:00,4.783,34,2.1160705228764125
MID21,SID21,67,2017-03-08 06:41:00,4.100,30,2.271763549708968
MID20,SID20,67,2017-03-08 06:41:00,4.783,30,2.389311206189984
MID79,SID79,67,2017-03-08 06:41:00,3.417,31,2.4768866054963405
MID78,SID78,67,2017-03-08 06:41:00,5.467,28,2.364271192929743
MID75,SID75,67,2017-03-08 06:41:00,4.783,26,2.3960080195898605
MID72,SID72,67,2017-03-08 06:41:00,6.833,28,2.096043421219128
MID71,SID71,67,2017-03-08 06:41:00,4.100,34,2.3710044630347253
MID90,SID90,67,2017-03-08 06:41:00,5.467,30,2.492096452506993
MID89,SID89,67,2017-03-08 06:41:00,6.833,28,2.270102454584778
MID88,SID88,67,2017-03-08 06:41:00,5.467,28,2.4767306953772925
MID86,SID86,67,2017-03-08 06:41:00,4.100,31,2.378579586792081
MID83,SID83,67,2017-03-08 06:41:00,4.100,25,2.476364201363097
MID82,SID82,67,2017-03-08 06:41:00,6.150,32,2.3731883960284907
MID80,SID80,67,2017-03-08 06:41:00,6.150,28,2.4589065254834783
MID57,SID57,67,2017-03-08 06:41:00,6.833,27,2.145362023089205
MID55,SID55,67,2017-03-08 06:41:00,5.467,33,2.2439499668644585
MID53,SID53,67,2017-03-08 06:41:00,4.783,32,2.114209518786208
MID69,SID69,67,2017-03-08 06:41:00,6.833,27,2.394210412978515
MID68,SID68,67,2017-03-08 06:41:00,4.783,28,2.359871437621859
MID67,SID67,67,2017-03-08 06:41:00,6.150,25,2.0084757372513837
MID65,SID65,67,2017-03-08 06:41:00,6.150,27,2.210548366764334
MID64,SID64,67,2017-03-08 06:41:00,5.467,31,2.2827364825506145
MID63,SID63,67,2017-03-08 06:41:00,4.100,26,2.3197965350166907
MID61,SID61,67,2017-03-08 06:41:00,6.150,29,2.097706230370374
MID39,SID39,67,2017-03-08 06:41:00,5.467,32,2.1436464930118677
MID38,SID38,67,2017-03-08 06:41:00,4.783,27,2.4451565751179962
MID37,SID37,67,2017-03-08 06:41:00,5.467,32,2.063839868045756
MID36,SID36,67,2017-03-08 06:41:00,6.150,26,2.373985640508748
MID35,SID35,67,2017-03-08 06:41:00,6.150,25,2.058625363567255
MID34,SID34,67,2017-03-08 06:41:00,3.417,25,2.0370906364223136
MID32,SID32,67,2017-03-08 06:41:00,6.150,25,2.0083594371810913
MID31,SID31,67,2017-03-08 06:41:00,3.417,27,2.200091759246265
MID30,SID30,67,2017-03-08 06:41:00,4.783,25,2.061123611607645
MID48,SID48,67,2017-03-08 06:41:00,6.150,30,2.449661901918678
MID45,SID45,67,2017-03-08 06:41:00,4.783,32,2.310814449739464
MID44,SID44,67,2017-03-08 06:41:00,3.417,33,2.183004966728911
MID42,SID42,67,2017-03-08 06:41:00,6.150,33,2.002441152631911
MID41,SID41,67,2017-03-08 06:41:00,6.150,29,2.422642486645276
MID19,SID19,67,2017-03-08 06:41:10,5.489,28,2.0437503541898208
MID17,SID17,67,2017-03-08 06:41:10,5.489,29,2.4804729464371786
MID15,SID15,67,2017-03-08 06:41:10,3.431,29,2.2814077450298105
MID13,SID13,67,2017-03-08 06:41:10,6.175,30,2.0278956220104463
MID11,SID11,67,2017-03-08 06:41:10,6.861,25,2.4926548255249044
MID10,SID10,67,2017-03-08 06:41:10,3.431,34,2.006902687031478
MID98,SID98,67,2017-03-08 06:41:10,6.175,27,2.0376137311248357
MID96,SID96,67,2017-03-08 06:41:10,6.175,31,2.211194153923882
MID95,SID95,67,2017-03-08 06:41:10,6.861,27,2.017011727709805
MID92,SID92,67,2017-03-08 06:41:10,4.803,30,2.27535043390983
MID4,SID4,67,2017-03-08 06:41:10,3.431,31,2.4364671691718485
MID7,SID7,67,2017-03-08 06:41:10,6.861,28,2.1958102958849888
MID1,SID1,67,2017-03-08 06:41:10,4.803,26,2.3583140840820973
MID2,SID2,67,2017-03-08 06:41:10,6.861,28,2.319095049898668
MID3,SID3,67,2017-03-08 06:41:10,6.175,27,2.3690777233595672
MID28,SID28,67,2017-03-08 06:41:10,4.803,30,2.3667609837609542
MID26,SID26,67,2017-03-08 06:41:10,4.117,29,2.0703790819612022
MID8,SID8,67,2017-03-08 06:41:10,4.803,31,2.0435538535020927
MID25,SID25,67,2017-03-08 06:41:10,3.431,29,2.4082317681887018
MID24,SID24,67,2017-03-08 06:41:10,3.431,27,2.316374425504406
MID22,SID22,67,2017-03-08 06:41:10,4.803,33,2.3643893279442816
MID21,SID21,67,2017-03-08 06:41:10,4.117,25,2.254725663392998
MID20,SID20,67,2017-03-08 06:41:10,4.803,33,2.1389675472472938
MID79,SID79,67,2017-03-08 06:41:10,3.431,33,2.270225823973501
MID78,SID78,67,2017-03-08 06:41:10,5.489,34,2.2745188411868194
MID75,SID75,67,2017-03-08 06:41:10,4.803,31,2.373384551266789
MID72,SID72,67,2017-03-08 06:41:10,6.861,30,2.177231779579666
MID71,SID71,67,2017-03-08 06:41:10,4.117,26,2.187229117968257
MID90,SID90,67,2017-03-08 06:41:10,5.489,31,2.381688735228538
MID88,SID88,67,2017-03-08 06:41:10,5.489,30,2.173520664851586
MID86,SID86,67,2017-03-08 06:41:10,4.117,34,2.080973848345691
MID83,SID83,67,2017-03-08 06:41:10,4.117,29,2.053540588931811
MID80,SID80,67,2017-03-08 06:41:10,6.175,34,2.0047379495859703
MID57,SID57,67,2017-03-08 06:41:10,6.861,27,2.051466226851587
MID55,SID55,67,2017-03-08 06:41:10,5.489,33,2.4221170786567683
MID53,SID53,67,2017-03-08 06:41:10,4.803,32,2.205107350959784
MID68,SID68,67,2017-03-08 06:41:10,4.803,30,2.4571030605340614
MID67,SID67,67,2017-03-08 06:41:10,6.175,28,2.361204045239468
MID65,SID65,67,2017-03-08 06:41:10,6.175,25,2.2903844701632026
MID64,SID64,67,2017-03-08 06:41:10,5.489,29,2.4781049130283646
MID63,SID63,67,2017-03-08 06:41:10,4.117,34,2.4556637641689387
MID61,SID61,67,2017-03-08 06:41:10,6.175,31,2.239434253376219
MID39,SID39,67,2017-03-08 06:41:10,5.489,29,2.2995757840671085
MID38,SID38,67,2017-03-08 06:41:10,4.803,25,2.3334390209283113
MID37,SID37,67,2017-03-08 06:41:10,5.489,27,2.0784391547145353
MID36,SID36,67,2017-03-08 06:41:10,6.175,29,2.450957748633836
MID35,SID35,67,2017-03-08 06:41:10,6.175,25,2.0574147696737684
MID34,SID34,67,2017-03-08 06:41:10,3.431,30,2.0707723672438147
MID32,SID32,67,2017-03-08 06:41:10,6.175,27,2.222644798796221
MID31,SID31,67,2017-03-08 06:41:10,3.431,29,2.32707065339688
MID30,SID30,67,2017-03-08 06:41:10,4.803,34,2.478452592738715
MID48,SID48,67,2017-03-08 06:41:10,6.175,32,2.204118658987399
MID45,SID45,67,2017-03-08 06:41:10,4.803,34,2.0895060290027208
MID44,SID44,67,2017-03-08 06:41:10,3.431,29,2.2243160837530613
MID42,SID42,67,2017-03-08 06:41:10,6.175,27,2.4352781940645265
MID41,SID41,67,2017-03-08 06:41:10,6.175,32,2.05308119740271
MID19,SID19,67,2017-03-08 06:41:20,5.511,28,2.4903075205529834
MID17,SID17,67,2017-03-08 06:41:20,5.511,29,2.2526424123333366
MID15,SID15,67,2017-03-08 06:41:20,3.444,26,2.1801907703321004
MID13,SID13,67,2017-03-08 06:41:20,6.200,27,2.2574631818714233
MID11,SID11,67,2017-03-08 06:41:20,6.889,26,2.130002181245043
MID10,SID10,67,2017-03-08 06:41:20,3.444,30,2.0689182201223337
MID98,SID98,67,2017-03-08 06:41:20,6.200,28,2.0047648948001404
MID96,SID96,67,2017-03-08 06:41:20,6.200,28,2.2104881557441503
MID95,SID95,67,2017-03-08 06:41:20,6.889,32,2.3078348307836567
MID92,SID92,67,2017-03-08 06:41:20,4.822,25,2.020619029687506
MID4,SID4,67,2017-03-08 06:41:20,3.444,33,2.1593230177427993
MID7,SID7,67,2017-03-08 06:41:20,6.889,31,2.1131507743307316
MID1,SID1,67,2017-03-08 06:41:20,4.822,34,2.047816627107525
MID2,SID2,67,2017-03-08 06:41:20,6.889,30,2.0587915259277447
MID3,SID3,67,2017-03-08 06:41:20,6.200,25,2.000236572647117
MID28,SID28,67,2017-03-08 06:41:20,4.822,25,2.2503486319917
MID26,SID26,67,2017-03-08 06:41:20,4.133,26,2.3099798877851336
MID8,SID8,67,2017-03-08 06:41:20,4.822,30,2.3721285775314858
MID25,SID25,67,2017-03-08 06:41:20,3.444,29,2.3412612009027924
MID24,SID24,67,2017-03-08 06:41:20,3.444,29,2.0616707583920073
MID22,SID22,67,2017-03-08 06:41:20,4.822,32,2.3451990215997354
MID21,SID21,67,2017-03-08 06:41:20,4.133,26,2.017526919251473
MID20,SID20,67,2017-03-08 06:41:20,4.822,26,2.21042376540528
MID79,SID79,67,2017-03-08 06:41:20,3.444,28,2.0365281517262375
MID78,SID78,67,2017-03-08 06:41:20,5.511,32,2.400091294722652
MID75,SID75,67,2017-03-08 06:41:20,4.822,29,2.291265439504096
MID72,SID72,67,2017-03-08 06:41:20,6.889,26,2.0654429366208307
MID71,SID71,67,2017-03-08 06:41:20,4.133,27,2.1566381760318896
MID90,SID90,67,2017-03-08 06:41:20,5.511,30,2.3907117919176826
MID88,SID88,67,2017-03-08 06:41:20,5.511,34,2.234355807526929
MID86,SID86,67,2017-03-08 06:41:20,4.133,28,2.372576062182712
MID83,SID83,67,2017-03-08 06:41:20,4.133,28,2.2170778442427
MID80,SID80,67,2017-03-08 06:41:20,6.200,32,2.4827363766783375
MID57,SID57,67,2017-03-08 06:41:20,6.889,25,2.387788780314405
MID55,SID55,67,2017-03-08 06:41:20,5.511,27,2.431524278147641
MID53,SID53,67,2017-03-08 06:41:20,4.822,29,2.0443063550432203
MID68,SID68,67,2017-03-08 06:41:20,4.822,28,2.0551317988691493
MID67,SID67,67,2017-03-08 06:41:20,6.200,30,2.0980930708972934
MID65,SID65,67,2017-03-08 06:41:20,6.200,34,2.271972550181354
MID64,SID64,67,2017-03-08 06:41:20,5.511,25,2.252733617809483
MID63,SID63,67,2017-03-08 06:41:20,4.133,34,2.0443367876403946
MID61,SID61,67,2017-03-08 06:41:20,6.200,33,2.3112259835992797
MID39,SID39,67,2017-03-08 06:41:20,5.511,29,2.2866415814518755
MID38,SID38,67,2017-03-08 06:41:20,4.822,27,2.3282220015501727
MID37,SID37,67,2017-03-08 06:41:20,5.511,25,2.4117112567928505
MID36,SID36,67,2017-03-08 06:41:20,6.200,31,2.320013379257039
MID35,SID35,67,2017-03-08 06:41:20,6.200,29,2.1547397860110173
MID34,SID34,67,2017-03-08 06:41:20,3.444,34,2.287610923997732
MID32,SID32,67,2017-03-08 06:41:20,6.200,34,2.3185590567392182
MID31,SID31,67,2017-03-08 06:41:20,3.444,27,2.320753497143211
MID30,SID30,67,2017-03-08 06:41:20,4.822,27,2.155597983805883
MID48,SID48,67,2017-03-08 06:41:20,6.200,32,2.1511400268922145
MID45,SID45,67,2017-03-08 06:41:20,4.822,27,2.236212773386871
MID44,SID44,67,2017-03-08 06:41:20,3.444,34,2.3036101002279303
MID42,SID42,67,2017-03-08 06:41:20,6.200,25,2.1140203151584434
MID41,SID41,67,2017-03-08 06:41:20,6.200,30,2.435995978896218
MID19,SID19,67,2017-03-08 06:41:30,5.533,30,2.008925289512512
MID17,SID17,67,2017-03-08 06:41:30,5.533,33,2.026932253828399
MID15,SID15,67,2017-03-08 06:41:30,3.458,32,2.242256130531072
MID13,SID13,67,2017-03-08 06:41:30,6.225,27,2.1249188717763694
MID11,SID11,67,2017-03-08 06:41:30,6.917,28,2.2835131598625407
MID10,SID10,67,2017-03-08 06:41:30,3.458,29,2.3666958513387524
MID98,SID98,67,2017-03-08 06:41:30,6.225,28,2.3854932017812844
MID96,SID96,67,2017-03-08 06:41:30,6.225,33,2.174822842890073
MID95,SID95,67,2017-03-08 06:41:30,6.917,31,2.3293828204639118
MID92,SID92,67,2017-03-08 06:41:30,4.842,28,2.158144712036288
MID4,SID4,67,2017-03-08 06:41:30,3.458,33,2.0439923701026186
MID7,SID7,67,2017-03-08 06:41:30,6.917,32,2.0575323209112457
MID1,SID1,67,2017-03-08 06:41:30,4.842,32,2.356105595391668
MID2,SID2,67,2017-03-08 06:41:30,6.917,33,2.21310006255858
MID3,SID3,67,2017-03-08 06:41:30,6.225,25,2.1401402316261864
MID28,SID28,67,2017-03-08 06:41:30,4.842,34,2.198379162176396
MID26,SID26,67,2017-03-08 06:41:30,4.150,29,2.1586500416221255
MID8,SID8,67,2017-03-08 06:41:30,4.842,25,2.1587425675042264
MID25,SID25,67,2017-03-08 06:41:30,3.458,29,2.1460423494445173
MID24,SID24,67,2017-03-08 06:41:30,3.458,29,2.2468555974665287
MID22,SID22,67,2017-03-08 06:41:30,4.842,34,2.300676307668943
MID21,SID21,67,2017-03-08 06:41:30,4.150,32,2.381460200061565
MID20,SID20,67,2017-03-08 06:41:30,4.842,29,2.0959516605071484
MID79,SID79,67,2017-03-08 06:41:30,3.458,34,2.0522602119869937
MID78,SID78,67,2017-03-08 06:41:30,5.533,25,2.4094935945813214
MID75,SID75,67,2017-03-08 06:41:30,4.842,34,2.274807993740498
MID72,SID72,67,2017-03-08 06:41:30,6.917,26,2.186847713526197
MID71,SID71,67,2017-03-08 06:41:30,4.150,25,2.05389742592362
MID90,SID90,67,2017-03-08 06:41:30,5.533,25,2.3551269399364108
MID88,SID88,67,2017-03-08 06:41:30,5.533,33,2.2950929188673577
MID86,SID86,67,2017-03-08 06:41:30,4.150,26,2.451908177305005
MID83,SID83,67,2017-03-08 06:41:30,4.150,26,2.0488728066022954
MID80,SID80,67,2017-03-08 06:41:30,6.225,25,2.4935244068848816
MID57,SID57,67,2017-03-08 06:41:30,6.917,25,2.399941065317117
MID55,SID55,67,2017-03-08 06:41:30,5.533,28,2.311358360454267
MID53,SID53,67,2017-03-08 06:41:30,4.842,28,2.4838780545916315
MID68,SID68,67,2017-03-08 06:41:30,4.842,26,2.457697673660937
MID67,SID67,67,2017-03-08 06:41:30,6.225,25,2.025282579885176
MID65,SID65,67,2017-03-08 06:41:30,6.225,33,2.3116522491712708
MID64,SID64,67,2017-03-08 06:41:30,5.533,27,2.446056556217523
MID63,SID63,67,2017-03-08 06:41:30,4.150,28,2.1298834260390924
MID61,SID61,67,2017-03-08 06:41:30,6.225,29,2.445307139992959
MID39,SID39,67,2017-03-08 06:41:30,5.533,28,2.0815427028641116
MID38,SID38,67,2017-03-08 06:41:30,4.842,32,2.3523248124630936
MID37,SID37,67,2017-03-08 06:41:30,5.533,33,2.3957182740967347
MID36,SID36,67,2017-03-08 06:41:30,6.225,26,2.029468100979464
MID35,SID35,67,2017-03-08 06:41:30,6.225,28,2.233839949286149
MID34,SID34,67,2017-03-08 06:41:30,3.458,26,2.3117731278686557
MID32,SID32,67,2017-03-08 06:41:30,6.225,27,2.4374529664367985
MID31,SID31,67,2017-03-08 06:41:30,3.458,32,2.2573587288112633
MID30,SID30,67,2017-03-08 06:41:30,4.842,29,2.3672322278851734
MID48,SID48,67,2017-03-08 06:41:30,6.225,27,2.332560453643336
MID45,SID45,67,2017-03-08 06:41:30,4.842,32,2.1643558020612663
MID44,SID44,67,2017-03-08 06:41:30,3.458,33,2.262534806477639
MID42,SID42,67,2017-03-08 06:41:30,6.225,29,2.070797630871888
MID41,SID41,67,2017-03-08 06:41:30,6.225,28,2.3056988827167273
MID19,SID19,67,2017-03-08 06:41:40,5.556,29,2.0384093146214073
MID17,SID17,67,2017-03-08 06:41:40,5.556,30,2.11385987836146
MID15,SID15,67,2017-03-08 06:41:40,3.472,34,2.306376120608321
MID13,SID13,67,2017-03-08 06:41:40,6.250,26,2.372676651291624
MID11,SID11,67,2017-03-08 06:41:40,6.944,34,2.4307784658697553
MID10,SID10,67,2017-03-08 06:41:40,3.472,31,2.41420891695917
MID98,SID98,67,2017-03-08 06:41:40,6.250,31,2.3991615684960577
MID96,SID96,67,2017-03-08 06:41:40,6.250,33,2.345402261866261
MID95,SID95,67,2017-03-08 06:41:40,6.944,32,2.1826281251307242
MID92,SID92,67,2017-03-08 06:41:40,4.861,31,2.4779711540844582
MID4,SID4,67,2017-03-08 06:41:40,3.472,25,2.3940914693948647
MID7,SID7,67,2017-03-08 06:41:40,6.944,29,2.140575095699951
MID1,SID1,67,2017-03-08 06:41:40,4.861,29,2.0285625154435234
MID2,SID2,67,2017-03-08 06:41:40,6.944,30,2.015544651328879
MID3,SID3,67,2017-03-08 06:41:40,6.250,34,2.4351217079319687
MID28,SID28,67,2017-03-08 06:41:40,4.861,25,2.3325453097163384
MID26,SID26,67,2017-03-08 06:41:40,4.167,25,2.406376283850821
MID8,SID8,67,2017-03-08 06:41:40,4.861,28,2.0011900338972146
MID25,SID25,67,2017-03-08 06:41:40,3.472,32,2.081948522545914
MID24,SID24,67,2017-03-08 06:41:40,3.472,32,2.2310850078237534
MID22,SID22,67,2017-03-08 06:41:40,4.861,28,2.089017943853058
MID21,SID21,67,2017-03-08 06:41:40,4.167,31,2.0761192174433667
MID20,SID20,67,2017-03-08 06:41:40,4.861,33,2.1592840685897428
MID79,SID79,67,2017-03-08 06:41:40,3.472,31,2.289394877213211
MID78,SID78,67,2017-03-08 06:41:40,5.556,34,2.365803302865801
MID75,SID75,67,2017-03-08 06:41:40,4.861,33,2.1818815618487633
MID72,SID72,67,2017-03-08 06:41:40,6.944,33,2.155171925627102
MID71,SID71,67,2017-03-08 06:41:40,4.167,28,2.2629878803709316
MID90,SID90,67,2017-03-08 06:41:40,5.556,32,2.0885717679389715
MID88,SID88,67,2017-03-08 06:41:40,5.556,30,2.064781031570438
MID86,SID86,67,2017-03-08 06:41:40,4.167,30,2.045600792156739
MID83,SID83,67,2017-03-08 06:41:40,4.167,26,2.4502808495965707
MID80,SID80,67,2017-03-08 06:41:40,6.250,30,2.470199867482689
MID57,SID57,67,2017-03-08 06:41:40,6.944,29,2.0813737727436754
MID55,SID55,67,2017-03-08 06:41:40,5.556,29,2.2457406252216807
MID53,SID53,67,2017-03-08 06:41:40,4.861,33,2.3478330543165367
MID68,SID68,67,2017-03-08 06:41:40,4.861,31,2.4547426552561937
MID67,SID67,67,2017-03-08 06:41:40,6.250,25,2.45869723226413
MID65,SID65,67,2017-03-08 06:41:40,6.250,25,2.028348730894132
MID64,SID64,67,2017-03-08 06:41:40,5.556,29,2.3978655185436133
MID63,SID63,67,2017-03-08 06:41:40,4.167,34,2.385929008821553
MID61,SID61,67,2017-03-08 06:41:40,6.250,31,2.280152166898995
MID39,SID39,67,2017-03-08 06:41:40,5.556,29,2.120852058865177
MID38,SID38,67,2017-03-08 06:41:40,4.861,34,2.1721805847926583
MID37,SID37,67,2017-03-08 06:41:40,5.556,31,2.062457663715913
MID36,SID36,67,2017-03-08 06:41:40,6.250,32,2.015146925343283
MID35,SID35,67,2017-03-08 06:41:40,6.250,25,2.38609344627476
MID34,SID34,67,2017-03-08 06:41:40,3.472,33,2.1126337507864186
MID32,SID32,67,2017-03-08 06:41:40,6.250,26,2.329833808488657
MID31,SID31,67,2017-03-08 06:41:40,3.472,30,2.1351161772552176
MID30,SID30,67,2017-03-08 06:41:40,4.861,34,2.275912042215998
MID48,SID48,67,2017-03-08 06:41:40,6.250,34,2.200858030603203
MID45,SID45,67,2017-03-08 06:41:40,4.861,34,2.406362003995513
MID44,SID44,67,2017-03-08 06:41:40,3.472,25,2.2771579712671284
MID42,SID42,67,2017-03-08 06:41:40,6.250,30,2.354721410852549
MID41,SID41,67,2017-03-08 06:41:40,6.250,25,2.424741845815776
MID19,SID19,67,2017-03-08 06:41:50,5.578,26,2.405499722036042
MID17,SID17,67,2017-03-08 06:41:50,5.578,25,2.129956855577549
MID15,SID15,67,2017-03-08 06:41:50,3.486,31,2.381924321168002
MID13,SID13,67,2017-03-08 06:41:50,6.275,29,2.382563851970459
MID11,SID11,67,2017-03-08 06:41:50,6.972,25,2.000313003080287
MID10,SID10,67,2017-03-08 06:41:50,3.486,31,2.131910361090024
MID98,SID98,67,2017-03-08 06:41:50,6.275,32,2.4510138043634115
MID96,SID96,67,2017-03-08 06:41:50,6.275,27,2.006888842873807
MID95,SID95,67,2017-03-08 06:41:50,6.972,34,2.273979560073963
MID92,SID92,67,2017-03-08 06:41:50,4.881,25,2.0237661578016723
MID4,SID4,67,2017-03-08 06:41:50,3.486,33,2.1582686042097476
MID7,SID7,67,2017-03-08 06:41:50,6.972,25,2.0879646773380065
MID1,SID1,67,2017-03-08 06:41:50,4.881,31,2.0662840368405773
MID2,SID2,67,2017-03-08 06:41:50,6.972,28,2.3137410901663387
MID3,SID3,67,2017-03-08 06:41:50,6.275,34,2.231390029064094
MID28,SID28,67,2017-03-08 06:41:50,4.881,26,2.3809344617987866
MID26,SID26,67,2017-03-08 06:41:50,4.183,25,2.2148460277606605
MID8,SID8,67,2017-03-08 06:41:50,4.881,31,2.3379274203863405
MID25,SID25,67,2017-03-08 06:41:50,3.486,29,2.434980960727379
MID24,SID24,67,2017-03-08 06:41:50,3.486,30,2.4676922917186412
MID22,SID22,67,2017-03-08 06:41:50,4.881,30,2.363378136315066
MID21,SID21,67,2017-03-08 06:41:50,4.183,31,2.414120460162819
MID20,SID20,67,2017-03-08 06:41:50,4.881,34,2.0568590062878798
MID79,SID79,67,2017-03-08 06:41:50,3.486,32,2.0834160426275075
MID78,SID78,67,2017-03-08 06:41:50,5.578,34,2.4044659416499226
MID75,SID75,67,2017-03-08 06:41:50,4.881,34,2.4676568899615736
MID72,SID72,67,2017-03-08 06:41:50,6.972,27,2.0466959147826227
MID71,SID71,67,2017-03-08 06:41:50,4.183,26,2.490599969351162
MID90,SID90,67,2017-03-08 06:41:50,5.578,28,2.3145054078448712
MID88,SID88,67,2017-03-08 06:41:50,5.578,32,2.4790605938557837
MID86,SID86,67,2017-03-08 06:41:50,4.183,34,2.3111584587309495
MID83,SID83,67,2017-03-08 06:41:50,4.183,28,2.340305903909297
MID80,SID80,67,2017-03-08 06:41:50,6.275,32,2.0816652280804653
MID57,SID57,67,2017-03-08 06:41:50,6.972,32,2.2401891305453256
MID55,SID55,67,2017-03-08 06:41:50,5.578,27,2.424433642611276
MID53,SID53,67,2017-03-08 06:41:50,4.881,32,2.440709906576391
MID68,SID68,67,2017-03-08 06:41:50,4.881,27,2.1338305950526113
MID67,SID67,67,2017-03-08 06:41:50,6.275,26,2.169631660047201
MID65,SID65,67,2017-03-08 06:41:50,6.275,30,2.388146140592972
MID64,SID64,67,2017-03-08 06:41:50,5.578,31,2.395920532349128
MID63,SID63,67,2017-03-08 06:41:50,4.183,27,2.3218107520546782
MID61,SID61,67,2017-03-08 06:41:50,6.275,32,2.191600267912019
MID39,SID39,67,2017-03-08 06:41:50,5.578,27,2.4243846393323545
MID38,SID38,67,2017-03-08 06:41:50,4.881,31,2.047300509401924
MID37,SID37,67,2017-03-08 06:41:50,5.578,25,2.3849177063166223
MID36,SID36,67,2017-03-08 06:41:50,6.275,28,2.2085718329516792
MID35,SID35,67,2017-03-08 06:41:50,6.275,34,2.205767197974008
MID34,SID34,67,2017-03-08 06:41:50,3.486,27,2.0252340057478486
MID32,SID32,67,2017-03-08 06:41:50,6.275,26,2.3156817378184478
MID31,SID31,67,2017-03-08 06:41:50,3.486,31,2.035142752527869
MID30,SID30,67,2017-03-08 06:41:50,4.881,33,2.322510814238181
MID48,SID48,67,2017-03-08 06:41:50,6.275,29,2.4157341557540484
MID45,SID45,67,2017-03-08 06:41:50,4.881,32,2.0263529257089967
MID44,SID44,67,2017-03-08 06:41:50,3.486,30,2.3868708270346035
MID42,SID42,67,2017-03-08 06:41:50,6.275,31,2.3387763832009294
MID41,SID41,67,2017-03-08 06:41:50,6.275,26,2.079607393086754
MID19,SID19,67,2017-03-08 06:42:00,5.600,31,2.1071674415967734
MID17,SID17,67,2017-03-08 06:42:00,5.600,27,2.295345843364971
MID15,SID15,67,2017-03-08 06:42:00,3.500,30,2.176816726724333
MID13,SID13,67,2017-03-08 06:42:00,6.300,34,2.1825614798616284
MID11,SID11,67,2017-03-08 06:42:00,7.000,34,2.3937547689938024
MID10,SID10,67,2017-03-08 06:42:00,3.500,32,2.3922261152870457
MID98,SID98,67,2017-03-08 06:42:00,6.300,34,2.1115419067212695
MID96,SID96,67,2017-03-08 06:42:00,6.300,34,2.092056530198152
MID95,SID95,67,2017-03-08 06:42:00,7.000,29,2.3577739417104544
MID92,SID92,67,2017-03-08 06:42:00,4.900,34,2.4546893192189603
MID4,SID4,67,2017-03-08 06:42:00,3.500,28,2.0889042164667755
MID7,SID7,67,2017-03-08 06:42:00,7.000,26,2.006268230488635
MID1,SID1,67,2017-03-08 06:42:00,4.900,28,2.2440625769871385
MID2,SID2,67,2017-03-08 06:42:00,7.000,33,2.3762543361442696
MID3,SID3,67,2017-03-08 06:42:00,6.300,26,2.422171085024549
MID28,SID28,67,2017-03-08 06:42:00,4.900,27,2.036883686960609
MID26,SID26,67,2017-03-08 06:42:00,4.200,32,2.1626265476504805
MID8,SID8,67,2017-03-08 06:42:00,4.900,25,2.241928365410256
MID25,SID25,67,2017-03-08 06:42:00,3.500,26,2.420762506817408
MID24,SID24,67,2017-03-08 06:42:00,3.500,25,2.2830211568185548
MID22,SID22,67,2017-03-08 06:42:00,4.900,26,2.3577905689388796
MID21,SID21,67,2017-03-08 06:42:00,4.200,30,2.351301047657133
MID20,SID20,67,2017-03-08 06:42:00,4.900,25,2.270346526665504
MID79,SID79,67,2017-03-08 06:42:00,3.500,28,2.114164660230593
MID78,SID78,67,2017-03-08 06:42:00,5.600,31,2.051842981966742
MID75,SID75,67,2017-03-08 06:42:00,4.900,32,2.2325804518935417
MID72,SID72,67,2017-03-08 06:42:00,7.000,33,2.44164337309329
MID71,SID71,67,2017-03-08 06:42:00,4.200,25,2.0132241520220977
MID90,SID90,67,2017-03-08 06:42:00,5.600,28,2.3921992638178473
MID88,SID88,67,2017-03-08 06:42:00,5.600,32,2.3634870847993703
MID86,SID86,67,2017-03-08 06:42:00,4.200,25,2.1609544102645835
MID83,SID83,67,2017-03-08 06:42:00,4.200,27,2.1415730440207827
MID80,SID80,67,2017-03-08 06:42:00,6.300,29,2.420594657790094
MID57,SID57,67,2017-03-08 06:42:00,7.000,34,2.476941934012685
MID55,SID55,67,2017-03-08 06:42:00,5.600,27,2.0963059953743333
MID53,SID53,67,2017-03-08 06:42:00,4.900,26,2.0628392710653545
MID68,SID68,67,2017-03-08 06:42:00,4.900,26,2.0429399520202884
MID67,SID67,67,2017-03-08 06:42:00,6.300,33,2.4220641980922126
MID65,SID65,67,2017-03-08 06:42:00,6.300,25,2.3446367900788028
MID64,SID64,67,2017-03-08 06:42:00,5.600,31,2.022980588241559
MID63,SID63,67,2017-03-08 06:42:00,4.200,29,2.3059137005280097
MID61,SID61,67,2017-03-08 06:42:00,6.300,28,2.4125627734260626
MID39,SID39,67,2017-03-08 06:42:00,5.600,32,2.0529692507861688
MID38,SID38,67,2017-03-08 06:42:00,4.900,33,2.0052044320465083
MID37,SID37,67,2017-03-08 06:42:00,5.600,27,2.3604335867935347
MID36,SID36,67,2017-03-08 06:42:00,6.300,32,2.0521657262212756
MID35,SID35,67,2017-03-08 06:42:00,6.300,32,2.081561113376965
MID34,SID34,67,2017-03-08 06:42:00,3.500,33,2.2576211711639225
MID32,SID32,67,2017-03-08 06:42:00,6.300,26,2.3778168009244256
MID31,SID31,67,2017-03-08 06:42:00,3.500,29,2.45295594124616
MID30,SID30,67,2017-03-08 06:42:00,4.900,26,2.035892113299145
MID48,SID48,67,2017-03-08 06:42:00,6.300,25,2.01603786504887
MID45,SID45,67,2017-03-08 06:42:00,4.900,34,2.4660005567981607
MID44,SID44,67,2017-03-08 06:42:00,3.500,26,2.308057515882279
MID42,SID42,67,2017-03-08 06:42:00,6.300,34,2.0097258720809337
MID41,SID41,67,2017-03-08 06:42:00,6.300,32,2.2034830266749923
MID19,SID19,67,2017-03-08 06:42:10,5.622,28,2.0573507968759923
MID17,SID17,67,2017-03-08 06:42:10,5.622,26,2.4932544168272472
MID15,SID15,67,2017-03-08 06:42:10,3.514,30,2.34383407035532
MID13,SID13,67,2017-03-08 06:42:10,6.325,26,2.016435047630155
MID11,SID11,67,2017-03-08 06:42:10,7.028,34,2.3528557128728247
MID10,SID10,67,2017-03-08 06:42:10,3.514,27,2.3862272197563907
MID98,SID98,67,2017-03-08 06:42:10,6.325,30,2.163520865254659
MID96,SID96,67,2017-03-08 06:42:10,6.325,32,2.0797762976048495
MID95,SID95,67,2017-03-08 06:42:10,7.028,32,2.001693170732726
MID92,SID92,67,2017-03-08 06:42:10,4.919,34,2.263351280877905
MID4,SID4,67,2017-03-08 06:42:10,3.514,25,2.454457511420514
MID7,SID7,67,2017-03-08 06:42:10,7.028,27,2.4039287738344464
MID1,SID1,67,2017-03-08 06:42:10,4.919,28,2.189407448385953
MID2,SID2,67,2017-03-08 06:42:10,7.028,30,2.1274757906647364
MID3,SID3,67,2017-03-08 06:42:10,6.325,26,2.4602156722346167
MID28,SID28,67,2017-03-08 06:42:10,4.919,25,2.378776240238675
MID26,SID26,67,2017-03-08 06:42:10,4.217,25,2.3780509625727113
MID8,SID8,67,2017-03-08 06:42:10,4.919,30,2.1872788001308416
MID24,SID24,67,2017-03-08 06:42:10,3.514,30,2.058521642930301
MID22,SID22,67,2017-03-08 06:42:10,4.919,32,2.3413935189918758
MID21,SID21,67,2017-03-08 06:42:10,4.217,28,2.3490375109682033
MID20,SID20,67,2017-03-08 06:42:10,4.919,28,2.0033975078998174
MID79,SID79,67,2017-03-08 06:42:10,3.514,27,2.039667387266382
MID78,SID78,67,2017-03-08 06:42:10,5.622,34,2.392131326775227
MID75,SID75,67,2017-03-08 06:42:10,4.919,31,2.332224026617499
MID72,SID72,67,2017-03-08 06:42:10,7.028,30,2.49092099099332
MID71,SID71,67,2017-03-08 06:42:10,4.217,25,2.1177358780472884
MID90,SID90,67,2017-03-08 06:42:10,5.622,29,2.2338385536374457
MID88,SID88,67,2017-03-08 06:42:10,5.622,31,2.0735642363632483
MID86,SID86,67,2017-03-08 06:42:10,4.217,34,2.3469346973521024
MID83,SID83,67,2017-03-08 06:42:10,4.217,26,2.0949046059883
MID80,SID80,67,2017-03-08 06:42:10,6.325,29,2.3837162299516037
MID57,SID57,67,2017-03-08 06:42:10,7.028,30,2.272101815236092
MID55,SID55,67,2017-03-08 06:42:10,5.622,32,2.45813930666649
MID53,SID53,67,2017-03-08 06:42:10,4.919,29,2.3110846717998244
MID68,SID68,67,2017-03-08 06:42:10,4.919,33,2.2741259799082445
MID67,SID67,67,2017-03-08 06:42:10,6.325,26,2.1097095258698793
MID65,SID65,67,2017-03-08 06:42:10,6.325,29,2.021746034417531
MID64,SID64,67,2017-03-08 06:42:10,5.622,31,2.111535823998914
MID63,SID63,67,2017-03-08 06:42:10,4.217,28,2.029922951885937
MID61,SID61,67,2017-03-08 06:42:10,6.325,29,2.4988850882610736
MID39,SID39,67,2017-03-08 06:42:10,5.622,32,2.3185200522286173
MID38,SID38,67,2017-03-08 06:42:10,4.919,30,2.327494312024548
MID37,SID37,67,2017-03-08 06:42:10,5.622,34,2.3754138351818725
MID36,SID36,67,2017-03-08 06:42:10,6.325,26,2.413224188927185
MID35,SID35,67,2017-03-08 06:42:10,6.325,28,2.3626362771806493
MID34,SID34,67,2017-03-08 06:42:10,3.514,27,2.1302089704427285
MID32,SID32,67,2017-03-08 06:42:10,6.325,25,2.0813280017841995
MID31,SID31,67,2017-03-08 06:42:10,3.514,33,2.222713236492311
MID30,SID30,67,2017-03-08 06:42:10,4.919,33,2.320028419624954
MID48,SID48,67,2017-03-08 06:42:10,6.325,32,2.4523470877455176
MID45,SID45,67,2017-03-08 06:42:10,4.919,25,2.123683758849953
MID44,SID44,67,2017-03-08 06:42:10,3.514,28,2.2951150039532755
MID42,SID42,67,2017-03-08 06:42:10,6.325,34,2.041584539924345
MID41,SID41,67,2017-03-08 06:42:10,6.325,31,2.471060671098644
MID19,SID19,67,2017-03-08 06:42:20,5.644,30,2.0143482573098668
MID17,SID17,67,2017-03-08 06:42:20,5.644,26,2.3772169773368126
MID15,SID15,67,2017-03-08 06:42:20,3.528,27,2.064936790477354
MID13,SID13,67,2017-03-08 06:42:20,6.350,25,2.4055951485255163
MID11,SID11,67,2017-03-08 06:42:20,7.056,28,2.325887809142461
MID10,SID10,67,2017-03-08 06:42:20,3.528,33,2.2594965387225336
MID98,SID98,67,2017-03-08 06:42:20,6.350,34,2.111251952332133
MID96,SID96,67,2017-03-08 06:42:20,6.350,25,2.1370725307731635
MID95,SID95,67,2017-03-08 06:42:20,7.056,29,2.217432059760846
MID92,SID92,67,2017-03-08 06:42:20,4.939,34,2.475303357091285
MID4,SID4,67,2017-03-08 06:42:20,3.528,31,2.487767721012108
MID7,SID7,67,2017-03-08 06:42:20,7.056,28,2.214488763266319
MID1,SID1,67,2017-03-08 06:42:20,4.939,32,2.283936685932601
MID2,SID2,67,2017-03-08 06:42:20,7.056,28,2.1903657488155392
MID3,SID3,67,2017-03-08 06:42:20,6.350,27,2.050595626480449
MID28,SID28,67,2017-03-08 06:42:20,4.939,33,2.4006828449122115
MID26,SID26,67,2017-03-08 06:42:20,4.233,28,2.1239709372722855
MID8,SID8,67,2017-03-08 06:42:20,4.939,31,2.085014262096524
MID24,SID24,67,2017-03-08 06:42:20,3.528,33,2.1481885799243705
MID22,SID22,67,2017-03-08 06:42:20,4.939,34,2.238978012471454
MID21,SID21,67,2017-03-08 06:42:20,4.233,29,2.435755907974404
MID20,SID20,67,2017-03-08 06:42:20,4.939,27,2.4250163146926953
MID79,SID79,67,2017-03-08 06:42:20,3.528,29,2.0894374611387647
MID78,SID78,67,2017-03-08 06:42:20,5.644,29,2.238038690074653
MID75,SID75,67,2017-03-08 06:42:20,4.939,26,2.3783552276662956
MID72,SID72,67,2017-03-08 06:42:20,7.056,28,2.1589639799799145
MID71,SID71,67,2017-03-08 06:42:20,4.233,29,2.441336172945332
MID90,SID90,67,2017-03-08 06:42:20,5.644,28,2.4605775622802515
MID88,SID88,67,2017-03-08 06:42:20,5.644,27,2.3868436540709026
MID86,SID86,67,2017-03-08 06:42:20,4.233,33,2.3033662475733605
MID83,SID83,67,2017-03-08 06:42:20,4.233,34,2.0165589100788908
MID80,SID80,67,2017-03-08 06:42:20,6.350,29,2.1828417536045195
MID57,SID57,67,2017-03-08 06:42:20,7.056,26,2.002111386694557
MID55,SID55,67,2017-03-08 06:42:20,5.644,31,2.472122140098704
MID53,SID53,67,2017-03-08 06:42:20,4.939,31,2.1492420138169592
MID68,SID68,67,2017-03-08 06:42:20,4.939,25,2.034610876069608
MID67,SID67,67,2017-03-08 06:42:20,6.350,25,2.064970614303828
MID65,SID65,67,2017-03-08 06:42:20,6.350,31,2.442175439851815
MID64,SID64,67,2017-03-08 06:42:20,5.644,28,2.0195729010156374
MID63,SID63,67,2017-03-08 06:42:20,4.233,33,2.3927227349142237
MID61,SID61,67,2017-03-08 06:42:20,6.350,31,2.3647465703733475
MID39,SID39,67,2017-03-08 06:42:20,5.644,27,2.002936954980841
MID38,SID38,67,2017-03-08 06:42:20,4.939,31,2.469365401401112
MID37,SID37,67,2017-03-08 06:42:20,5.644,30,2.48478437959795
MID36,SID36,67,2017-03-08 06:42:20,6.350,32,2.487122826729567
MID35,SID35,67,2017-03-08 06:42:20,6.350,28,2.2047191077214325
MID34,SID34,67,2017-03-08 06:42:20,3.528,26,2.185811873539506
MID32,SID32,67,2017-03-08 06:42:20,6.350,30,2.1771753971141052
MID31,SID31,67,2017-03-08 06:42:20,3.528,27,2.4331574013550794
MID30,SID30,67,2017-03-08 06:42:20,4.939,30,2.2466332172709556
MID48,SID48,67,2017-03-08 06:42:20,6.350,27,2.446905297336092
MID45,SID45,67,2017-03-08 06:42:20,4.939,28,2.097585610499353
MID44,SID44,67,2017-03-08 06:42:20,3.528,30,2.437083067041324
MID42,SID42,67,2017-03-08 06:42:20,6.350,27,2.074139825174338
MID41,SID41,67,2017-03-08 06:42:20,6.350,32,2.3965646368032716
MID19,SID19,67,2017-03-08 06:42:30,5.667,27,2.4704412082668132
MID17,SID17,67,2017-03-08 06:42:30,5.667,34,2.1353417698298176
MID15,SID15,67,2017-03-08 06:42:30,3.542,34,2.09776328428473
MID13,SID13,67,2017-03-08 06:42:30,6.375,31,2.290302608133359
MID11,SID11,67,2017-03-08 06:42:30,7.083,28,2.4712941201177774
MID10,SID10,67,2017-03-08 06:42:30,3.542,31,2.3623067019208657
MID98,SID98,67,2017-03-08 06:42:30,6.375,31,2.2245381053135262
MID96,SID96,67,2017-03-08 06:42:30,6.375,33,2.011773240445904
MID95,SID95,67,2017-03-08 06:42:30,7.083,32,2.282059107577255
MID92,SID92,67,2017-03-08 06:42:30,4.958,32,2.1845591545423573
MID4,SID4,67,2017-03-08 06:42:30,3.542,29,2.231729274609656
MID7,SID7,67,2017-03-08 06:42:30,7.083,34,2.492835516636546
MID1,SID1,67,2017-03-08 06:42:30,4.958,26,2.2770639024092763
MID2,SID2,67,2017-03-08 06:42:30,7.083,30,2.313747940270527
MID3,SID3,67,2017-03-08 06:42:30,6.375,28,2.191416727701386
MID28,SID28,67,2017-03-08 06:42:30,4.958,25,2.4595672644313034
MID26,SID26,67,2017-03-08 06:42:30,4.250,26,2.1798224091903027
MID8,SID8,67,2017-03-08 06:42:30,4.958,28,2.057139791378614
MID24,SID24,67,2017-03-08 06:42:30,3.542,31,2.487752595002939
MID22,SID22,67,2017-03-08 06:42:30,4.958,32,2.087877895500156
MID21,SID21,67,2017-03-08 06:42:30,4.250,27,2.1731592944331037
MID20,SID20,67,2017-03-08 06:42:30,4.958,27,2.1794121380765077
MID79,SID79,67,2017-03-08 06:42:30,3.542,25,2.362786373383644
MID78,SID78,67,2017-03-08 06:42:30,5.667,33,2.1910161254727636
MID75,SID75,67,2017-03-08 06:42:30,4.958,33,2.2302214911844507
MID72,SID72,67,2017-03-08 06:42:30,7.083,29,2.2243152341739436
MID71,SID71,67,2017-03-08 06:42:30,4.250,25,2.2313679693370094
MID90,SID90,67,2017-03-08 06:42:30,5.667,32,2.2332393727370783
MID88,SID88,67,2017-03-08 06:42:30,5.667,31,2.0615180910712128
MID86,SID86,67,2017-03-08 06:42:30,4.250,26,2.2969658865200575
MID83,SID83,67,2017-03-08 06:42:30,4.250,32,2.2194267265550667
MID80,SID80,67,2017-03-08 06:42:30,6.375,27,2.4758794278117136
MID57,SID57,67,2017-03-08 06:42:30,7.083,34,2.220668476185986
MID55,SID55,67,2017-03-08 06:42:30,5.667,29,2.34679524270014
MID53,SID53,67,2017-03-08 06:42:30,4.958,28,2.239843064870178
MID68,SID68,67,2017-03-08 06:42:30,4.958,25,2.3270802380906264
MID67,SID67,67,2017-03-08 06:42:30,6.375,33,2.4820811717491558
MID65,SID65,67,2017-03-08 06:42:30,6.375,34,2.3518768934555196
MID64,SID64,67,2017-03-08 06:42:30,5.667,26,2.3796602192128473
MID63,SID63,67,2017-03-08 06:42:30,4.250,25,2.149005458856864
MID61,SID61,67,2017-03-08 06:42:30,6.375,25,2.424930064628172
MID39,SID39,67,2017-03-08 06:42:30,5.667,33,2.279858281142123
MID38,SID38,67,2017-03-08 06:42:30,4.958,27,2.351908606887977
MID37,SID37,67,2017-03-08 06:42:30,5.667,34,2.422536325503952
MID36,SID36,67,2017-03-08 06:42:30,6.375,29,2.396976724399181
MID35,SID35,67,2017-03-08 06:42:30,6.375,33,2.2251073853063987
MID34,SID34,67,2017-03-08 06:42:30,3.542,27,2.347459509142575
MID32,SID32,67,2017-03-08 06:42:30,6.375,27,2.1601771664135923
MID31,SID31,67,2017-03-08 06:42:30,3.542,29,2.3673497890396797
MID30,SID30,67,2017-03-08 06:42:30,4.958,32,2.2923693646121115
MID48,SID48,67,2017-03-08 06:42:30,6.375,34,2.103225404267683
MID45,SID45,67,2017-03-08 06:42:30,4.958,32,2.447664378866739
MID44,SID44,67,2017-03-08 06:42:30,3.542,34,2.0104247734423533
MID42,SID42,67,2017-03-08 06:42:30,6.375,29,2.477963241177305
MID41,SID41,67,2017-03-08 06:42:30,6.375,28,2.4350178525112676
MID19,SID19,67,2017-03-08 06:42:40,5.689,32,2.1495652604842896
MID17,SID17,67,2017-03-08 06:42:40,5.689,31,2.2689181528224456
MID15,SID15,67,2017-03-08 06:42:40,3.556,25,2.031309789030127
MID13,SID13,67,2017-03-08 06:42:40,6.400,32,2.0874897926278906
MID11,SID11,67,2017-03-08 06:42:40,7.111,25,2.2688214723806417
MID10,SID10,67,2017-03-08 06:42:40,3.556,27,2.2079136022544907
MID98,SID98,67,2017-03-08 06:42:40,6.400,25,2.183927095439699
MID96,SID96,67,2017-03-08 06:42:40,6.400,33,2.38494997325152
MID95,SID95,67,2017-03-08 06:42:40,7.111,34,2.4091818687513484
MID92,SID92,67,2017-03-08 06:42:40,4.978,32,2.4443993389601535
MID4,SID4,67,2017-03-08 06:42:40,3.556,28,2.259419427303661
MID7,SID7,67,2017-03-08 06:42:40,7.111,29,2.479185222727754
MID1,SID1,67,2017-03-08 06:42:40,4.978,28,2.4718368837850675
MID2,SID2,67,2017-03-08 06:42:40,7.111,28,2.4603068810425945
MID3,SID3,67,2017-03-08 06:42:40,6.400,30,2.1445804825623482
MID28,SID28,67,2017-03-08 06:42:40,4.978,33,2.248641280450796
MID26,SID26,67,2017-03-08 06:42:40,4.267,28,2.458555385809816
MID8,SID8,67,2017-03-08 06:42:40,4.978,25,2.033636752754897
MID24,SID24,67,2017-03-08 06:42:40,3.556,33,2.2888281869485634
MID22,SID22,67,2017-03-08 06:42:40,4.978,29,2.1034531175505085
MID21,SID21,67,2017-03-08 06:42:40,4.267,31,2.3012577003024397
MID20,SID20,67,2017-03-08 06:42:40,4.978,29,2.156403777467314
MID79,SID79,67,2017-03-08 06:42:40,3.556,27,2.494136746563873
MID78,SID78,67,2017-03-08 06:42:40,5.689,31,2.3552647209168907
MID75,SID75,67,2017-03-08 06:42:40,4.978,34,2.442972538243258
MID72,SID72,67,2017-03-08 06:42:40,7.111,26,2.2321590032246523
MID71,SID71,67,2017-03-08 06:42:40,4.267,31,2.2513659988814037
MID90,SID90,67,2017-03-08 06:42:40,5.689,26,2.2371995670101423
MID88,SID88,67,2017-03-08 06:42:40,5.689,31,2.2019632858379157
MID86,SID86,67,2017-03-08 06:42:40,4.267,32,2.164835030449155
MID83,SID83,67,2017-03-08 06:42:40,4.267,25,2.113271520758292
MID80,SID80,67,2017-03-08 06:42:40,6.400,27,2.280055668407412
MID57,SID57,67,2017-03-08 06:42:40,7.111,27,2.4129663765640545
MID55,SID55,67,2017-03-08 06:42:40,5.689,30,2.208959734643847
MID53,SID53,67,2017-03-08 06:42:40,4.978,29,2.185869658480085
MID68,SID68,67,2017-03-08 06:42:40,4.978,34,2.4152185027483455
MID67,SID67,67,2017-03-08 06:42:40,6.400,28,2.124026668145893
MID65,SID65,67,2017-03-08 06:42:40,6.400,32,2.264221113940157
MID64,SID64,67,2017-03-08 06:42:40,5.689,26,2.387481875402881
MID63,SID63,67,2017-03-08 06:42:40,4.267,27,2.4652800372633834
MID61,SID61,67,2017-03-08 06:42:40,6.400,34,2.4555837371866827
MID39,SID39,67,2017-03-08 06:42:40,5.689,34,2.1057877957966653
MID38,SID38,67,2017-03-08 06:42:40,4.978,31,2.0172959985076653
MID37,SID37,67,2017-03-08 06:42:40,5.689,30,2.2359124537632575
MID36,SID36,67,2017-03-08 06:42:40,6.400,27,2.024833207023031
MID35,SID35,67,2017-03-08 06:42:40,6.400,34,2.1089742399182674
MID34,SID34,67,2017-03-08 06:42:40,3.556,28,2.482396344151117
MID32,SID32,67,2017-03-08 06:42:40,6.400,28,2.071558068163812
MID31,SID31,67,2017-03-08 06:42:40,3.556,26,2.1760952122461616
MID30,SID30,67,2017-03-08 06:42:40,4.978,34,2.1942848389791285
MID48,SID48,67,2017-03-08 06:42:40,6.400,32,2.32093174111358
MID45,SID45,67,2017-03-08 06:42:40,4.978,27,2.279236283219126
MID44,SID44,67,2017-03-08 06:42:40,3.556,29,2.070849776860877
MID42,SID42,67,2017-03-08 06:42:40,6.400,25,2.476690582017685
MID41,SID41,67,2017-03-08 06:42:40,6.400,27,2.322895116256503
MID19,SID19,67,2017-03-08 06:42:50,5.711,27,2.490490983211653
MID17,SID17,67,2017-03-08 06:42:50,5.711,31,2.2913657983516833
MID15,SID15,67,2017-03-08 06:42:50,3.569,29,2.110215477264063
MID13,SID13,67,2017-03-08 06:42:50,6.425,31,2.1241510880125087
MID11,SID11,67,2017-03-08 06:42:50,7.139,29,2.1882816070744164
MID10,SID10,67,2017-03-08 06:42:50,3.569,25,2.180683995457005
MID98,SID98,67,2017-03-08 06:42:50,6.425,25,2.313876533091576
MID96,SID96,67,2017-03-08 06:42:50,6.425,27,2.2635808124880312
MID95,SID95,67,2017-03-08 06:42:50,7.139,32,2.437850075608329
MID92,SID92,67,2017-03-08 06:42:50,4.997,26,2.31492205025505
MID4,SID4,67,2017-03-08 06:42:50,3.569,32,2.490347274846681
MID7,SID7,67,2017-03-08 06:42:50,7.139,30,2.0688004231286303
MID1,SID1,67,2017-03-08 06:42:50,4.997,34,2.154434784372037
MID2,SID2,67,2017-03-08 06:42:50,7.139,32,2.0900154713930377
MID3,SID3,67,2017-03-08 06:42:50,6.425,26,2.096546834047153
MID28,SID28,67,2017-03-08 06:42:50,4.997,27,2.1330630806172133
MID26,SID26,67,2017-03-08 06:42:50,4.283,33,2.4638116339945255
MID8,SID8,67,2017-03-08 06:42:50,4.997,32,2.4061700971787783
MID24,SID24,67,2017-03-08 06:42:50,3.569,30,2.3449806440463945
MID22,SID22,67,2017-03-08 06:42:50,4.997,32,2.3057871209768215
MID21,SID21,67,2017-03-08 06:42:50,4.283,30,2.0853254242409927
MID20,SID20,67,2017-03-08 06:42:50,4.997,30,2.2737447394999317
MID79,SID79,67,2017-03-08 06:42:50,3.569,33,2.251857797683829
MID78,SID78,67,2017-03-08 06:42:50,5.711,29,2.3012967477652415
MID75,SID75,67,2017-03-08 06:42:50,4.997,32,2.2960231560205155
MID72,SID72,67,2017-03-08 06:42:50,7.139,31,2.0511411755215714
MID71,SID71,67,2017-03-08 06:42:50,4.283,30,2.0608397898956805
MID90,SID90,67,2017-03-08 06:42:50,5.711,32,2.0259266001892455
MID88,SID88,67,2017-03-08 06:42:50,5.711,26,2.117110766949884
MID86,SID86,67,2017-03-08 06:42:50,4.283,26,2.3494122489147475
MID83,SID83,67,2017-03-08 06:42:50,4.283,33,2.2372486771174938
MID80,SID80,67,2017-03-08 06:42:50,6.425,28,2.1171986739318864
MID57,SID57,67,2017-03-08 06:42:50,7.139,28,2.3962488190079156
MID55,SID55,67,2017-03-08 06:42:50,5.711,27,2.460697179861159
MID53,SID53,67,2017-03-08 06:42:50,4.997,32,2.4649945181152066
MID68,SID68,67,2017-03-08 06:42:50,4.997,25,2.4534185708960816
MID67,SID67,67,2017-03-08 06:42:50,6.425,25,2.130841798380228
MID65,SID65,67,2017-03-08 06:42:50,6.425,30,2.286408927816057
MID64,SID64,67,2017-03-08 06:42:50,5.711,26,2.256132672394947
MID63,SID63,67,2017-03-08 06:42:50,4.283,31,2.016356609693297
MID61,SID61,67,2017-03-08 06:42:50,6.425,26,2.0292764842933346
MID39,SID39,67,2017-03-08 06:42:50,5.711,34,2.195265446710309
MID38,SID38,67,2017-03-08 06:42:50,4.997,34,2.44783240721322
MID37,SID37,67,2017-03-08 06:42:50,5.711,25,2.2348210996484443
MID36,SID36,67,2017-03-08 06:42:50,6.425,34,2.1872310186522426
MID35,SID35,67,2017-03-08 06:42:50,6.425,33,2.309752483200138
MID34,SID34,67,2017-03-08 06:42:50,3.569,28,2.292722175515529
MID32,SID32,67,2017-03-08 06:42:50,6.425,31,2.156157400345768
MID31,SID31,67,2017-03-08 06:42:50,3.569,30,2.0686107797025555
MID30,SID30,67,2017-03-08 06:42:50,4.997,29,2.480648890757335
MID48,SID48,67,2017-03-08 06:42:50,6.425,27,2.0699311393326223
MID45,SID45,67,2017-03-08 06:42:50,4.997,27,2.164551652813018
MID44,SID44,67,2017-03-08 06:42:50,3.569,26,2.3587499379809014
MID42,SID42,67,2017-03-08 06:42:50,6.425,25,2.346624068088632
MID41,SID41,67,2017-03-08 06:42:50,6.425,34,2.444765917358776
MID19,SID19,67,2017-03-08 06:43:00,5.733,28,2.4046061622737005
MID17,SID17,67,2017-03-08 06:43:00,5.733,29,2.4170692926525477
MID15,SID15,67,2017-03-08 06:43:00,3.583,27,2.371820493866677
MID13,SID13,67,2017-03-08 06:43:00,6.450,25,2.1070340250029296
MID11,SID11,67,2017-03-08 06:43:00,7.167,31,2.1016378402615086
MID10,SID10,67,2017-03-08 06:43:00,3.583,26,2.0985204620770075
MID98,SID98,67,2017-03-08 06:43:00,6.450,28,2.0845073387126205
MID96,SID96,67,2017-03-08 06:43:00,6.450,27,2.29272598989249
MID95,SID95,67,2017-03-08 06:43:00,7.167,29,2.0354614341496493
MID92,SID92,67,2017-03-08 06:43:00,5.017,31,2.0490151788882365
MID4,SID4,67,2017-03-08 06:43:00,3.583,25,2.4955249285314034
MID7,SID7,67,2017-03-08 06:43:00,7.167,32,2.128814166652968
MID1,SID1,67,2017-03-08 06:43:00,5.017,34,2.2689967803406947
MID2,SID2,67,2017-03-08 06:43:00,7.167,29,2.431390034100812
MID3,SID3,67,2017-03-08 06:43:00,6.450,25,2.135920812965203
MID28,SID28,67,2017-03-08 06:43:00,5.017,28,2.238122920774529
MID26,SID26,67,2017-03-08 06:43:00,4.300,27,2.1690060147091295
MID8,SID8,67,2017-03-08 06:43:00,5.017,26,2.006385336334612
MID24,SID24,67,2017-03-08 06:43:00,3.583,33,2.0791113953988263
MID22,SID22,67,2017-03-08 06:43:00,5.017,28,2.4531451417987213
MID21,SID21,67,2017-03-08 06:43:00,4.300,28,2.0437162963916915
MID20,SID20,67,2017-03-08 06:43:00,5.017,33,2.198920041438227
MID79,SID79,67,2017-03-08 06:43:00,3.583,26,2.3468539477032757
MID78,SID78,67,2017-03-08 06:43:00,5.733,31,2.1453914115591854
MID75,SID75,67,2017-03-08 06:43:00,5.017,26,2.455448399735349
MID72,SID72,67,2017-03-08 06:43:00,7.167,28,2.1805453123756346
MID71,SID71,67,2017-03-08 06:43:00,4.300,27,2.492385367184194
MID90,SID90,67,2017-03-08 06:43:00,5.733,34,2.029223313588328
MID88,SID88,67,2017-03-08 06:43:00,5.733,31,2.253488458353351
MID86,SID86,67,2017-03-08 06:43:00,4.300,25,2.203971137676557
MID83,SID83,67,2017-03-08 06:43:00,4.300,33,2.436915689517652
MID80,SID80,67,2017-03-08 06:43:00,6.450,33,2.1909084480573937
MID57,SID57,67,2017-03-08 06:43:00,7.167,28,2.2744990695610428
MID55,SID55,67,2017-03-08 06:43:00,5.733,34,2.17799719804969
MID53,SID53,67,2017-03-08 06:43:00,5.017,32,2.1691577458881888
MID68,SID68,67,2017-03-08 06:43:00,5.017,29,2.103284908505311
MID67,SID67,67,2017-03-08 06:43:00,6.450,28,2.4529283571105376
MID65,SID65,67,2017-03-08 06:43:00,6.450,29,2.2361328315023203
MID64,SID64,67,2017-03-08 06:43:00,5.733,25,2.03753764131392
MID63,SID63,67,2017-03-08 06:43:00,4.300,34,2.3068567908410142
MID61,SID61,67,2017-03-08 06:43:00,6.450,25,2.4743171159616253
MID39,SID39,67,2017-03-08 06:43:00,5.733,34,2.451935960597317
MID38,SID38,67,2017-03-08 06:43:00,5.017,34,2.315742808958831
MID37,SID37,67,2017-03-08 06:43:00,5.733,25,2.271005795310467
MID36,SID36,67,2017-03-08 06:43:00,6.450,26,2.247176745793389
MID35,SID35,67,2017-03-08 06:43:00,6.450,28,2.345521221686073
MID34,SID34,67,2017-03-08 06:43:00,3.583,33,2.3683459049658957
MID32,SID32,67,2017-03-08 06:43:00,6.450,32,2.104727435271148
MID31,SID31,67,2017-03-08 06:43:00,3.583,26,2.239805976761103
MID30,SID30,67,2017-03-08 06:43:00,5.017,34,2.4387262507125
MID48,SID48,67,2017-03-08 06:43:00,6.450,27,2.2784958459981723
MID45,SID45,67,2017-03-08 06:43:00,5.017,33,2.038290234352677
MID44,SID44,67,2017-03-08 06:43:00,3.583,29,2.234658733299925
MID42,SID42,67,2017-03-08 06:43:00,6.450,31,2.1198822075159
MID41,SID41,67,2017-03-08 06:43:00,6.450,26,2.357059854025224
MID19,SID19,67,2017-03-08 06:43:10,5.756,28,2.321450822166563
MID17,SID17,67,2017-03-08 06:43:10,5.756,31,2.188648260510552
MID13,SID13,67,2017-03-08 06:43:10,6.475,31,2.3549936423244255
MID11,SID11,67,2017-03-08 06:43:10,7.194,27,2.0317606917771034
MID10,SID10,67,2017-03-08 06:43:10,3.597,32,2.0790229980053576
MID96,SID96,67,2017-03-08 06:43:10,6.475,28,2.0478162486055767
MID95,SID95,67,2017-03-08 06:43:10,7.194,28,2.372787603043078
MID92,SID92,67,2017-03-08 06:43:10,5.036,26,2.2375222318022154
MID4,SID4,67,2017-03-08 06:43:10,3.597,25,2.2279648864200405
MID7,SID7,67,2017-03-08 06:43:10,7.194,33,2.332244422364273
MID1,SID1,67,2017-03-08 06:43:10,5.036,27,2.0823170088697442
MID3,SID3,67,2017-03-08 06:43:10,6.475,33,2.307996965451584
MID28,SID28,67,2017-03-08 06:43:10,5.036,30,2.1963950298625643
MID26,SID26,67,2017-03-08 06:43:10,4.317,33,2.018321237114
MID8,SID8,67,2017-03-08 06:43:10,5.036,30,2.3956087222362874
MID24,SID24,67,2017-03-08 06:43:10,3.597,29,2.0211608736447237
MID22,SID22,67,2017-03-08 06:43:10,5.036,26,2.144645168162475
MID21,SID21,67,2017-03-08 06:43:10,4.317,31,2.4657098335361938
MID20,SID20,67,2017-03-08 06:43:10,5.036,25,2.4019258525678167
MID79,SID79,67,2017-03-08 06:43:10,3.597,34,2.109540425298631
MID78,SID78,67,2017-03-08 06:43:10,5.756,33,2.13207649229327
MID75,SID75,67,2017-03-08 06:43:10,5.036,27,2.430353833537677
MID72,SID72,67,2017-03-08 06:43:10,7.194,28,2.1524830704377043
MID71,SID71,67,2017-03-08 06:43:10,4.317,28,2.1654198571742325
MID90,SID90,67,2017-03-08 06:43:10,5.756,33,2.275150900402496
MID88,SID88,67,2017-03-08 06:43:10,5.756,29,2.04729785275011
MID86,SID86,67,2017-03-08 06:43:10,4.317,30,2.1279136624431683
MID83,SID83,67,2017-03-08 06:43:10,4.317,29,2.265902094129051
MID80,SID80,67,2017-03-08 06:43:10,6.475,29,2.095166589032914
MID57,SID57,67,2017-03-08 06:43:10,7.194,29,2.1595892416449
MID55,SID55,67,2017-03-08 06:43:10,5.756,34,2.1346527534356614
MID53,SID53,67,2017-03-08 06:43:10,5.036,33,2.097610368138159
MID68,SID68,67,2017-03-08 06:43:10,5.036,27,2.4035698599615216
MID67,SID67,67,2017-03-08 06:43:10,6.475,28,2.2403741934237744
MID65,SID65,67,2017-03-08 06:43:10,6.475,28,2.218688472615825
MID64,SID64,67,2017-03-08 06:43:10,5.756,34,2.227544927204674
MID63,SID63,67,2017-03-08 06:43:10,4.317,30,2.3618882816725115
MID61,SID61,67,2017-03-08 06:43:10,6.475,27,2.4750541856523367
MID39,SID39,67,2017-03-08 06:43:10,5.756,33,2.0337193256138337
MID38,SID38,67,2017-03-08 06:43:10,5.036,32,2.213997921477844
MID37,SID37,67,2017-03-08 06:43:10,5.756,25,2.1915149688870543
MID36,SID36,67,2017-03-08 06:43:10,6.475,34,2.239322312413298
MID35,SID35,67,2017-03-08 06:43:10,6.475,34,2.4100661160534735
MID34,SID34,67,2017-03-08 06:43:10,3.597,31,2.039720067572527
MID31,SID31,67,2017-03-08 06:43:10,3.597,25,2.0727578342533373
MID30,SID30,67,2017-03-08 06:43:10,5.036,26,2.135939545381942
MID48,SID48,67,2017-03-08 06:43:10,6.475,25,2.001838629956745
MID45,SID45,67,2017-03-08 06:43:10,5.036,33,2.2226808905828075
MID44,SID44,67,2017-03-08 06:43:10,3.597,30,2.448814995458726
MID42,SID42,67,2017-03-08 06:43:10,6.475,32,2.2323370930170903
MID41,SID41,67,2017-03-08 06:43:10,6.475,29,2.1776513232902306
MID19,SID19,67,2017-03-08 06:43:20,5.778,29,2.3223784068015245
MID17,SID17,67,2017-03-08 06:43:20,5.778,28,2.369660385083658
MID13,SID13,67,2017-03-08 06:43:20,6.500,33,2.396144012543968
MID11,SID11,67,2017-03-08 06:43:20,7.222,32,2.138866060224261
MID10,SID10,67,2017-03-08 06:43:20,3.611,28,2.0829666820894115
MID96,SID96,67,2017-03-08 06:43:20,6.500,26,2.1174504851306493
MID95,SID95,67,2017-03-08 06:43:20,7.222,32,2.0281150778800217
MID92,SID92,67,2017-03-08 06:43:20,5.056,27,2.310126126661052
MID4,SID4,67,2017-03-08 06:43:20,3.611,34,2.4975581054470037
MID7,SID7,67,2017-03-08 06:43:20,7.222,31,2.4440607930217264
MID1,SID1,67,2017-03-08 06:43:20,5.056,27,2.4368531588644826
MID3,SID3,67,2017-03-08 06:43:20,6.500,29,2.4805434167151645
MID28,SID28,67,2017-03-08 06:43:20,5.056,32,2.1925278250645563
MID26,SID26,67,2017-03-08 06:43:20,4.333,33,2.016944309016772
MID8,SID8,67,2017-03-08 06:43:20,5.056,26,2.0277528530138103
MID24,SID24,67,2017-03-08 06:43:20,3.611,34,2.2253629527012113
MID22,SID22,67,2017-03-08 06:43:20,5.056,34,2.3459294866826057
MID21,SID21,67,2017-03-08 06:43:20,4.333,34,2.3843731692805026
MID20,SID20,67,2017-03-08 06:43:20,5.056,31,2.177629971632104
MID79,SID79,67,2017-03-08 06:43:20,3.611,26,2.276363551442972
MID78,SID78,67,2017-03-08 06:43:20,5.778,27,2.078094428975278
MID75,SID75,67,2017-03-08 06:43:20,5.056,27,2.161560136694063
MID72,SID72,67,2017-03-08 06:43:20,7.222,33,2.2694046482678463
MID71,SID71,67,2017-03-08 06:43:20,4.333,32,2.187964327275109
MID90,SID90,67,2017-03-08 06:43:20,5.778,33,2.088693714828175
MID88,SID88,67,2017-03-08 06:43:20,5.778,32,2.4803185101726095
MID86,SID86,67,2017-03-08 06:43:20,4.333,26,2.4761154427167873
MID83,SID83,67,2017-03-08 06:43:20,4.333,28,2.2424445146350602
MID80,SID80,67,2017-03-08 06:43:20,6.500,31,2.357169014764105
MID57,SID57,67,2017-03-08 06:43:20,7.222,26,2.340370168384795
MID55,SID55,67,2017-03-08 06:43:20,5.778,29,2.168183550407595
MID53,SID53,67,2017-03-08 06:43:20,5.056,28,2.3950061605481823
MID68,SID68,67,2017-03-08 06:43:20,5.056,30,2.137007890220127
MID67,SID67,67,2017-03-08 06:43:20,6.500,28,2.051615699894831
MID65,SID65,67,2017-03-08 06:43:20,6.500,34,2.2903033897825247
MID64,SID64,67,2017-03-08 06:43:20,5.778,32,2.4525180866100404
MID63,SID63,67,2017-03-08 06:43:20,4.333,28,2.4006602010207163
MID61,SID61,67,2017-03-08 06:43:20,6.500,27,2.3625479246287595
MID39,SID39,67,2017-03-08 06:43:20,5.778,27,2.4255808263960854
MID38,SID38,67,2017-03-08 06:43:20,5.056,33,2.0831884600231487
MID37,SID37,67,2017-03-08 06:43:20,5.778,33,2.08447386925859
MID36,SID36,67,2017-03-08 06:43:20,6.500,27,2.418209899735244
MID35,SID35,67,2017-03-08 06:43:20,6.500,34,2.4094202353716767
MID34,SID34,67,2017-03-08 06:43:20,3.611,33,2.1595307739938034
MID31,SID31,67,2017-03-08 06:43:20,3.611,26,2.463750610403805
MID30,SID30,67,2017-03-08 06:43:20,5.056,31,2.4578896517192326
MID48,SID48,67,2017-03-08 06:43:20,6.500,33,2.2993349858793883
MID45,SID45,67,2017-03-08 06:43:20,5.056,34,2.1682483677275153
MID44,SID44,67,2017-03-08 06:43:20,3.611,27,2.182220045484211
MID42,SID42,67,2017-03-08 06:43:20,6.500,27,2.0783734725254788
MID41,SID41,67,2017-03-08 06:43:20,6.500,28,2.353993576983055
MID19,SID19,67,2017-03-08 06:43:30,5.800,30,2.2814146209518165
MID17,SID17,67,2017-03-08 06:43:30,5.800,28,2.228752163800037
MID13,SID13,67,2017-03-08 06:43:30,6.525,30,2.081811917222418
MID11,SID11,67,2017-03-08 06:43:30,7.250,27,2.339737989141533
MID10,SID10,67,2017-03-08 06:43:30,3.625,34,2.216271097350486
MID96,SID96,67,2017-03-08 06:43:30,6.525,30,2.159790575270912
MID95,SID95,67,2017-03-08 06:43:30,7.250,28,2.4379645832094092
MID92,SID92,67,2017-03-08 06:43:30,5.075,25,2.1130340518302733
MID4,SID4,67,2017-03-08 06:43:30,3.625,30,2.4925062612329487
MID7,SID7,67,2017-03-08 06:43:30,7.250,25,2.3599265313583246
MID1,SID1,67,2017-03-08 06:43:30,5.075,28,2.2196280330367726
MID3,SID3,67,2017-03-08 06:43:30,6.525,28,2.2238845659248287
MID28,SID28,67,2017-03-08 06:43:30,5.075,33,2.338646706916605
MID26,SID26,67,2017-03-08 06:43:30,4.350,34,2.2114645279607323
MID8,SID8,67,2017-03-08 06:43:30,5.075,29,2.2322857330897903
MID24,SID24,67,2017-03-08 06:43:30,3.625,30,2.343550937868705
MID22,SID22,67,2017-03-08 06:43:30,5.075,33,2.006309071329633
MID21,SID21,67,2017-03-08 06:43:30,4.350,30,2.260400328328013
MID20,SID20,67,2017-03-08 06:43:30,5.075,33,2.3776789421279325
MID79,SID79,67,2017-03-08 06:43:30,3.625,26,2.308436987754546
MID78,SID78,67,2017-03-08 06:43:30,5.800,32,2.0957216200672053
MID75,SID75,67,2017-03-08 06:43:30,5.075,30,2.256910089744021
MID72,SID72,67,2017-03-08 06:43:30,7.250,25,2.160225728911003
MID71,SID71,67,2017-03-08 06:43:30,4.350,26,2.447695042476597
MID90,SID90,67,2017-03-08 06:43:30,5.800,30,2.4560553997979384
MID88,SID88,67,2017-03-08 06:43:30,5.800,34,2.3540960289001807
MID86,SID86,67,2017-03-08 06:43:30,4.350,28,2.2627955963166504
MID83,SID83,67,2017-03-08 06:43:30,4.350,27,2.0079531970162012
MID80,SID80,67,2017-03-08 06:43:30,6.525,31,2.246656576576644
MID57,SID57,67,2017-03-08 06:43:30,7.250,25,2.028969531709909
MID55,SID55,67,2017-03-08 06:43:30,5.800,32,2.3210214775095426
MID53,SID53,67,2017-03-08 06:43:30,5.075,27,2.1950311953431494
MID68,SID68,67,2017-03-08 06:43:30,5.075,33,2.22041981535481
MID67,SID67,67,2017-03-08 06:43:30,6.525,34,2.206324231144082
MID65,SID65,67,2017-03-08 06:43:30,6.525,30,2.2512619654993484
MID64,SID64,67,2017-03-08 06:43:30,5.800,32,2.1541533143878295
MID63,SID63,67,2017-03-08 06:43:30,4.350,30,2.2543826726688065
MID61,SID61,67,2017-03-08 06:43:30,6.525,32,2.115185499035991
MID39,SID39,67,2017-03-08 06:43:30,5.800,25,2.4523456308344564
MID38,SID38,67,2017-03-08 06:43:30,5.075,31,2.4140416771813444
MID37,SID37,67,2017-03-08 06:43:30,5.800,28,2.2618961622655553
MID36,SID36,67,2017-03-08 06:43:30,6.525,34,2.048006547202866
MID35,SID35,67,2017-03-08 06:43:30,6.525,25,2.212427855071118
MID34,SID34,67,2017-03-08 06:43:30,3.625,26,2.4215046299431178
MID31,SID31,67,2017-03-08 06:43:30,3.625,30,2.1608591171887075
MID30,SID30,67,2017-03-08 06:43:30,5.075,29,2.4556326068826793
MID48,SID48,67,2017-03-08 06:43:30,6.525,25,2.17658080672043
MID45,SID45,67,2017-03-08 06:43:30,5.075,28,2.2295880079956034
MID44,SID44,67,2017-03-08 06:43:30,3.625,25,2.4638701761315227
MID42,SID42,67,2017-03-08 06:43:30,6.525,33,2.33656086484271
MID41,SID41,67,2017-03-08 06:43:30,6.525,26,2.038610551113801
MID19,SID19,67,2017-03-08 06:43:40,5.822,34,2.278472104141864
MID17,SID17,67,2017-03-08 06:43:40,5.822,33,2.2110696955100733
MID13,SID13,67,2017-03-08 06:43:40,6.550,33,2.3207028062712594
MID11,SID11,67,2017-03-08 06:43:40,7.278,26,2.4863209321343285
MID10,SID10,67,2017-03-08 06:43:40,3.639,28,2.145360561520158
MID96,SID96,67,2017-03-08 06:43:40,6.550,28,2.4066404001465114
MID95,SID95,67,2017-03-08 06:43:40,7.278,29,2.4407693787175693
MID92,SID92,67,2017-03-08 06:43:40,5.094,25,2.2520770020047527
MID4,SID4,67,2017-03-08 06:43:40,3.639,29,2.175654390038358
MID7,SID7,67,2017-03-08 06:43:40,7.278,34,2.416990657718267
MID1,SID1,67,2017-03-08 06:43:40,5.094,31,2.4044449572748348
MID3,SID3,67,2017-03-08 06:43:40,6.550,34,2.043123420386268
MID28,SID28,67,2017-03-08 06:43:40,5.094,32,2.064065242220681
MID26,SID26,67,2017-03-08 06:43:40,4.367,28,2.1565937138708455
MID8,SID8,67,2017-03-08 06:43:40,5.094,27,2.4081118451008936
MID24,SID24,67,2017-03-08 06:43:40,3.639,29,2.0671536209329764
MID22,SID22,67,2017-03-08 06:43:40,5.094,25,2.2489358830021198
MID21,SID21,67,2017-03-08 06:43:40,4.367,27,2.020165530547202
MID20,SID20,67,2017-03-08 06:43:40,5.094,30,2.2273020771889818
MID79,SID79,67,2017-03-08 06:43:40,3.639,34,2.0694569174028543
MID78,SID78,67,2017-03-08 06:43:40,5.822,25,2.09195411551993
MID75,SID75,67,2017-03-08 06:43:40,5.094,29,2.473048136732011
MID72,SID72,67,2017-03-08 06:43:40,7.278,34,2.1276268545090167
MID71,SID71,67,2017-03-08 06:43:40,4.367,31,2.2960400431529506
MID90,SID90,67,2017-03-08 06:43:40,5.822,28,2.1660270496915386
MID88,SID88,67,2017-03-08 06:43:40,5.822,33,2.222825853129099
MID86,SID86,67,2017-03-08 06:43:40,4.367,33,2.348931597366243
MID83,SID83,67,2017-03-08 06:43:40,4.367,32,2.469942777352125
MID80,SID80,67,2017-03-08 06:43:40,6.550,28,2.4871405644481754
MID57,SID57,67,2017-03-08 06:43:40,7.278,31,2.228693332215835
MID55,SID55,67,2017-03-08 06:43:40,5.822,31,2.060525638522667
MID53,SID53,67,2017-03-08 06:43:40,5.094,33,2.0833700820598264
MID68,SID68,67,2017-03-08 06:43:40,5.094,31,2.4129306020668815
MID67,SID67,67,2017-03-08 06:43:40,6.550,26,2.0809210949878523
MID65,SID65,67,2017-03-08 06:43:40,6.550,27,2.0627000814509238
MID64,SID64,67,2017-03-08 06:43:40,5.822,27,2.246178610203661
MID63,SID63,67,2017-03-08 06:43:40,4.367,34,2.0582607190200215
MID61,SID61,67,2017-03-08 06:43:40,6.550,32,2.2540631550357757
MID39,SID39,67,2017-03-08 06:43:40,5.822,26,2.4895436186711097
MID38,SID38,67,2017-03-08 06:43:40,5.094,31,2.1383349073786007
MID37,SID37,67,2017-03-08 06:43:40,5.822,33,2.449526938948763
MID36,SID36,67,2017-03-08 06:43:40,6.550,32,2.261005512986036
MID35,SID35,67,2017-03-08 06:43:40,6.550,31,2.423162858796774
MID34,SID34,67,2017-03-08 06:43:40,3.639,27,2.2944212654078373
MID31,SID31,67,2017-03-08 06:43:40,3.639,30,2.2861182354449245
MID30,SID30,67,2017-03-08 06:43:40,5.094,26,2.171208485758564
MID48,SID48,67,2017-03-08 06:43:40,6.550,34,2.472552235796932
MID45,SID45,67,2017-03-08 06:43:40,5.094,28,2.431794315463317
MID44,SID44,67,2017-03-08 06:43:40,3.639,33,2.4127492507815025
MID42,SID42,67,2017-03-08 06:43:40,6.550,32,2.315716856868316
MID41,SID41,67,2017-03-08 06:43:40,6.550,29,2.457649077960012
MID19,SID19,67,2017-03-08 06:43:50,5.844,28,2.02355014578687
MID17,SID17,67,2017-03-08 06:43:50,5.844,34,2.4127823236698536
MID13,SID13,67,2017-03-08 06:43:50,6.575,33,2.402463887632835
MID11,SID11,67,2017-03-08 06:43:50,7.306,32,2.408814415446058
MID10,SID10,67,2017-03-08 06:43:50,3.653,27,2.061116308501198
MID96,SID96,67,2017-03-08 06:43:50,6.575,30,2.3327315508487856
MID95,SID95,67,2017-03-08 06:43:50,7.306,30,2.2862324184363625
MID92,SID92,67,2017-03-08 06:43:50,5.114,32,2.1252939047863095
MID4,SID4,67,2017-03-08 06:43:50,3.653,31,2.389305878931561
MID7,SID7,67,2017-03-08 06:43:50,7.306,28,2.381209364313426
MID1,SID1,67,2017-03-08 06:43:50,5.114,31,2.25086333608194
MID3,SID3,67,2017-03-08 06:43:50,6.575,27,2.097009458558458
MID28,SID28,67,2017-03-08 06:43:50,5.114,34,2.344431389032731
MID26,SID26,67,2017-03-08 06:43:50,4.383,26,2.2690662063926355
MID8,SID8,67,2017-03-08 06:43:50,5.114,33,2.489203132313331
MID24,SID24,67,2017-03-08 06:43:50,3.653,30,2.067947005730594
MID22,SID22,67,2017-03-08 06:43:50,5.114,28,2.1666897984623197
MID21,SID21,67,2017-03-08 06:43:50,4.383,26,2.102667184943884
MID20,SID20,67,2017-03-08 06:43:50,5.114,34,2.043380996535994
MID79,SID79,67,2017-03-08 06:43:50,3.653,28,2.425461565662427
MID78,SID78,67,2017-03-08 06:43:50,5.844,30,2.4154479427366806
MID75,SID75,67,2017-03-08 06:43:50,5.114,26,2.3297682291793516
MID72,SID72,67,2017-03-08 06:43:50,7.306,31,2.0217099923899506
MID71,SID71,67,2017-03-08 06:43:50,4.383,28,2.117806587745731
MID90,SID90,67,2017-03-08 06:43:50,5.844,30,2.197030515377091
MID88,SID88,67,2017-03-08 06:43:50,5.844,32,2.17506926952639
MID86,SID86,67,2017-03-08 06:43:50,4.383,28,2.098686063090738
MID83,SID83,67,2017-03-08 06:43:50,4.383,32,2.232966919696618
MID80,SID80,67,2017-03-08 06:43:50,6.575,26,2.1874607908850336
MID57,SID57,67,2017-03-08 06:43:50,7.306,31,2.077269923009063
MID55,SID55,67,2017-03-08 06:43:50,5.844,28,2.401812845204933
MID53,SID53,67,2017-03-08 06:43:50,5.114,32,2.083301092256025
MID68,SID68,67,2017-03-08 06:43:50,5.114,31,2.405593616792415
MID67,SID67,67,2017-03-08 06:43:50,6.575,26,2.449537711712356
MID65,SID65,67,2017-03-08 06:43:50,6.575,31,2.0554841809356574
MID64,SID64,67,2017-03-08 06:43:50,5.844,33,2.0305885794043457
MID63,SID63,67,2017-03-08 06:43:50,4.383,27,2.2940964963757122
MID61,SID61,67,2017-03-08 06:43:50,6.575,28,2.0704717804373094
MID39,SID39,67,2017-03-08 06:43:50,5.844,29,2.00567865148568
MID38,SID38,67,2017-03-08 06:43:50,5.114,32,2.389325719734775
MID37,SID37,67,2017-03-08 06:43:50,5.844,34,2.230027798138138
MID36,SID36,67,2017-03-08 06:43:50,6.575,29,2.0896848921931177
MID35,SID35,67,2017-03-08 06:43:50,6.575,33,2.4263315529896463
MID34,SID34,67,2017-03-08 06:43:50,3.653,32,2.230246678099088
MID31,SID31,67,2017-03-08 06:43:50,3.653,29,2.2669533708581064
MID30,SID30,67,2017-03-08 06:43:50,5.114,33,2.3250021021189684
MID48,SID48,67,2017-03-08 06:43:50,6.575,29,2.203535595098429
MID45,SID45,67,2017-03-08 06:43:50,5.114,28,2.342926599253456
MID44,SID44,67,2017-03-08 06:43:50,3.653,34,2.1984478607444906
MID42,SID42,67,2017-03-08 06:43:50,6.575,34,2.3462521344701988
MID41,SID41,67,2017-03-08 06:43:50,6.575,26,2.3636051833896077
MID19,SID19,67,2017-03-08 06:44:00,5.867,30,2.0409004011837606
MID17,SID17,67,2017-03-08 06:44:00,5.867,28,2.3957212817650797
MID13,SID13,67,2017-03-08 06:44:00,6.600,25,2.0935256925273698
MID11,SID11,67,2017-03-08 06:44:00,7.333,29,2.178884103920641
MID10,SID10,67,2017-03-08 06:44:00,3.667,28,2.2333743511173303
MID96,SID96,67,2017-03-08 06:44:00,6.600,27,2.221269206343559
MID95,SID95,67,2017-03-08 06:44:00,7.333,32,2.4120629036859285
MID92,SID92,67,2017-03-08 06:44:00,5.133,26,2.1649199301095967
MID4,SID4,67,2017-03-08 06:44:00,3.667,27,2.2333946869247514
MID7,SID7,67,2017-03-08 06:44:00,7.333,27,2.005813449054429
MID1,SID1,67,2017-03-08 06:44:00,5.133,32,2.278034913820724
MID3,SID3,67,2017-03-08 06:44:00,6.600,25,2.1073212189715655
MID28,SID28,67,2017-03-08 06:44:00,5.133,27,2.114761167240629
MID26,SID26,67,2017-03-08 06:44:00,4.400,32,2.497594230021757
MID8,SID8,67,2017-03-08 06:44:00,5.133,31,2.0169728085406446
MID24,SID24,67,2017-03-08 06:44:00,3.667,30,2.1712371509705064
MID22,SID22,67,2017-03-08 06:44:00,5.133,25,2.314621653680203
MID21,SID21,67,2017-03-08 06:44:00,4.400,25,2.2140108839758756
MID20,SID20,67,2017-03-08 06:44:00,5.133,30,2.241184282433242
MID79,SID79,67,2017-03-08 06:44:00,3.667,26,2.209444895433333
MID78,SID78,67,2017-03-08 06:44:00,5.867,26,2.203393847678664
MID75,SID75,67,2017-03-08 06:44:00,5.133,25,2.420552072112433
MID72,SID72,67,2017-03-08 06:44:00,7.333,28,2.3178357983901443
MID71,SID71,67,2017-03-08 06:44:00,4.400,33,2.4862775525632284
MID90,SID90,67,2017-03-08 06:44:00,5.867,31,2.010788667038882
MID88,SID88,67,2017-03-08 06:44:00,5.867,32,2.4171841732539194
MID86,SID86,67,2017-03-08 06:44:00,4.400,30,2.1054352061984907
MID83,SID83,67,2017-03-08 06:44:00,4.400,31,2.200886197206671
MID80,SID80,67,2017-03-08 06:44:00,6.600,27,2.4043190386691333
MID57,SID57,67,2017-03-08 06:44:00,7.333,25,2.3134366106238455
MID55,SID55,67,2017-03-08 06:44:00,5.867,32,2.000117132800182
MID53,SID53,67,2017-03-08 06:44:00,5.133,31,2.3759569580201325
MID68,SID68,67,2017-03-08 06:44:00,5.133,30,2.4599041760613938
MID67,SID67,67,2017-03-08 06:44:00,6.600,31,2.009394349922575
MID65,SID65,67,2017-03-08 06:44:00,6.600,28,2.1580056907505787
MID64,SID64,67,2017-03-08 06:44:00,5.867,25,2.1955056610909036
MID63,SID63,67,2017-03-08 06:44:00,4.400,33,2.097085783604136
MID61,SID61,67,2017-03-08 06:44:00,6.600,29,2.0731539507707333
MID39,SID39,67,2017-03-08 06:44:00,5.867,34,2.4972298294053195
MID38,SID38,67,2017-03-08 06:44:00,5.133,31,2.185454776652786
MID37,SID37,67,2017-03-08 06:44:00,5.867,29,2.054799869651443
MID36,SID36,67,2017-03-08 06:44:00,6.600,31,2.0935673082019575
MID35,SID35,67,2017-03-08 06:44:00,6.600,29,2.3442045279341066
MID34,SID34,67,2017-03-08 06:44:00,3.667,28,2.227341739356473
MID31,SID31,67,2017-03-08 06:44:00,3.667,34,2.3036709793100676
MID30,SID30,67,2017-03-08 06:44:00,5.133,33,2.329101320594352
MID48,SID48,67,2017-03-08 06:44:00,6.600,34,2.1736680125206083
MID45,SID45,67,2017-03-08 06:44:00,5.133,25,2.320225581086035
MID44,SID44,67,2017-03-08 06:44:00,3.667,27,2.360673922553006
MID42,SID42,67,2017-03-08 06:44:00,6.600,27,2.2186482613111433
MID41,SID41,67,2017-03-08 06:44:00,6.600,28,2.4081221178742176
MID19,SID19,67,2017-03-08 06:44:10,5.889,31,2.240996046348077
MID13,SID13,67,2017-03-08 06:44:10,6.625,34,2.2587772519886826
MID11,SID11,67,2017-03-08 06:44:10,7.361,32,2.344125313265085
MID10,SID10,67,2017-03-08 06:44:10,3.681,31,2.012939024028986
MID96,SID96,67,2017-03-08 06:44:10,6.625,31,2.0604825798167803
MID95,SID95,67,2017-03-08 06:44:10,7.361,32,2.374431052927566
MID92,SID92,67,2017-03-08 06:44:10,5.153,28,2.2549603397867397
MID4,SID4,67,2017-03-08 06:44:10,3.681,29,2.4829837380163733
MID7,SID7,67,2017-03-08 06:44:10,7.361,29,2.1700614548393737
MID1,SID1,67,2017-03-08 06:44:10,5.153,28,2.4257011314937653
MID28,SID28,67,2017-03-08 06:44:10,5.153,34,2.4970344736654364
MID26,SID26,67,2017-03-08 06:44:10,4.417,30,2.016677264574324
MID8,SID8,67,2017-03-08 06:44:10,5.153,31,2.389502128975464
MID24,SID24,67,2017-03-08 06:44:10,3.681,29,2.4813006493500156
MID22,SID22,67,2017-03-08 06:44:10,5.153,28,2.1606974992273447
MID20,SID20,67,2017-03-08 06:44:10,5.153,27,2.2730382425313347
MID79,SID79,67,2017-03-08 06:44:10,3.681,27,2.272024743510717
MID78,SID78,67,2017-03-08 06:44:10,5.889,25,2.3940883009664646
MID72,SID72,67,2017-03-08 06:44:10,7.361,34,2.2782058669915095
MID71,SID71,67,2017-03-08 06:44:10,4.417,34,2.3451310595799733
MID90,SID90,67,2017-03-08 06:44:10,5.889,34,2.192924798294838
MID88,SID88,67,2017-03-08 06:44:10,5.889,30,2.318673401459181
MID86,SID86,67,2017-03-08 06:44:10,4.417,32,2.0369232347489907
MID80,SID80,67,2017-03-08 06:44:10,6.625,28,2.418884063297435
MID57,SID57,67,2017-03-08 06:44:10,7.361,30,2.329366451892918
MID55,SID55,67,2017-03-08 06:44:10,5.889,26,2.386783829193939
MID53,SID53,67,2017-03-08 06:44:10,5.153,25,2.2156258798719417
MID68,SID68,67,2017-03-08 06:44:10,5.153,27,2.276989985194903
MID67,SID67,67,2017-03-08 06:44:10,6.625,31,2.4313996926824526
MID65,SID65,67,2017-03-08 06:44:10,6.625,31,2.1526704938810908
MID64,SID64,67,2017-03-08 06:44:10,5.889,31,2.003211690692601
MID63,SID63,67,2017-03-08 06:44:10,4.417,33,2.3137068816649755
MID61,SID61,67,2017-03-08 06:44:10,6.625,32,2.4257909188778233
MID39,SID39,67,2017-03-08 06:44:10,5.889,29,2.2884146116494386
MID38,SID38,67,2017-03-08 06:44:10,5.153,33,2.282456746050187
MID37,SID37,67,2017-03-08 06:44:10,5.889,34,2.178013422287363
MID34,SID34,67,2017-03-08 06:44:10,3.681,34,2.3871515176525704
MID31,SID31,67,2017-03-08 06:44:10,3.681,29,2.1262282808828554
MID30,SID30,67,2017-03-08 06:44:10,5.153,32,2.193353961638755
MID48,SID48,67,2017-03-08 06:44:10,6.625,31,2.3226884107206867
MID45,SID45,67,2017-03-08 06:44:10,5.153,30,2.1269418862143428
MID44,SID44,67,2017-03-08 06:44:10,3.681,33,2.3538883337470673
MID42,SID42,67,2017-03-08 06:44:10,6.625,34,2.3522653968373044
MID41,SID41,67,2017-03-08 06:44:10,6.625,30,2.2678230762247
MID19,SID19,67,2017-03-08 06:44:20,5.911,34,2.4790716250118723
MID13,SID13,67,2017-03-08 06:44:20,6.650,31,2.0731194169328813
MID11,SID11,67,2017-03-08 06:44:20,7.389,31,2.471730686404703
MID10,SID10,67,2017-03-08 06:44:20,3.694,32,2.083862094925042
MID96,SID96,67,2017-03-08 06:44:20,6.650,34,2.367987201227926
MID95,SID95,67,2017-03-08 06:44:20,7.389,29,2.061867328117275
MID92,SID92,67,2017-03-08 06:44:20,5.172,32,2.0643766916705855
MID4,SID4,67,2017-03-08 06:44:20,3.694,31,2.232322902607468
MID7,SID7,67,2017-03-08 06:44:20,7.389,30,2.1863972058203887
MID1,SID1,67,2017-03-08 06:44:20,5.172,29,2.016951168579812
MID28,SID28,67,2017-03-08 06:44:20,5.172,32,2.1097445947548215
MID26,SID26,67,2017-03-08 06:44:20,4.433,34,2.4604936487322666
MID8,SID8,67,2017-03-08 06:44:20,5.172,33,2.0609885337000757
MID24,SID24,67,2017-03-08 06:44:20,3.694,29,2.4978345280519583
MID22,SID22,67,2017-03-08 06:44:20,5.172,32,2.1641114518178712
MID20,SID20,67,2017-03-08 06:44:20,5.172,28,2.35607186829196
MID79,SID79,67,2017-03-08 06:44:20,3.694,32,2.3110839808434434
MID78,SID78,67,2017-03-08 06:44:20,5.911,34,2.1493404855266505
MID72,SID72,67,2017-03-08 06:44:20,7.389,34,2.1413667691340876
MID71,SID71,67,2017-03-08 06:44:20,4.433,25,2.122997077870183
MID90,SID90,67,2017-03-08 06:44:20,5.911,25,2.3534342886987654
MID88,SID88,67,2017-03-08 06:44:20,5.911,25,2.0626650846714614
MID86,SID86,67,2017-03-08 06:44:20,4.433,25,2.1092220066748877
MID80,SID80,67,2017-03-08 06:44:20,6.650,30,2.0753089945997796
MID57,SID57,67,2017-03-08 06:44:20,7.389,25,2.1866694338600268
MID55,SID55,67,2017-03-08 06:44:20,5.911,30,2.2384215331902046
MID53,SID53,67,2017-03-08 06:44:20,5.172,31,2.113938370401125
MID68,SID68,67,2017-03-08 06:44:20,5.172,29,2.2676776025996803
MID67,SID67,67,2017-03-08 06:44:20,6.650,25,2.116604305480931
MID65,SID65,67,2017-03-08 06:44:20,6.650,31,2.297020927749623
MID64,SID64,67,2017-03-08 06:44:20,5.911,29,2.393906108099221
MID63,SID63,67,2017-03-08 06:44:20,4.433,28,2.454955485043248
MID61,SID61,67,2017-03-08 06:44:20,6.650,33,2.478014807674743
MID39,SID39,67,2017-03-08 06:44:20,5.911,28,2.104012294630101
MID38,SID38,67,2017-03-08 06:44:20,5.172,28,2.37642149478166
MID37,SID37,67,2017-03-08 06:44:20,5.911,34,2.306359503508301
MID34,SID34,67,2017-03-08 06:44:20,3.694,33,2.129431228962008
MID31,SID31,67,2017-03-08 06:44:20,3.694,32,2.111624365925429
MID30,SID30,67,2017-03-08 06:44:20,5.172,28,2.0239922567671678
MID48,SID48,67,2017-03-08 06:44:20,6.650,30,2.2202644001688374
MID45,SID45,67,2017-03-08 06:44:20,5.172,28,2.434701286955114
MID44,SID44,67,2017-03-08 06:44:20,3.694,25,2.2719724005232806
MID42,SID42,67,2017-03-08 06:44:20,6.650,30,2.2699057208675346
MID41,SID41,67,2017-03-08 06:44:20,6.650,33,2.258354217360294
MID19,SID19,67,2017-03-08 06:44:30,5.933,34,2.388447824835197
MID13,SID13,67,2017-03-08 06:44:30,6.675,25,2.1285295202044767
MID11,SID11,67,2017-03-08 06:44:30,7.417,30,2.493380912466246
MID10,SID10,67,2017-03-08 06:44:30,3.708,28,2.3391782132392196
MID96,SID96,67,2017-03-08 06:44:30,6.675,34,2.0388582973428453
MID95,SID95,67,2017-03-08 06:44:30,7.417,29,2.339523019229394
MID92,SID92,67,2017-03-08 06:44:30,5.192,33,2.213660047753645
MID4,SID4,67,2017-03-08 06:44:30,3.708,34,2.2101084023770974
MID7,SID7,67,2017-03-08 06:44:30,7.417,33,2.2617076808750087
MID1,SID1,67,2017-03-08 06:44:30,5.192,27,2.3982968967196614
MID28,SID28,67,2017-03-08 06:44:30,5.192,32,2.103808628265635
MID26,SID26,67,2017-03-08 06:44:30,4.450,30,2.4392975541131316
MID8,SID8,67,2017-03-08 06:44:30,5.192,29,2.034158948374507
MID24,SID24,67,2017-03-08 06:44:30,3.708,32,2.0323766756503665
MID22,SID22,67,2017-03-08 06:44:30,5.192,25,2.453257036288499
MID20,SID20,67,2017-03-08 06:44:30,5.192,27,2.079267226923009
MID79,SID79,67,2017-03-08 06:44:30,3.708,34,2.4617592744512686
MID78,SID78,67,2017-03-08 06:44:30,5.933,33,2.217198044906578
MID72,SID72,67,2017-03-08 06:44:30,7.417,34,2.0954465531054103
MID71,SID71,67,2017-03-08 06:44:30,4.450,29,2.000686153236054
MID90,SID90,67,2017-03-08 06:44:30,5.933,26,2.208046761112586
MID88,SID88,67,2017-03-08 06:44:30,5.933,31,2.110798585068955
MID86,SID86,67,2017-03-08 06:44:30,4.450,34,2.20439750048485
MID80,SID80,67,2017-03-08 06:44:30,6.675,33,2.103693561182306
MID57,SID57,67,2017-03-08 06:44:30,7.417,30,2.1732280341351835
MID55,SID55,67,2017-03-08 06:44:30,5.933,34,2.412719255541851
MID53,SID53,67,2017-03-08 06:44:30,5.192,33,2.3004571239824676
MID68,SID68,67,2017-03-08 06:44:30,5.192,26,2.3078578884364642
MID67,SID67,67,2017-03-08 06:44:30,6.675,29,2.0807471271712936
MID65,SID65,67,2017-03-08 06:44:30,6.675,29,2.1712575565452195
MID64,SID64,67,2017-03-08 06:44:30,5.933,29,2.471402560259464
MID63,SID63,67,2017-03-08 06:44:30,4.450,33,2.07746705945088
MID61,SID61,67,2017-03-08 06:44:30,6.675,34,2.2965078021733705
MID39,SID39,67,2017-03-08 06:44:30,5.933,28,2.2897927474584763
MID38,SID38,67,2017-03-08 06:44:30,5.192,25,2.374933668837835
MID37,SID37,67,2017-03-08 06:44:30,5.933,27,2.1952919752574944
MID34,SID34,67,2017-03-08 06:44:30,3.708,29,2.3446525719039193
MID31,SID31,67,2017-03-08 06:44:30,3.708,34,2.1748705865858717
MID30,SID30,67,2017-03-08 06:44:30,5.192,32,2.4153947360463857
MID48,SID48,67,2017-03-08 06:44:30,6.675,25,2.0251514111776023
MID45,SID45,67,2017-03-08 06:44:30,5.192,31,2.2472154633620605
MID44,SID44,67,2017-03-08 06:44:30,3.708,34,2.2547397295073814
MID42,SID42,67,2017-03-08 06:44:30,6.675,32,2.3210021935052487
MID41,SID41,67,2017-03-08 06:44:30,6.675,30,2.118464524410153
MID19,SID19,67,2017-03-08 06:44:40,5.956,31,2.0584854162801163
MID13,SID13,67,2017-03-08 06:44:40,6.700,34,2.1887256418788814
MID11,SID11,67,2017-03-08 06:44:40,7.444,34,2.107729393825781
MID10,SID10,67,2017-03-08 06:44:40,3.722,30,2.141231658635152
MID96,SID96,67,2017-03-08 06:44:40,6.700,29,2.406252625802254
MID95,SID95,67,2017-03-08 06:44:40,7.444,25,2.1275153502576116
MID92,SID92,67,2017-03-08 06:44:40,5.211,27,2.1566179917286377
MID4,SID4,67,2017-03-08 06:44:40,3.722,30,2.2049951003561885
MID7,SID7,67,2017-03-08 06:44:40,7.444,28,2.0523150836364463
MID1,SID1,67,2017-03-08 06:44:40,5.211,31,2.2733226175001695
MID28,SID28,67,2017-03-08 06:44:40,5.211,31,2.382049446164694
MID26,SID26,67,2017-03-08 06:44:40,4.467,27,2.389782362544604
MID8,SID8,67,2017-03-08 06:44:40,5.211,31,2.2533878386554957
MID24,SID24,67,2017-03-08 06:44:40,3.722,27,2.3551965204324534
MID22,SID22,67,2017-03-08 06:44:40,5.211,33,2.1669497218170912
MID20,SID20,67,2017-03-08 06:44:40,5.211,26,2.1897026899281413
MID79,SID79,67,2017-03-08 06:44:40,3.722,31,2.235130533531059
MID78,SID78,67,2017-03-08 06:44:40,5.956,33,2.4362948316270314
MID72,SID72,67,2017-03-08 06:44:40,7.444,31,2.344232743784637
MID71,SID71,67,2017-03-08 06:44:40,4.467,25,2.133111129803158
MID90,SID90,67,2017-03-08 06:44:40,5.956,34,2.2586337252826656
MID88,SID88,67,2017-03-08 06:44:40,5.956,26,2.1015929850846513
MID86,SID86,67,2017-03-08 06:44:40,4.467,25,2.319692043245849
MID80,SID80,67,2017-03-08 06:44:40,6.700,28,2.117553133283799
MID57,SID57,67,2017-03-08 06:44:40,7.444,29,2.2743043517144867
MID55,SID55,67,2017-03-08 06:44:40,5.956,31,2.1739462388168707
MID53,SID53,67,2017-03-08 06:44:40,5.211,30,2.0040099926281894
MID68,SID68,67,2017-03-08 06:44:40,5.211,26,2.439627798115098
MID67,SID67,67,2017-03-08 06:44:40,6.700,31,2.209631516356429
MID65,SID65,67,2017-03-08 06:44:40,6.700,28,2.024876542279392
MID64,SID64,67,2017-03-08 06:44:40,5.956,30,2.1338327908129346
MID63,SID63,67,2017-03-08 06:44:40,4.467,27,2.1616368357755
MID61,SID61,67,2017-03-08 06:44:40,6.700,33,2.479735227220792
MID39,SID39,67,2017-03-08 06:44:40,5.956,30,2.2290029661902087
MID38,SID38,67,2017-03-08 06:44:40,5.211,30,2.3800892558459013
MID37,SID37,67,2017-03-08 06:44:40,5.956,31,2.4174383726058726
MID34,SID34,67,2017-03-08 06:44:40,3.722,32,2.155102554935192
MID31,SID31,67,2017-03-08 06:44:40,3.722,27,2.1677687824769905
MID30,SID30,67,2017-03-08 06:44:40,5.211,34,2.0176836204048207
MID48,SID48,67,2017-03-08 06:44:40,6.700,32,2.412366534141876
MID45,SID45,67,2017-03-08 06:44:40,5.211,34,2.376515490974041
MID44,SID44,67,2017-03-08 06:44:40,3.722,25,2.201088402551722
MID42,SID42,67,2017-03-08 06:44:40,6.700,26,2.4609505294394243
MID41,SID41,67,2017-03-08 06:44:40,6.700,30,2.122106170554969
MID19,SID19,67,2017-03-08 06:44:50,5.978,34,2.3810190426465145
MID13,SID13,67,2017-03-08 06:44:50,6.725,28,2.499364049239987
MID11,SID11,67,2017-03-08 06:44:50,7.472,34,2.087450226230666
MID10,SID10,67,2017-03-08 06:44:50,3.736,29,2.099845254603047
MID96,SID96,67,2017-03-08 06:44:50,6.725,32,2.051341576147276
MID95,SID95,67,2017-03-08 06:44:50,7.472,30,2.0607155714071697
MID92,SID92,67,2017-03-08 06:44:50,5.231,33,2.1307927585664723
MID4,SID4,67,2017-03-08 06:44:50,3.736,31,2.1736121796121726
MID7,SID7,67,2017-03-08 06:44:50,7.472,30,2.0403444285190293
MID1,SID1,67,2017-03-08 06:44:50,5.231,26,2.3907949064800738
MID28,SID28,67,2017-03-08 06:44:50,5.231,30,2.157582067984248
MID26,SID26,67,2017-03-08 06:44:50,4.483,29,2.0096198320223655
MID8,SID8,67,2017-03-08 06:44:50,5.231,29,2.486569501069762
MID24,SID24,67,2017-03-08 06:44:50,3.736,33,2.3067624406389706
MID22,SID22,67,2017-03-08 06:44:50,5.231,32,2.479743714249236
MID20,SID20,67,2017-03-08 06:44:50,5.231,34,2.0112379135909597
MID79,SID79,67,2017-03-08 06:44:50,3.736,26,2.3714193902150726
MID78,SID78,67,2017-03-08 06:44:50,5.978,29,2.364936164833783
MID72,SID72,67,2017-03-08 06:44:50,7.472,28,2.3048063509886805
MID71,SID71,67,2017-03-08 06:44:50,4.483,29,2.2039233497422144
MID90,SID90,67,2017-03-08 06:44:50,5.978,30,2.3359930564183333
MID88,SID88,67,2017-03-08 06:44:50,5.978,26,2.308033716454657
MID86,SID86,67,2017-03-08 06:44:50,4.483,25,2.4437190014547774
MID80,SID80,67,2017-03-08 06:44:50,6.725,26,2.4983270264127464
MID57,SID57,67,2017-03-08 06:44:50,7.472,32,2.002416401073324
MID55,SID55,67,2017-03-08 06:44:50,5.978,34,2.2668355408097116
MID53,SID53,67,2017-03-08 06:44:50,5.231,26,2.2497299139328994
MID68,SID68,67,2017-03-08 06:44:50,5.231,30,2.267537697563049
MID67,SID67,67,2017-03-08 06:44:50,6.725,25,2.0879507039283203
MID65,SID65,67,2017-03-08 06:44:50,6.725,30,2.3449534895751194
MID64,SID64,67,2017-03-08 06:44:50,5.978,33,2.4857609942562746
MID63,SID63,67,2017-03-08 06:44:50,4.483,33,2.0475474124391755
MID61,SID61,67,2017-03-08 06:44:50,6.725,34,2.326376431930927
MID39,SID39,67,2017-03-08 06:44:50,5.978,26,2.3129240018661505
MID38,SID38,67,2017-03-08 06:44:50,5.231,28,2.4238794477335124
MID37,SID37,67,2017-03-08 06:44:50,5.978,33,2.0193459982817306
MID34,SID34,67,2017-03-08 06:44:50,3.736,34,2.085590533841707
MID31,SID31,67,2017-03-08 06:44:50,3.736,33,2.3442849459228348
MID30,SID30,67,2017-03-08 06:44:50,5.231,26,2.4665542543908416
MID48,SID48,67,2017-03-08 06:44:50,6.725,31,2.3251591363970325
MID45,SID45,67,2017-03-08 06:44:50,5.231,27,2.1523971055949285
MID44,SID44,67,2017-03-08 06:44:50,3.736,28,2.264847189254786
MID42,SID42,67,2017-03-08 06:44:50,6.725,33,2.049964548995203
MID41,SID41,67,2017-03-08 06:44:50,6.725,34,2.233024814216316
MID19,SID19,67,2017-03-08 06:45:00,6.000,32,2.1334571234871142
MID13,SID13,67,2017-03-08 06:45:00,6.750,31,2.2637908898433063
MID11,SID11,67,2017-03-08 06:45:00,7.500,29,2.453271737802322
MID10,SID10,67,2017-03-08 06:45:00,3.750,31,2.3710600992137048
MID96,SID96,67,2017-03-08 06:45:00,6.750,29,2.057784035894146
MID95,SID95,67,2017-03-08 06:45:00,7.500,27,2.085048218147254
MID92,SID92,67,2017-03-08 06:45:00,5.250,30,2.231077740513202
MID4,SID4,67,2017-03-08 06:45:00,3.750,28,2.4395180947503317
MID7,SID7,67,2017-03-08 06:45:00,7.500,26,2.0401542705937286
MID1,SID1,67,2017-03-08 06:45:00,5.250,29,2.1755260273384582
MID28,SID28,67,2017-03-08 06:45:00,5.250,29,2.0651289505876935
MID26,SID26,67,2017-03-08 06:45:00,4.500,30,2.1042566619303766
MID8,SID8,67,2017-03-08 06:45:00,5.250,34,2.0431253520947146
MID24,SID24,67,2017-03-08 06:45:00,3.750,31,2.1065000992738945
MID22,SID22,67,2017-03-08 06:45:00,5.250,26,2.4357391139536824
MID20,SID20,67,2017-03-08 06:45:00,5.250,33,2.4204679974948604
MID79,SID79,67,2017-03-08 06:45:00,3.750,30,2.3794694287398492
MID78,SID78,67,2017-03-08 06:45:00,6.000,25,2.250082196732092
MID72,SID72,67,2017-03-08 06:45:00,7.500,30,2.2575826036274336
MID71,SID71,67,2017-03-08 06:45:00,4.500,29,2.075679668080248
MID90,SID90,67,2017-03-08 06:45:00,6.000,26,2.071770761050286
MID88,SID88,67,2017-03-08 06:45:00,6.000,32,2.0499733702946736
MID86,SID86,67,2017-03-08 06:45:00,4.500,28,2.1070913259293813
MID80,SID80,67,2017-03-08 06:45:00,6.750,33,2.2697861984012304
MID57,SID57,67,2017-03-08 06:45:00,7.500,26,2.3029938384775974
MID55,SID55,67,2017-03-08 06:45:00,6.000,32,2.06642304206315
MID53,SID53,67,2017-03-08 06:45:00,5.250,29,2.1082178107675125
MID68,SID68,67,2017-03-08 06:45:00,5.250,31,2.312222318253711
MID67,SID67,67,2017-03-08 06:45:00,6.750,30,2.0176467312679036
MID65,SID65,67,2017-03-08 06:45:00,6.750,29,2.2983183672207823
MID64,SID64,67,2017-03-08 06:45:00,6.000,25,2.3970591922461253
MID63,SID63,67,2017-03-08 06:45:00,4.500,27,2.4653018023509436
MID61,SID61,67,2017-03-08 06:45:00,6.750,31,2.3095298699125366
MID39,SID39,67,2017-03-08 06:45:00,6.000,26,2.1086476819752624
MID38,SID38,67,2017-03-08 06:45:00,5.250,34,2.3335996949596094
MID37,SID37,67,2017-03-08 06:45:00,6.000,26,2.12527753989257
MID34,SID34,67,2017-03-08 06:45:00,3.750,31,2.029002772543312
MID31,SID31,67,2017-03-08 06:45:00,3.750,29,2.4585436762753092
MID30,SID30,67,2017-03-08 06:45:00,5.250,32,2.079975075988119
MID48,SID48,67,2017-03-08 06:45:00,6.750,25,2.3063584137392423
MID45,SID45,67,2017-03-08 06:45:00,5.250,28,2.12328851344721
MID44,SID44,67,2017-03-08 06:45:00,3.750,32,2.112195284589364
MID42,SID42,67,2017-03-08 06:45:00,6.750,30,2.3700188996879477
MID41,SID41,67,2017-03-08 06:45:00,6.750,32,2.1783652522402224
MID19,SID19,67,2017-03-08 06:45:10,6.022,32,2.29155812997875
MID13,SID13,67,2017-03-08 06:45:10,6.775,33,2.2392784142582633
MID11,SID11,67,2017-03-08 06:45:10,7.528,34,2.4410045161912812
MID10,SID10,67,2017-03-08 06:45:10,3.764,31,2.2372630409774104
MID96,SID96,67,2017-03-08 06:45:10,6.775,33,2.081591500217436
MID92,SID92,67,2017-03-08 06:45:10,5.269,34,2.4461528833133754
MID4,SID4,67,2017-03-08 06:45:10,3.764,30,2.4311013562544197
MID7,SID7,67,2017-03-08 06:45:10,7.528,30,2.0010878132433723
MID1,SID1,67,2017-03-08 06:45:10,5.269,32,2.2538890111344667
MID28,SID28,67,2017-03-08 06:45:10,5.269,30,2.372301018076424
MID8,SID8,67,2017-03-08 06:45:10,5.269,32,2.060021871695064
MID24,SID24,67,2017-03-08 06:45:10,3.764,32,2.493899069116061
MID22,SID22,67,2017-03-08 06:45:10,5.269,30,2.4494524478995268
MID20,SID20,67,2017-03-08 06:45:10,5.269,29,2.305160961237849
MID79,SID79,67,2017-03-08 06:45:10,3.764,27,2.2160872399497933
MID78,SID78,67,2017-03-08 06:45:10,6.022,25,2.3599401489754936
MID72,SID72,67,2017-03-08 06:45:10,7.528,26,2.0386379466400797
MID71,SID71,67,2017-03-08 06:45:10,4.517,32,2.164506123604848
MID90,SID90,67,2017-03-08 06:45:10,6.022,30,2.340811984485453
MID88,SID88,67,2017-03-08 06:45:10,6.022,32,2.415898381962055
MID86,SID86,67,2017-03-08 06:45:10,4.517,33,2.0385734684826633
MID80,SID80,67,2017-03-08 06:45:10,6.775,26,2.130618497883169
MID57,SID57,67,2017-03-08 06:45:10,7.528,27,2.1714686777978165
MID55,SID55,67,2017-03-08 06:45:10,6.022,31,2.201556610896646
MID53,SID53,67,2017-03-08 06:45:10,5.269,30,2.474598831694727
MID68,SID68,67,2017-03-08 06:45:10,5.269,32,2.01137946454205
MID67,SID67,67,2017-03-08 06:45:10,6.775,28,2.2597431629817137
MID65,SID65,67,2017-03-08 06:45:10,6.775,25,2.45408853058397
MID64,SID64,67,2017-03-08 06:45:10,6.022,34,2.155064332642204
MID63,SID63,67,2017-03-08 06:45:10,4.517,32,2.4267986970573068
MID61,SID61,67,2017-03-08 06:45:10,6.775,26,2.1058564562985533
MID38,SID38,67,2017-03-08 06:45:10,5.269,25,2.3843337864827783
MID37,SID37,67,2017-03-08 06:45:10,6.022,30,2.4223280993975416
MID34,SID34,67,2017-03-08 06:45:10,3.764,33,2.3479883746846792
MID31,SID31,67,2017-03-08 06:45:10,3.764,30,2.0810772871344354
MID30,SID30,67,2017-03-08 06:45:10,5.269,34,2.288480487511647
MID48,SID48,67,2017-03-08 06:45:10,6.775,27,2.2817601350918255
MID45,SID45,67,2017-03-08 06:45:10,5.269,26,2.420641132953322
MID44,SID44,67,2017-03-08 06:45:10,3.764,28,2.3943136821650786
MID42,SID42,67,2017-03-08 06:45:10,6.775,33,2.0197075934399
MID41,SID41,67,2017-03-08 06:45:10,6.775,29,2.2459079212409456
MID19,SID19,67,2017-03-08 06:45:20,6.044,29,2.354240549969086
MID13,SID13,67,2017-03-08 06:45:20,6.800,33,2.189028864140222
MID11,SID11,67,2017-03-08 06:45:20,7.556,31,2.334785287318865
MID10,SID10,67,2017-03-08 06:45:20,3.778,25,2.298802352657564
MID96,SID96,67,2017-03-08 06:45:20,6.800,25,2.3689070744365903
MID92,SID92,67,2017-03-08 06:45:20,5.289,26,2.3111976090273023
MID4,SID4,67,2017-03-08 06:45:20,3.778,29,2.129179611329999
MID7,SID7,67,2017-03-08 06:45:20,7.556,28,2.054732149080351
MID1,SID1,67,2017-03-08 06:45:20,5.289,28,2.3066203389163187
MID28,SID28,67,2017-03-08 06:45:20,5.289,30,2.3534675827321245
MID8,SID8,67,2017-03-08 06:45:20,5.289,27,2.446724476640913
MID24,SID24,67,2017-03-08 06:45:20,3.778,26,2.4193505812327025
MID22,SID22,67,2017-03-08 06:45:20,5.289,33,2.2141535267577037
MID20,SID20,67,2017-03-08 06:45:20,5.289,26,2.4683683520940054
MID79,SID79,67,2017-03-08 06:45:20,3.778,32,2.425845588090197
MID78,SID78,67,2017-03-08 06:45:20,6.044,27,2.3243859795345205
MID72,SID72,67,2017-03-08 06:45:20,7.556,26,2.3120432340332706
MID71,SID71,67,2017-03-08 06:45:20,4.533,26,2.1667121350619016
MID90,SID90,67,2017-03-08 06:45:20,6.044,27,2.247295282085981
MID88,SID88,67,2017-03-08 06:45:20,6.044,29,2.0853707889696134
MID86,SID86,67,2017-03-08 06:45:20,4.533,31,2.0172102137098245
MID80,SID80,67,2017-03-08 06:45:20,6.800,32,2.338507641560857
MID57,SID57,67,2017-03-08 06:45:20,7.556,27,2.493977278947362
MID55,SID55,67,2017-03-08 06:45:20,6.044,28,2.413894233041486
MID53,SID53,67,2017-03-08 06:45:20,5.289,27,2.4128835964060142
MID68,SID68,67,2017-03-08 06:45:20,5.289,26,2.113634420067902
MID67,SID67,67,2017-03-08 06:45:20,6.800,31,2.470705720843189
MID65,SID65,67,2017-03-08 06:45:20,6.800,28,2.275532529237431
MID64,SID64,67,2017-03-08 06:45:20,6.044,32,2.3041298335503426
MID63,SID63,67,2017-03-08 06:45:20,4.533,33,2.065519933922439
MID61,SID61,67,2017-03-08 06:45:20,6.800,34,2.1048632370377325
MID38,SID38,67,2017-03-08 06:45:20,5.289,28,2.2344048845099556
MID37,SID37,67,2017-03-08 06:45:20,6.044,27,2.416690131059686
MID34,SID34,67,2017-03-08 06:45:20,3.778,25,2.179534474381728
MID31,SID31,67,2017-03-08 06:45:20,3.778,27,2.214049311336564
MID30,SID30,67,2017-03-08 06:45:20,5.289,30,2.2314801409417755
MID48,SID48,67,2017-03-08 06:45:20,6.800,32,2.388835673800827
MID45,SID45,67,2017-03-08 06:45:20,5.289,28,2.3178007884219203
MID44,SID44,67,2017-03-08 06:45:20,3.778,29,2.280728899156707
MID42,SID42,67,2017-03-08 06:45:20,6.800,25,2.0750601063199685
MID41,SID41,67,2017-03-08 06:45:20,6.800,29,2.214056930114535
MID19,SID19,67,2017-03-08 06:45:30,6.067,28,2.3403132191017457
MID13,SID13,67,2017-03-08 06:45:30,6.825,25,2.4959452310051127
MID11,SID11,67,2017-03-08 06:45:30,7.583,32,2.03238470967342
MID10,SID10,67,2017-03-08 06:45:30,3.792,34,2.235247613632069
MID96,SID96,67,2017-03-08 06:45:30,6.825,29,2.206947320332174
MID92,SID92,67,2017-03-08 06:45:30,5.308,33,2.0363898687581212
MID4,SID4,67,2017-03-08 06:45:30,3.792,28,2.0514573503631137
MID7,SID7,67,2017-03-08 06:45:30,7.583,30,2.433238876844955
MID1,SID1,67,2017-03-08 06:45:30,5.308,31,2.283998069133526
MID28,SID28,67,2017-03-08 06:45:30,5.308,26,2.092832169862554
MID8,SID8,67,2017-03-08 06:45:30,5.308,34,2.1268263649259382
MID24,SID24,67,2017-03-08 06:45:30,3.792,33,2.2759820651532103
MID22,SID22,67,2017-03-08 06:45:30,5.308,32,2.114385497221706
MID20,SID20,67,2017-03-08 06:45:30,5.308,26,2.481629049734088
MID79,SID79,67,2017-03-08 06:45:30,3.792,26,2.0419576735473237
MID78,SID78,67,2017-03-08 06:45:30,6.067,26,2.00144149444834
MID72,SID72,67,2017-03-08 06:45:30,7.583,27,2.1507830680916897
MID71,SID71,67,2017-03-08 06:45:30,4.550,33,2.303480916664838
MID90,SID90,67,2017-03-08 06:45:30,6.067,33,2.1579785155912585
MID88,SID88,67,2017-03-08 06:45:30,6.067,25,2.3120247724336274
MID86,SID86,67,2017-03-08 06:45:30,4.550,25,2.212078057446704
MID80,SID80,67,2017-03-08 06:45:30,6.825,29,2.164262746305509
MID57,SID57,67,2017-03-08 06:45:30,7.583,31,2.3464391487297425
MID55,SID55,67,2017-03-08 06:45:30,6.067,26,2.1796105026684534
MID53,SID53,67,2017-03-08 06:45:30,5.308,31,2.3785723142565813
MID68,SID68,67,2017-03-08 06:45:30,5.308,30,2.4803345935095065
MID67,SID67,67,2017-03-08 06:45:30,6.825,25,2.1588037308136534
MID65,SID65,67,2017-03-08 06:45:30,6.825,34,2.272248474766221
MID64,SID64,67,2017-03-08 06:45:30,6.067,29,2.4740921975953927
MID63,SID63,67,2017-03-08 06:45:30,4.550,34,2.172220352486206
MID61,SID61,67,2017-03-08 06:45:30,6.825,33,2.1253959177765878
MID38,SID38,67,2017-03-08 06:45:30,5.308,25,2.3995400619462206
MID37,SID37,67,2017-03-08 06:45:30,6.067,27,2.173782171168658
MID34,SID34,67,2017-03-08 06:45:30,3.792,28,2.1495669108684132
MID31,SID31,67,2017-03-08 06:45:30,3.792,29,2.3959230367245015
MID30,SID30,67,2017-03-08 06:45:30,5.308,32,2.391579192970629
MID48,SID48,67,2017-03-08 06:45:30,6.825,30,2.3481195034224016
MID45,SID45,67,2017-03-08 06:45:30,5.308,31,2.1849280348356217
MID44,SID44,67,2017-03-08 06:45:30,3.792,32,2.0268548771108508
MID42,SID42,67,2017-03-08 06:45:30,6.825,26,2.371042277358649
MID41,SID41,67,2017-03-08 06:45:30,6.825,29,2.4256223138484128
MID19,SID19,67,2017-03-08 06:45:40,6.089,29,2.422598870105281
MID13,SID13,67,2017-03-08 06:45:40,6.850,34,2.206596660276814
MID11,SID11,67,2017-03-08 06:45:40,7.611,30,2.461587696966239
MID10,SID10,67,2017-03-08 06:45:40,3.806,28,2.1863722796078573
MID96,SID96,67,2017-03-08 06:45:40,6.850,33,2.4077473322622085
MID92,SID92,67,2017-03-08 06:45:40,5.328,32,2.3922733708874246
MID4,SID4,67,2017-03-08 06:45:40,3.806,30,2.2691276958723456
MID7,SID7,67,2017-03-08 06:45:40,7.611,25,2.342178319611094
MID1,SID1,67,2017-03-08 06:45:40,5.328,30,2.352790091614099
MID28,SID28,67,2017-03-08 06:45:40,5.328,27,2.248147906250825
MID8,SID8,67,2017-03-08 06:45:40,5.328,31,2.203396331972896
MID24,SID24,67,2017-03-08 06:45:40,3.806,32,2.4031568122634894
MID22,SID22,67,2017-03-08 06:45:40,5.328,32,2.292420983563116
MID20,SID20,67,2017-03-08 06:45:40,5.328,29,2.2767561394381457
MID79,SID79,67,2017-03-08 06:45:40,3.806,25,2.1948265032109946
MID78,SID78,67,2017-03-08 06:45:40,6.089,34,2.3724336879063115
MID72,SID72,67,2017-03-08 06:45:40,7.611,33,2.213099708061
MID71,SID71,67,2017-03-08 06:45:40,4.567,25,2.03614945900099
MID90,SID90,67,2017-03-08 06:45:40,6.089,34,2.0639279176043104
MID88,SID88,67,2017-03-08 06:45:40,6.089,29,2.0549321497726702
MID86,SID86,67,2017-03-08 06:45:40,4.567,26,2.3621168092003595
MID80,SID80,67,2017-03-08 06:45:40,6.850,33,2.4876120216421698
MID57,SID57,67,2017-03-08 06:45:40,7.611,30,2.4313385987128555
MID55,SID55,67,2017-03-08 06:45:40,6.089,34,2.169117566716005
MID53,SID53,67,2017-03-08 06:45:40,5.328,29,2.2318684736228676
MID68,SID68,67,2017-03-08 06:45:40,5.328,34,2.2710068895983446
MID67,SID67,67,2017-03-08 06:45:40,6.850,30,2.1027831498182876
MID65,SID65,67,2017-03-08 06:45:40,6.850,32,2.266391119898806
MID64,SID64,67,2017-03-08 06:45:40,6.089,26,2.193237203925031
MID63,SID63,67,2017-03-08 06:45:40,4.567,32,2.170459845775404
MID61,SID61,67,2017-03-08 06:45:40,6.850,27,2.015944776077343
MID38,SID38,67,2017-03-08 06:45:40,5.328,30,2.17335763341252
MID37,SID37,67,2017-03-08 06:45:40,6.089,27,2.1673195057943198
MID34,SID34,67,2017-03-08 06:45:40,3.806,28,2.129143537072949
MID31,SID31,67,2017-03-08 06:45:40,3.806,32,2.470337665764707
MID30,SID30,67,2017-03-08 06:45:40,5.328,32,2.0269730160416457
MID48,SID48,67,2017-03-08 06:45:40,6.850,30,2.2178212450999952
MID45,SID45,67,2017-03-08 06:45:40,5.328,26,2.0288301526167993
MID44,SID44,67,2017-03-08 06:45:40,3.806,30,2.0431651922519194
MID42,SID42,67,2017-03-08 06:45:40,6.850,28,2.3727350260765383
MID41,SID41,67,2017-03-08 06:45:40,6.850,29,2.011925058032551
MID19,SID19,67,2017-03-08 06:45:50,6.111,32,2.1055132293060983
MID13,SID13,67,2017-03-08 06:45:50,6.875,31,2.150650498508053
MID11,SID11,67,2017-03-08 06:45:50,7.639,30,2.254379146375833
MID10,SID10,67,2017-03-08 06:45:50,3.819,25,2.2002607039416935
MID96,SID96,67,2017-03-08 06:45:50,6.875,25,2.2858375673799056
MID92,SID92,67,2017-03-08 06:45:50,5.347,25,2.3647890741362416
MID4,SID4,67,2017-03-08 06:45:50,3.819,31,2.2212774847251087
MID7,SID7,67,2017-03-08 06:45:50,7.639,30,2.2314232671105656
MID1,SID1,67,2017-03-08 06:45:50,5.347,25,2.329285518785865
MID28,SID28,67,2017-03-08 06:45:50,5.347,34,2.2959139539621565
MID8,SID8,67,2017-03-08 06:45:50,5.347,31,2.401951748944235
MID24,SID24,67,2017-03-08 06:45:50,3.819,33,2.040007499785384
MID22,SID22,67,2017-03-08 06:45:50,5.347,27,2.1183883083877983
MID20,SID20,67,2017-03-08 06:45:50,5.347,32,2.0215481710551275
MID79,SID79,67,2017-03-08 06:45:50,3.819,25,2.047581371826343
MID78,SID78,67,2017-03-08 06:45:50,6.111,25,2.0627488908734306
MID72,SID72,67,2017-03-08 06:45:50,7.639,33,2.4074026048362773
MID71,SID71,67,2017-03-08 06:45:50,4.583,34,2.279554182778853
MID90,SID90,67,2017-03-08 06:45:50,6.111,34,2.3244552366994875
MID88,SID88,67,2017-03-08 06:45:50,6.111,30,2.383860009634052
MID86,SID86,67,2017-03-08 06:45:50,4.583,30,2.3283479042824196
MID80,SID80,67,2017-03-08 06:45:50,6.875,27,2.2179799803693707
MID57,SID57,67,2017-03-08 06:45:50,7.639,34,2.472618735964352
MID55,SID55,67,2017-03-08 06:45:50,6.111,30,2.362971733813373
MID53,SID53,67,2017-03-08 06:45:50,5.347,26,2.498647184084995
MID68,SID68,67,2017-03-08 06:45:50,5.347,29,2.0060173129773076
MID67,SID67,67,2017-03-08 06:45:50,6.875,26,2.265323206879295
MID65,SID65,67,2017-03-08 06:45:50,6.875,25,2.022827300159089
MID64,SID64,67,2017-03-08 06:45:50,6.111,27,2.292049319404183
MID63,SID63,67,2017-03-08 06:45:50,4.583,31,2.3802995215757465
MID61,SID61,67,2017-03-08 06:45:50,6.875,25,2.09365599173911
MID38,SID38,67,2017-03-08 06:45:50,5.347,26,2.3111711818168628
MID37,SID37,67,2017-03-08 06:45:50,6.111,29,2.145524193583444
MID34,SID34,67,2017-03-08 06:45:50,3.819,31,2.0213278032185147
MID31,SID31,67,2017-03-08 06:45:50,3.819,27,2.209276984916438
MID30,SID30,67,2017-03-08 06:45:50,5.347,28,2.182888773448801
MID48,SID48,67,2017-03-08 06:45:50,6.875,31,2.2459857800969645
MID45,SID45,67,2017-03-08 06:45:50,5.347,28,2.2604166306748454
MID44,SID44,67,2017-03-08 06:45:50,3.819,29,2.0022991414453566
MID42,SID42,67,2017-03-08 06:45:50,6.875,26,2.095772435178711
MID41,SID41,67,2017-03-08 06:45:50,6.875,27,2.3918189102448175
MID19,SID19,67,2017-03-08 06:46:00,6.133,31,2.114188798102917
MID13,SID13,67,2017-03-08 06:46:00,6.900,34,2.4126902679825726
MID11,SID11,67,2017-03-08 06:46:00,7.667,26,2.3341184883044868
MID10,SID10,67,2017-03-08 06:46:00,3.833,25,2.248032916758271
MID96,SID96,67,2017-03-08 06:46:00,6.900,33,2.4698305084883727
MID92,SID92,67,2017-03-08 06:46:00,5.367,31,2.1247801005838403
MID4,SID4,67,2017-03-08 06:46:00,3.833,25,2.091751871733434
MID7,SID7,67,2017-03-08 06:46:00,7.667,31,2.015306967106609
MID1,SID1,67,2017-03-08 06:46:00,5.367,28,2.133479802135355
MID28,SID28,67,2017-03-08 06:46:00,5.367,33,2.3386357786906515
MID8,SID8,67,2017-03-08 06:46:00,5.367,26,2.008217240190241
MID24,SID24,67,2017-03-08 06:46:00,3.833,28,2.4317214251126917
MID22,SID22,67,2017-03-08 06:46:00,5.367,27,2.0673706679802764
MID20,SID20,67,2017-03-08 06:46:00,5.367,26,2.320990230715874
MID79,SID79,67,2017-03-08 06:46:00,3.833,30,2.15690130233253
MID78,SID78,67,2017-03-08 06:46:00,6.133,32,2.1733448773509805
MID72,SID72,67,2017-03-08 06:46:00,7.667,26,2.3551021931425353
MID71,SID71,67,2017-03-08 06:46:00,4.600,26,2.452706994934038
MID90,SID90,67,2017-03-08 06:46:00,6.133,31,2.45576405881659
MID88,SID88,67,2017-03-08 06:46:00,6.133,25,2.1184767155718074
MID86,SID86,67,2017-03-08 06:46:00,4.600,26,2.259847976430885
MID80,SID80,67,2017-03-08 06:46:00,6.900,25,2.2725630337163047
MID57,SID57,67,2017-03-08 06:46:00,7.667,27,2.4442211784486307
MID55,SID55,67,2017-03-08 06:46:00,6.133,29,2.3442114907353915
MID53,SID53,67,2017-03-08 06:46:00,5.367,27,2.3186224396878106
MID68,SID68,67,2017-03-08 06:46:00,5.367,29,2.348486040939716
MID67,SID67,67,2017-03-08 06:46:00,6.900,33,2.0314090508398874
MID65,SID65,67,2017-03-08 06:46:00,6.900,28,2.4361619116986004
MID64,SID64,67,2017-03-08 06:46:00,6.133,34,2.1874071760960008
MID63,SID63,67,2017-03-08 06:46:00,4.600,25,2.0018728764648683
MID61,SID61,67,2017-03-08 06:46:00,6.900,33,2.461962250329156
MID38,SID38,67,2017-03-08 06:46:00,5.367,30,2.1281843231320523
MID37,SID37,67,2017-03-08 06:46:00,6.133,30,2.110733398991144
MID34,SID34,67,2017-03-08 06:46:00,3.833,28,2.448600547382147
MID31,SID31,67,2017-03-08 06:46:00,3.833,31,2.3951756460818805
MID30,SID30,67,2017-03-08 06:46:00,5.367,32,2.3427320127183338
MID48,SID48,67,2017-03-08 06:46:00,6.900,28,2.267419605273557
MID45,SID45,67,2017-03-08 06:46:00,5.367,28,2.330349157611772
MID44,SID44,67,2017-03-08 06:46:00,3.833,28,2.044741500822507
MID42,SID42,67,2017-03-08 06:46:00,6.900,33,2.095397078503952
MID41,SID41,67,2017-03-08 06:46:00,6.900,32,2.2630542885319316
MID19,SID19,67,2017-03-08 06:46:10,6.156,29,2.3781448803442675
MID13,SID13,67,2017-03-08 06:46:10,6.925,31,2.3089562726781416
MID11,SID11,67,2017-03-08 06:46:10,7.694,27,2.2894280222686914
MID10,SID10,67,2017-03-08 06:46:10,3.847,28,2.483510026999707
MID96,SID96,67,2017-03-08 06:46:10,6.925,26,2.021316366709876
MID92,SID92,67,2017-03-08 06:46:10,5.386,25,2.2361177809545514
MID4,SID4,67,2017-03-08 06:46:10,3.847,32,2.1162599115338017
MID1,SID1,67,2017-03-08 06:46:10,5.386,27,2.4107169958739423
MID28,SID28,67,2017-03-08 06:46:10,5.386,33,2.1971469986919168
MID8,SID8,67,2017-03-08 06:46:10,5.386,31,2.168163275972847
MID24,SID24,67,2017-03-08 06:46:10,3.847,26,2.1776354083109513
MID22,SID22,67,2017-03-08 06:46:10,5.386,33,2.130990011279444
MID20,SID20,67,2017-03-08 06:46:10,5.386,26,2.0404448554597248
MID79,SID79,67,2017-03-08 06:46:10,3.847,31,2.0354283152819796
MID78,SID78,67,2017-03-08 06:46:10,6.156,26,2.479951580794473
MID72,SID72,67,2017-03-08 06:46:10,7.694,29,2.0278667077705763
MID71,SID71,67,2017-03-08 06:46:10,4.617,25,2.025141495694665
MID90,SID90,67,2017-03-08 06:46:10,6.156,26,2.2334983652436837
MID88,SID88,67,2017-03-08 06:46:10,6.156,31,2.201394889821161
MID86,SID86,67,2017-03-08 06:46:10,4.617,25,2.22418322868317
MID80,SID80,67,2017-03-08 06:46:10,6.925,30,2.3215092379755538
MID57,SID57,67,2017-03-08 06:46:10,7.694,27,2.0624869416272578
MID55,SID55,67,2017-03-08 06:46:10,6.156,26,2.275812136046759
MID53,SID53,67,2017-03-08 06:46:10,5.386,29,2.0077495386933886
MID68,SID68,67,2017-03-08 06:46:10,5.386,29,2.3543582042612545
MID67,SID67,67,2017-03-08 06:46:10,6.925,25,2.1552944016820703
MID65,SID65,67,2017-03-08 06:46:10,6.925,33,2.1765385091354426
MID63,SID63,67,2017-03-08 06:46:10,4.617,26,2.358639237006524
MID61,SID61,67,2017-03-08 06:46:10,6.925,32,2.1484629362945187
MID38,SID38,67,2017-03-08 06:46:10,5.386,31,2.0554604982518705
MID37,SID37,67,2017-03-08 06:46:10,6.156,26,2.324273567447644
MID34,SID34,67,2017-03-08 06:46:10,3.847,28,2.4965843789189517
MID31,SID31,67,2017-03-08 06:46:10,3.847,30,2.060552167519714
MID30,SID30,67,2017-03-08 06:46:10,5.386,28,2.0777775675098957
MID48,SID48,67,2017-03-08 06:46:10,6.925,32,2.098036400054438
MID45,SID45,67,2017-03-08 06:46:10,5.386,30,2.0054343432164505
MID44,SID44,67,2017-03-08 06:46:10,3.847,33,2.1957254445573016
MID42,SID42,67,2017-03-08 06:46:10,6.925,28,2.2185241197586554
MID41,SID41,67,2017-03-08 06:46:10,6.925,25,2.36573856395697
MID19,SID19,67,2017-03-08 06:46:20,6.178,29,2.180986886789626
MID13,SID13,67,2017-03-08 06:46:20,6.950,26,2.4940556545135504
MID11,SID11,67,2017-03-08 06:46:20,7.722,27,2.337273966220621
MID10,SID10,67,2017-03-08 06:46:20,3.861,29,2.3753365736083247
MID96,SID96,67,2017-03-08 06:46:20,6.950,27,2.0972484624005605
MID92,SID92,67,2017-03-08 06:46:20,5.406,28,2.465050111061132
MID4,SID4,67,2017-03-08 06:46:20,3.861,33,2.054577299925494
MID1,SID1,67,2017-03-08 06:46:20,5.406,29,2.362495593598667
MID28,SID28,67,2017-03-08 06:46:20,5.406,30,2.113444221212305
MID8,SID8,67,2017-03-08 06:46:20,5.406,30,2.48008553362887
MID24,SID24,67,2017-03-08 06:46:20,3.861,32,2.097534304876639
MID22,SID22,67,2017-03-08 06:46:20,5.406,34,2.3161379240060262
MID20,SID20,67,2017-03-08 06:46:20,5.406,28,2.0584217090757777
MID79,SID79,67,2017-03-08 06:46:20,3.861,28,2.40774334204428
MID78,SID78,67,2017-03-08 06:46:20,6.178,28,2.1878089065738253
MID72,SID72,67,2017-03-08 06:46:20,7.722,26,2.2215672375607127
MID71,SID71,67,2017-03-08 06:46:20,4.633,25,2.2572127136429465
MID90,SID90,67,2017-03-08 06:46:20,6.178,34,2.165745523678474
MID88,SID88,67,2017-03-08 06:46:20,6.178,32,2.0200915851542063
MID86,SID86,67,2017-03-08 06:46:20,4.633,31,2.1728380487966903
MID80,SID80,67,2017-03-08 06:46:20,6.950,27,2.326729660855383
MID57,SID57,67,2017-03-08 06:46:20,7.722,28,2.2095439308887697
MID55,SID55,67,2017-03-08 06:46:20,6.178,25,2.3419672106649596
MID53,SID53,67,2017-03-08 06:46:20,5.406,28,2.1914062849581963
MID68,SID68,67,2017-03-08 06:46:20,5.406,26,2.406103489671865
MID67,SID67,67,2017-03-08 06:46:20,6.950,30,2.4248936581389975
MID65,SID65,67,2017-03-08 06:46:20,6.950,30,2.021084445258168
MID63,SID63,67,2017-03-08 06:46:20,4.633,27,2.4635416927179667
MID61,SID61,67,2017-03-08 06:46:20,6.950,25,2.1454749654511933
MID38,SID38,67,2017-03-08 06:46:20,5.406,26,2.144883157857049
MID37,SID37,67,2017-03-08 06:46:20,6.178,31,2.3037889642130165
MID34,SID34,67,2017-03-08 06:46:20,3.861,27,2.3623276708999503
MID31,SID31,67,2017-03-08 06:46:20,3.861,27,2.424307371910084
MID30,SID30,67,2017-03-08 06:46:20,5.406,34,2.3975189362000844
MID48,SID48,67,2017-03-08 06:46:20,6.950,31,2.423613652034991
MID45,SID45,67,2017-03-08 06:46:20,5.406,27,2.128063605595682
MID44,SID44,67,2017-03-08 06:46:20,3.861,30,2.1626977349565366
MID42,SID42,67,2017-03-08 06:46:20,6.950,31,2.4920970354217835
MID41,SID41,67,2017-03-08 06:46:20,6.950,34,2.3331049426794714
MID19,SID19,67,2017-03-08 06:46:30,6.200,26,2.2370196454927718
MID13,SID13,67,2017-03-08 06:46:30,6.975,28,2.3490198590679983
MID11,SID11,67,2017-03-08 06:46:30,7.750,25,2.166628367742748
MID10,SID10,67,2017-03-08 06:46:30,3.875,27,2.0321851459605695
MID96,SID96,67,2017-03-08 06:46:30,6.975,28,2.190814203258419
MID92,SID92,67,2017-03-08 06:46:30,5.425,28,2.2543528188058892
MID4,SID4,67,2017-03-08 06:46:30,3.875,26,2.1684124628155645
MID1,SID1,67,2017-03-08 06:46:30,5.425,34,2.3939961996226167
MID28,SID28,67,2017-03-08 06:46:30,5.425,31,2.1635446652949804
MID8,SID8,67,2017-03-08 06:46:30,5.425,28,2.0223506285334882
MID24,SID24,67,2017-03-08 06:46:30,3.875,33,2.1325342695019827
MID22,SID22,67,2017-03-08 06:46:30,5.425,25,2.4661164785033263
MID20,SID20,67,2017-03-08 06:46:30,5.425,29,2.1305275698993094
MID79,SID79,67,2017-03-08 06:46:30,3.875,28,2.4878325215067463
MID78,SID78,67,2017-03-08 06:46:30,6.200,26,2.3591304252473804
MID72,SID72,67,2017-03-08 06:46:30,7.750,31,2.2866105168324093
MID71,SID71,67,2017-03-08 06:46:30,4.650,26,2.01441458130366
MID90,SID90,67,2017-03-08 06:46:30,6.200,30,2.389909434208266
MID88,SID88,67,2017-03-08 06:46:30,6.200,30,2.019606011893433
MID86,SID86,67,2017-03-08 06:46:30,4.650,26,2.248342546452472
MID80,SID80,67,2017-03-08 06:46:30,6.975,26,2.2613164046020726
MID57,SID57,67,2017-03-08 06:46:30,7.750,31,2.0334430144227453
MID55,SID55,67,2017-03-08 06:46:30,6.200,29,2.394255363284078
MID53,SID53,67,2017-03-08 06:46:30,5.425,31,2.4276846649010904
MID68,SID68,67,2017-03-08 06:46:30,5.425,27,2.484811465900093
MID67,SID67,67,2017-03-08 06:46:30,6.975,32,2.264054398974784
MID65,SID65,67,2017-03-08 06:46:30,6.975,32,2.0883924554323126
MID63,SID63,67,2017-03-08 06:46:30,4.650,27,2.0519627177927013
MID61,SID61,67,2017-03-08 06:46:30,6.975,26,2.4606783635164104
MID38,SID38,67,2017-03-08 06:46:30,5.425,26,2.190360017642916
MID37,SID37,67,2017-03-08 06:46:30,6.200,27,2.437594769694895
MID34,SID34,67,2017-03-08 06:46:30,3.875,33,2.156743984809992
MID31,SID31,67,2017-03-08 06:46:30,3.875,28,2.236112661421561
MID30,SID30,67,2017-03-08 06:46:30,5.425,27,2.4868194494568323
MID48,SID48,67,2017-03-08 06:46:30,6.975,31,2.252333790873146
MID45,SID45,67,2017-03-08 06:46:30,5.425,34,2.2798080239228082
MID44,SID44,67,2017-03-08 06:46:30,3.875,32,2.325750452505943
MID42,SID42,67,2017-03-08 06:46:30,6.975,31,2.3953339327556598
MID41,SID41,67,2017-03-08 06:46:30,6.975,34,2.3565938065240037
MID19,SID19,67,2017-03-08 06:46:40,6.222,34,2.424219529236201
MID13,SID13,67,2017-03-08 06:46:40,7.000,32,2.4516408777120073
MID11,SID11,67,2017-03-08 06:46:40,7.778,27,2.0323790087020517
MID10,SID10,67,2017-03-08 06:46:40,3.889,34,2.255219251318841
MID96,SID96,67,2017-03-08 06:46:40,7.000,27,2.131835031126069
MID92,SID92,67,2017-03-08 06:46:40,5.444,28,2.2034605241839214
MID4,SID4,67,2017-03-08 06:46:40,3.889,34,2.184638936250739
MID1,SID1,67,2017-03-08 06:46:40,5.444,26,2.4585442094952414
MID28,SID28,67,2017-03-08 06:46:40,5.444,32,2.161986803299701
MID8,SID8,67,2017-03-08 06:46:40,5.444,29,2.1172779376042734
MID24,SID24,67,2017-03-08 06:46:40,3.889,31,2.256677918064476
MID22,SID22,67,2017-03-08 06:46:40,5.444,25,2.4608363070348815
MID20,SID20,67,2017-03-08 06:46:40,5.444,29,2.4271067192860953
MID79,SID79,67,2017-03-08 06:46:40,3.889,30,2.4900460964816102
MID78,SID78,67,2017-03-08 06:46:40,6.222,28,2.2088843977281236
MID72,SID72,67,2017-03-08 06:46:40,7.778,32,2.1540582481728188
MID71,SID71,67,2017-03-08 06:46:40,4.667,29,2.217953808459927
MID90,SID90,67,2017-03-08 06:46:40,6.222,33,2.1633127020815492
MID88,SID88,67,2017-03-08 06:46:40,6.222,32,2.315870896890177
MID86,SID86,67,2017-03-08 06:46:40,4.667,31,2.4486371259452593
MID80,SID80,67,2017-03-08 06:46:40,7.000,33,2.21093217688112
MID57,SID57,67,2017-03-08 06:46:40,7.778,34,2.0155599540004414
MID55,SID55,67,2017-03-08 06:46:40,6.222,30,2.215777713623017
MID53,SID53,67,2017-03-08 06:46:40,5.444,26,2.1932751513477515
MID68,SID68,67,2017-03-08 06:46:40,5.444,26,2.3215284507678673
MID67,SID67,67,2017-03-08 06:46:40,7.000,25,2.1768334486238845
MID65,SID65,67,2017-03-08 06:46:40,7.000,28,2.22580536131138
MID63,SID63,67,2017-03-08 06:46:40,4.667,29,2.4220339521868803
MID61,SID61,67,2017-03-08 06:46:40,7.000,27,2.3244888710713836
MID38,SID38,67,2017-03-08 06:46:40,5.444,26,2.010994411831662
MID37,SID37,67,2017-03-08 06:46:40,6.222,28,2.2453866941615486
MID34,SID34,67,2017-03-08 06:46:40,3.889,28,2.3661876305543106
MID31,SID31,67,2017-03-08 06:46:40,3.889,27,2.2479591309615876
MID30,SID30,67,2017-03-08 06:46:40,5.444,30,2.0683575626036315
MID48,SID48,67,2017-03-08 06:46:40,7.000,28,2.351182734355486
MID45,SID45,67,2017-03-08 06:46:40,5.444,31,2.173834828882797
MID44,SID44,67,2017-03-08 06:46:40,3.889,34,2.2150944131295462
MID42,SID42,67,2017-03-08 06:46:40,7.000,34,2.10776289970181
MID41,SID41,67,2017-03-08 06:46:40,7.000,28,2.0134471814807453
MID19,SID19,67,2017-03-08 06:46:50,6.244,30,2.033498610182541
MID13,SID13,67,2017-03-08 06:46:50,7.025,34,2.2453392991541055
MID11,SID11,67,2017-03-08 06:46:50,7.806,25,2.1533595266174923
MID10,SID10,67,2017-03-08 06:46:50,3.903,27,2.382631908995557
MID96,SID96,67,2017-03-08 06:46:50,7.025,27,2.010413025316932
MID92,SID92,67,2017-03-08 06:46:50,5.464,34,2.044516437304618
MID4,SID4,67,2017-03-08 06:46:50,3.903,29,2.4071261685760406
MID1,SID1,67,2017-03-08 06:46:50,5.464,33,2.096714132306631
MID28,SID28,67,2017-03-08 06:46:50,5.464,28,2.2015023568759364
MID8,SID8,67,2017-03-08 06:46:50,5.464,31,2.2943180067228863
MID24,SID24,67,2017-03-08 06:46:50,3.903,27,2.0554593848313107
MID22,SID22,67,2017-03-08 06:46:50,5.464,33,2.25717080291664
MID20,SID20,67,2017-03-08 06:46:50,5.464,31,2.264510412505491
MID79,SID79,67,2017-03-08 06:46:50,3.903,28,2.12584587578358
MID78,SID78,67,2017-03-08 06:46:50,6.244,30,2.168268810516001
MID72,SID72,67,2017-03-08 06:46:50,7.806,30,2.2358760639947928
MID71,SID71,67,2017-03-08 06:46:50,4.683,29,2.3457975118785557
MID90,SID90,67,2017-03-08 06:46:50,6.244,33,2.1835667850159393
MID88,SID88,67,2017-03-08 06:46:50,6.244,26,2.173973623859429
MID86,SID86,67,2017-03-08 06:46:50,4.683,25,2.2147938918482235
MID80,SID80,67,2017-03-08 06:46:50,7.025,31,2.33255674560926
MID57,SID57,67,2017-03-08 06:46:50,7.806,34,2.083161762775452
MID55,SID55,67,2017-03-08 06:46:50,6.244,25,2.2806589751202564
MID53,SID53,67,2017-03-08 06:46:50,5.464,25,2.2876635647625125
MID68,SID68,67,2017-03-08 06:46:50,5.464,25,2.2525360227390867
MID67,SID67,67,2017-03-08 06:46:50,7.025,33,2.350511710421997
MID65,SID65,67,2017-03-08 06:46:50,7.025,34,2.4234567350250344
MID63,SID63,67,2017-03-08 06:46:50,4.683,28,2.391703061494028
MID61,SID61,67,2017-03-08 06:46:50,7.025,30,2.2319693662872684
MID38,SID38,67,2017-03-08 06:46:50,5.464,26,2.246485606310994
MID37,SID37,67,2017-03-08 06:46:50,6.244,27,2.0144270563999234
MID34,SID34,67,2017-03-08 06:46:50,3.903,32,2.247213657494925
MID31,SID31,67,2017-03-08 06:46:50,3.903,30,2.396892356346718
MID30,SID30,67,2017-03-08 06:46:50,5.464,32,2.338564111230825
MID48,SID48,67,2017-03-08 06:46:50,7.025,34,2.10733107495566
MID45,SID45,67,2017-03-08 06:46:50,5.464,32,2.0017665754531295
MID44,SID44,67,2017-03-08 06:46:50,3.903,28,2.1389017545556674
MID42,SID42,67,2017-03-08 06:46:50,7.025,30,2.3123492751339336
MID41,SID41,67,2017-03-08 06:46:50,7.025,25,2.0453724654436614
MID19,SID19,67,2017-03-08 06:47:00,6.267,29,2.1109080370428743
MID13,SID13,67,2017-03-08 06:47:00,7.050,25,2.49349922952689
MID11,SID11,67,2017-03-08 06:47:00,7.833,30,2.0839688331291524
MID10,SID10,67,2017-03-08 06:47:00,3.917,26,2.493833274660922
MID96,SID96,67,2017-03-08 06:47:00,7.050,31,2.061147438998019
MID92,SID92,67,2017-03-08 06:47:00,5.483,28,2.431321994853221
MID4,SID4,67,2017-03-08 06:47:00,3.917,33,2.105756723182841
MID1,SID1,67,2017-03-08 06:47:00,5.483,32,2.214409191471468
MID28,SID28,67,2017-03-08 06:47:00,5.483,33,2.242588537096485
MID8,SID8,67,2017-03-08 06:47:00,5.483,33,2.3896564240268665
MID24,SID24,67,2017-03-08 06:47:00,3.917,27,2.4057223207942995
MID22,SID22,67,2017-03-08 06:47:00,5.483,29,2.469719681274347
MID20,SID20,67,2017-03-08 06:47:00,5.483,34,2.4582603489518458
MID79,SID79,67,2017-03-08 06:47:00,3.917,33,2.1601801168424717
MID78,SID78,67,2017-03-08 06:47:00,6.267,33,2.153310633686468
MID72,SID72,67,2017-03-08 06:47:00,7.833,29,2.232077881120133
MID71,SID71,67,2017-03-08 06:47:00,4.700,33,2.164914950738836
MID90,SID90,67,2017-03-08 06:47:00,6.267,32,2.289848477240042
MID88,SID88,67,2017-03-08 06:47:00,6.267,29,2.2453252981987117
MID86,SID86,67,2017-03-08 06:47:00,4.700,30,2.145817316212634
MID80,SID80,67,2017-03-08 06:47:00,7.050,28,2.015438665416635
MID57,SID57,67,2017-03-08 06:47:00,7.833,30,2.3793284539358384
MID55,SID55,67,2017-03-08 06:47:00,6.267,31,2.13511581439236
MID53,SID53,67,2017-03-08 06:47:00,5.483,30,2.4458472472516872
MID68,SID68,67,2017-03-08 06:47:00,5.483,29,2.431270920049435
MID67,SID67,67,2017-03-08 06:47:00,7.050,29,2.046112162309226
MID65,SID65,67,2017-03-08 06:47:00,7.050,31,2.4311664542860982
MID63,SID63,67,2017-03-08 06:47:00,4.700,27,2.3384367529968264
MID61,SID61,67,2017-03-08 06:47:00,7.050,33,2.423253269659992
MID38,SID38,67,2017-03-08 06:47:00,5.483,27,2.435417288924767
MID37,SID37,67,2017-03-08 06:47:00,6.267,34,2.465943352503133
MID34,SID34,67,2017-03-08 06:47:00,3.917,26,2.063434697340805
MID31,SID31,67,2017-03-08 06:47:00,3.917,30,2.2233269612709146
MID30,SID30,67,2017-03-08 06:47:00,5.483,34,2.0981149885728123
MID48,SID48,67,2017-03-08 06:47:00,7.050,33,2.3649847618039046
MID45,SID45,67,2017-03-08 06:47:00,5.483,28,2.3725138701247914
MID44,SID44,67,2017-03-08 06:47:00,3.917,25,2.05726166911115
MID42,SID42,67,2017-03-08 06:47:00,7.050,34,2.3230285559350685
MID41,SID41,67,2017-03-08 06:47:00,7.050,32,2.255336005925409
MID19,SID19,67,2017-03-08 06:47:10,6.289,28,2.019261926702026
MID11,SID11,67,2017-03-08 06:47:10,7.861,32,2.3936257523651636
MID10,SID10,67,2017-03-08 06:47:10,3.931,34,2.478959544166358
MID96,SID96,67,2017-03-08 06:47:10,7.075,29,2.112285374958887
MID92,SID92,67,2017-03-08 06:47:10,5.503,28,2.035672594446417
MID4,SID4,67,2017-03-08 06:47:10,3.931,34,2.2047226728396385
MID1,SID1,67,2017-03-08 06:47:10,5.503,33,2.015664686448866
MID28,SID28,67,2017-03-08 06:47:10,5.503,33,2.3810875602066375
MID8,SID8,67,2017-03-08 06:47:10,5.503,34,2.4394591431472707
MID24,SID24,67,2017-03-08 06:47:10,3.931,27,2.092622107726212
MID22,SID22,67,2017-03-08 06:47:10,5.503,33,2.4909467847086333
MID20,SID20,67,2017-03-08 06:47:10,5.503,28,2.033204371314237
MID79,SID79,67,2017-03-08 06:47:10,3.931,29,2.0136308062094046
MID78,SID78,67,2017-03-08 06:47:10,6.289,32,2.213657199565407
MID72,SID72,67,2017-03-08 06:47:10,7.861,33,2.402151258255268
MID71,SID71,67,2017-03-08 06:47:10,4.717,32,2.0894146487055822
MID90,SID90,67,2017-03-08 06:47:10,6.289,34,2.1710289906454148
MID88,SID88,67,2017-03-08 06:47:10,6.289,34,2.0958823891387715
MID86,SID86,67,2017-03-08 06:47:10,4.717,34,2.454818449908562
MID57,SID57,67,2017-03-08 06:47:10,7.861,27,2.1251579872780995
MID55,SID55,67,2017-03-08 06:47:10,6.289,28,2.2513181226175725
MID53,SID53,67,2017-03-08 06:47:10,5.503,30,2.0147988562339467
MID68,SID68,67,2017-03-08 06:47:10,5.503,32,2.042284555115569
MID67,SID67,67,2017-03-08 06:47:10,7.075,32,2.349442576405345
MID65,SID65,67,2017-03-08 06:47:10,7.075,29,2.4687757313848806
MID63,SID63,67,2017-03-08 06:47:10,4.717,32,2.0282016543099766
MID61,SID61,67,2017-03-08 06:47:10,7.075,25,2.0411643762054625
MID38,SID38,67,2017-03-08 06:47:10,5.503,30,2.087158267892248
MID37,SID37,67,2017-03-08 06:47:10,6.289,26,2.1233314359386624
MID34,SID34,67,2017-03-08 06:47:10,3.931,27,2.3034897342254617
MID30,SID30,67,2017-03-08 06:47:10,5.503,29,2.2826305219413165
MID48,SID48,67,2017-03-08 06:47:10,7.075,34,2.00500765758443
MID45,SID45,67,2017-03-08 06:47:10,5.503,31,2.081409224065463
MID44,SID44,67,2017-03-08 06:47:10,3.931,27,2.327493749421909
MID42,SID42,67,2017-03-08 06:47:10,7.075,27,2.3579178315458327
MID41,SID41,67,2017-03-08 06:47:10,7.075,33,2.2399508684177016
MID19,SID19,67,2017-03-08 06:47:20,6.311,30,2.47652751546832
MID11,SID11,67,2017-03-08 06:47:20,7.889,32,2.1173786000614
MID10,SID10,67,2017-03-08 06:47:20,3.944,33,2.1549340199523574
MID96,SID96,67,2017-03-08 06:47:20,7.100,32,2.048071132165461
MID92,SID92,67,2017-03-08 06:47:20,5.522,29,2.2281198669192444
MID4,SID4,67,2017-03-08 06:47:20,3.944,27,2.1527144096242172
MID1,SID1,67,2017-03-08 06:47:20,5.522,25,2.0866351969859127
MID28,SID28,67,2017-03-08 06:47:20,5.522,25,2.110287448948066
MID8,SID8,67,2017-03-08 06:47:20,5.522,32,2.4131732893345363
MID24,SID24,67,2017-03-08 06:47:20,3.944,34,2.347530988701477
MID22,SID22,67,2017-03-08 06:47:20,5.522,26,2.1168651015634476
MID20,SID20,67,2017-03-08 06:47:20,5.522,31,2.158738544551886
MID79,SID79,67,2017-03-08 06:47:20,3.944,34,2.3104585725407
MID78,SID78,67,2017-03-08 06:47:20,6.311,34,2.42694229260641
MID72,SID72,67,2017-03-08 06:47:20,7.889,26,2.2979445377144216
MID71,SID71,67,2017-03-08 06:47:20,4.733,28,2.2460758210098706
MID90,SID90,67,2017-03-08 06:47:20,6.311,33,2.2505233247097403
MID88,SID88,67,2017-03-08 06:47:20,6.311,29,2.4364112451703517
MID86,SID86,67,2017-03-08 06:47:20,4.733,30,2.131893280382558
MID57,SID57,67,2017-03-08 06:47:20,7.889,28,2.324113150189602
MID55,SID55,67,2017-03-08 06:47:20,6.311,30,2.409124520442898
MID53,SID53,67,2017-03-08 06:47:20,5.522,34,2.030976944506949
MID68,SID68,67,2017-03-08 06:47:20,5.522,34,2.0798101925327734
MID67,SID67,67,2017-03-08 06:47:20,7.100,32,2.42066654663268
MID65,SID65,67,2017-03-08 06:47:20,7.100,25,2.461381727671663
MID63,SID63,67,2017-03-08 06:47:20,4.733,25,2.0455997001133186
MID61,SID61,67,2017-03-08 06:47:20,7.100,33,2.25893309018277
MID38,SID38,67,2017-03-08 06:47:20,5.522,33,2.270191836361829
MID37,SID37,67,2017-03-08 06:47:20,6.311,33,2.4419568149940893
MID34,SID34,67,2017-03-08 06:47:20,3.944,27,2.2312424244792184
MID30,SID30,67,2017-03-08 06:47:20,5.522,34,2.109847431709743
MID48,SID48,67,2017-03-08 06:47:20,7.100,29,2.3609513150700536
MID45,SID45,67,2017-03-08 06:47:20,5.522,31,2.0783027130783074
MID44,SID44,67,2017-03-08 06:47:20,3.944,31,2.4770645304920436
MID42,SID42,67,2017-03-08 06:47:20,7.100,33,2.143017018764798
MID41,SID41,67,2017-03-08 06:47:20,7.100,26,2.442987528541994
MID19,SID19,67,2017-03-08 06:47:30,6.333,30,2.1111108010363675
MID11,SID11,67,2017-03-08 06:47:30,7.917,25,2.224001516741921
MID10,SID10,67,2017-03-08 06:47:30,3.958,29,2.3556864185304938
MID96,SID96,67,2017-03-08 06:47:30,7.125,25,2.3965746447325875
MID92,SID92,67,2017-03-08 06:47:30,5.542,28,2.4534246977742042
MID4,SID4,67,2017-03-08 06:47:30,3.958,26,2.179915680583089
MID1,SID1,67,2017-03-08 06:47:30,5.542,34,2.1799799022078545
MID28,SID28,67,2017-03-08 06:47:30,5.542,32,2.334562998093095
MID8,SID8,67,2017-03-08 06:47:30,5.542,32,2.3193486233676595
MID24,SID24,67,2017-03-08 06:47:30,3.958,29,2.399222261738083
MID22,SID22,67,2017-03-08 06:47:30,5.542,34,2.386835978811786
MID20,SID20,67,2017-03-08 06:47:30,5.542,27,2.2898567240815724
MID79,SID79,67,2017-03-08 06:47:30,3.958,33,2.472489229913778
MID78,SID78,67,2017-03-08 06:47:30,6.333,27,2.326918043119411
MID72,SID72,67,2017-03-08 06:47:30,7.917,32,2.20159376029914
MID71,SID71,67,2017-03-08 06:47:30,4.750,26,2.2128447531907156
MID90,SID90,67,2017-03-08 06:47:30,6.333,33,2.3310610183144984
MID88,SID88,67,2017-03-08 06:47:30,6.333,34,2.4902660334913977
MID86,SID86,67,2017-03-08 06:47:30,4.750,28,2.3860900707754618
MID57,SID57,67,2017-03-08 06:47:30,7.917,27,2.268719379183361
MID55,SID55,67,2017-03-08 06:47:30,6.333,26,2.4085303405322676
MID53,SID53,67,2017-03-08 06:47:30,5.542,26,2.2886672011552416
MID68,SID68,67,2017-03-08 06:47:30,5.542,28,2.384459240709914
MID67,SID67,67,2017-03-08 06:47:30,7.125,29,2.1259115957353023
MID65,SID65,67,2017-03-08 06:47:30,7.125,26,2.0097027719577096
MID63,SID63,67,2017-03-08 06:47:30,4.750,25,2.307141262095038
MID61,SID61,67,2017-03-08 06:47:30,7.125,28,2.466188449895994
MID38,SID38,67,2017-03-08 06:47:30,5.542,29,2.3223052305594316
MID37,SID37,67,2017-03-08 06:47:30,6.333,33,2.1092221700549714
MID34,SID34,67,2017-03-08 06:47:30,3.958,31,2.345889399134825
MID30,SID30,67,2017-03-08 06:47:30,5.542,33,2.3541467694903373
MID48,SID48,67,2017-03-08 06:47:30,7.125,30,2.1579315372285914
MID45,SID45,67,2017-03-08 06:47:30,5.542,33,2.4164540761173043
MID44,SID44,67,2017-03-08 06:47:30,3.958,25,2.0464764057239906
MID42,SID42,67,2017-03-08 06:47:30,7.125,29,2.269568388349146
MID41,SID41,67,2017-03-08 06:47:30,7.125,33,2.2156327530250213
MID19,SID19,67,2017-03-08 06:47:40,6.356,30,2.4863971630775294
MID11,SID11,67,2017-03-08 06:47:40,7.944,25,2.3598894276236098
MID10,SID10,67,2017-03-08 06:47:40,3.972,29,2.4264184141422764
MID96,SID96,67,2017-03-08 06:47:40,7.150,34,2.075013407855909
MID92,SID92,67,2017-03-08 06:47:40,5.561,27,2.3967654590072396
MID4,SID4,67,2017-03-08 06:47:40,3.972,25,2.278862545759469
MID1,SID1,67,2017-03-08 06:47:40,5.561,28,2.3600678291591617
MID28,SID28,67,2017-03-08 06:47:40,5.561,25,2.0078161686137244
MID8,SID8,67,2017-03-08 06:47:40,5.561,26,2.1554119535102667
MID24,SID24,67,2017-03-08 06:47:40,3.972,30,2.1269151020257375
MID22,SID22,67,2017-03-08 06:47:40,5.561,25,2.425408646056443
MID20,SID20,67,2017-03-08 06:47:40,5.561,30,2.3161954514213168
MID79,SID79,67,2017-03-08 06:47:40,3.972,25,2.297953827256174
MID78,SID78,67,2017-03-08 06:47:40,6.356,31,2.0061247755445026
MID72,SID72,67,2017-03-08 06:47:40,7.944,30,2.4117707678995504
MID71,SID71,67,2017-03-08 06:47:40,4.767,32,2.0981297905461247
MID90,SID90,67,2017-03-08 06:47:40,6.356,34,2.4592202181129403
MID88,SID88,67,2017-03-08 06:47:40,6.356,29,2.2301868643961513
MID86,SID86,67,2017-03-08 06:47:40,4.767,25,2.2117277257769827
MID57,SID57,67,2017-03-08 06:47:40,7.944,34,2.3944699598915005
MID55,SID55,67,2017-03-08 06:47:40,6.356,34,2.2438964560996606
MID53,SID53,67,2017-03-08 06:47:40,5.561,34,2.3074719715447642
MID68,SID68,67,2017-03-08 06:47:40,5.561,28,2.2364728486468897
MID67,SID67,67,2017-03-08 06:47:40,7.150,31,2.485917206552055
MID65,SID65,67,2017-03-08 06:47:40,7.150,32,2.12816650157507
MID63,SID63,67,2017-03-08 06:47:40,4.767,31,2.473734763801917
MID61,SID61,67,2017-03-08 06:47:40,7.150,34,2.2439271653639876
MID38,SID38,67,2017-03-08 06:47:40,5.561,34,2.121554601770901
MID37,SID37,67,2017-03-08 06:47:40,6.356,33,2.212331862803716
MID34,SID34,67,2017-03-08 06:47:40,3.972,27,2.247174888033551
MID30,SID30,67,2017-03-08 06:47:40,5.561,31,2.354443426042763
MID48,SID48,67,2017-03-08 06:47:40,7.150,33,2.4467638338759388
MID45,SID45,67,2017-03-08 06:47:40,5.561,26,2.3818199640891216
MID44,SID44,67,2017-03-08 06:47:40,3.972,26,2.207045917777011
MID42,SID42,67,2017-03-08 06:47:40,7.150,29,2.4830601864017634
MID41,SID41,67,2017-03-08 06:47:40,7.150,29,2.105992503780353
MID19,SID19,67,2017-03-08 06:47:50,6.378,34,2.0294644091063025
MID11,SID11,67,2017-03-08 06:47:50,7.972,26,2.3347174590957844
MID10,SID10,67,2017-03-08 06:47:50,3.986,30,2.4163082158058398
MID96,SID96,67,2017-03-08 06:47:50,7.175,27,2.252092955591483
MID92,SID92,67,2017-03-08 06:47:50,5.581,26,2.4015431889046015
MID4,SID4,67,2017-03-08 06:47:50,3.986,30,2.4194675772489953
MID1,SID1,67,2017-03-08 06:47:50,5.581,30,2.3996541814842436
MID28,SID28,67,2017-03-08 06:47:50,5.581,33,2.0683072858697034
MID8,SID8,67,2017-03-08 06:47:50,5.581,30,2.1307992402531686
MID24,SID24,67,2017-03-08 06:47:50,3.986,27,2.396257231359692
MID22,SID22,67,2017-03-08 06:47:50,5.581,26,2.3696706153020113
MID20,SID20,67,2017-03-08 06:47:50,5.581,26,2.0731764467716127
MID79,SID79,67,2017-03-08 06:47:50,3.986,28,2.1874846469022406
MID78,SID78,67,2017-03-08 06:47:50,6.378,29,2.0715754097957273
MID72,SID72,67,2017-03-08 06:47:50,7.972,31,2.2781894432605565
MID71,SID71,67,2017-03-08 06:47:50,4.783,33,2.2643478463449496
MID90,SID90,67,2017-03-08 06:47:50,6.378,31,2.296612319246351
MID88,SID88,67,2017-03-08 06:47:50,6.378,34,2.3329163493072
MID86,SID86,67,2017-03-08 06:47:50,4.783,34,2.1092261239687717
MID57,SID57,67,2017-03-08 06:47:50,7.972,25,2.163509248159091
MID55,SID55,67,2017-03-08 06:47:50,6.378,32,2.165814870891787
MID53,SID53,67,2017-03-08 06:47:50,5.581,32,2.276166381336801
MID68,SID68,67,2017-03-08 06:47:50,5.581,29,2.4651766743400736
MID67,SID67,67,2017-03-08 06:47:50,7.175,30,2.2320941685741693
MID65,SID65,67,2017-03-08 06:47:50,7.175,31,2.4955358056583226
MID63,SID63,67,2017-03-08 06:47:50,4.783,34,2.38588283382486
MID61,SID61,67,2017-03-08 06:47:50,7.175,26,2.239931884992306
MID38,SID38,67,2017-03-08 06:47:50,5.581,26,2.2090960922273917
MID37,SID37,67,2017-03-08 06:47:50,6.378,27,2.114599245081562
MID34,SID34,67,2017-03-08 06:47:50,3.986,27,2.3077364103542877
MID30,SID30,67,2017-03-08 06:47:50,5.581,33,2.0185489073616094
MID48,SID48,67,2017-03-08 06:47:50,7.175,25,2.234725032347044
MID45,SID45,67,2017-03-08 06:47:50,5.581,25,2.4341779555086553
MID44,SID44,67,2017-03-08 06:47:50,3.986,34,2.142534067038896
MID42,SID42,67,2017-03-08 06:47:50,7.175,32,2.114411993293024
MID41,SID41,67,2017-03-08 06:47:50,7.175,27,2.2451848836992396
MID19,SID19,67,2017-03-08 06:48:00,6.400,32,2.398398629489292
MID11,SID11,67,2017-03-08 06:48:00,8.000,34,2.3028559969369624
MID10,SID10,67,2017-03-08 06:48:00,4.000,30,2.1326012587600016
MID96,SID96,67,2017-03-08 06:48:00,7.200,26,2.4995839560343214
MID92,SID92,67,2017-03-08 06:48:00,5.600,33,2.0230086147286226
MID4,SID4,67,2017-03-08 06:48:00,4.000,29,2.12455456224571
MID1,SID1,67,2017-03-08 06:48:00,5.600,33,2.0664673719120774
MID28,SID28,67,2017-03-08 06:48:00,5.600,29,2.15474529797551
MID8,SID8,67,2017-03-08 06:48:00,5.600,34,2.216506064536066
MID24,SID24,67,2017-03-08 06:48:00,4.000,30,2.314292792723824
MID22,SID22,67,2017-03-08 06:48:00,5.600,27,2.422731314802658
MID20,SID20,67,2017-03-08 06:48:00,5.600,32,2.0989392418181607
MID79,SID79,67,2017-03-08 06:48:00,4.000,31,2.2211151035598475
MID78,SID78,67,2017-03-08 06:48:00,6.400,29,2.2732771748600675
MID72,SID72,67,2017-03-08 06:48:00,8.000,32,2.066975035255304
MID71,SID71,67,2017-03-08 06:48:00,4.800,26,2.130005447595448
MID90,SID90,67,2017-03-08 06:48:00,6.400,28,2.14773872959825
MID88,SID88,67,2017-03-08 06:48:00,6.400,33,2.2258247191719804
MID86,SID86,67,2017-03-08 06:48:00,4.800,32,2.260157977644406
MID57,SID57,67,2017-03-08 06:48:00,8.000,30,2.0141135278353826
MID55,SID55,67,2017-03-08 06:48:00,6.400,30,2.255983499637646
MID53,SID53,67,2017-03-08 06:48:00,5.600,31,2.0316962609933595
MID68,SID68,67,2017-03-08 06:48:00,5.600,25,2.4930305774123793
MID67,SID67,67,2017-03-08 06:48:00,7.200,32,2.3104428748827077
MID65,SID65,67,2017-03-08 06:48:00,7.200,28,2.2632980497154818
MID63,SID63,67,2017-03-08 06:48:00,4.800,34,2.405029676077769
MID61,SID61,67,2017-03-08 06:48:00,7.200,32,2.4456715034536187
MID38,SID38,67,2017-03-08 06:48:00,5.600,31,2.01987937153056
MID37,SID37,67,2017-03-08 06:48:00,6.400,26,2.324664668779485
MID34,SID34,67,2017-03-08 06:48:00,4.000,34,2.1946985271369464
MID30,SID30,67,2017-03-08 06:48:00,5.600,33,2.284435527758414
MID48,SID48,67,2017-03-08 06:48:00,7.200,28,2.2453577252852988
MID45,SID45,67,2017-03-08 06:48:00,5.600,34,2.052912205872059
MID44,SID44,67,2017-03-08 06:48:00,4.000,34,2.2058047155672695
MID42,SID42,67,2017-03-08 06:48:00,7.200,29,2.1373681281433288
MID41,SID41,67,2017-03-08 06:48:00,7.200,28,2.332881041649803
MID19,SID19,67,2017-03-08 06:48:10,6.422,33,2.252371210350642
MID11,SID11,67,2017-03-08 06:48:10,8.028,27,2.4878456529935793
MID10,SID10,67,2017-03-08 06:48:10,4.014,30,2.095150622136227
MID96,SID96,67,2017-03-08 06:48:10,7.225,33,2.2147617041478815
MID92,SID92,67,2017-03-08 06:48:10,5.619,30,2.031398542634365
MID4,SID4,67,2017-03-08 06:48:10,4.014,28,2.3490944904419804
MID1,SID1,67,2017-03-08 06:48:10,5.619,27,2.123181241122437
MID28,SID28,67,2017-03-08 06:48:10,5.619,34,2.1974152309093062
MID8,SID8,67,2017-03-08 06:48:10,5.619,34,2.4206508027071143
MID24,SID24,67,2017-03-08 06:48:10,4.014,30,2.291599717575482
MID22,SID22,67,2017-03-08 06:48:10,5.619,28,2.2080549064158683
MID20,SID20,67,2017-03-08 06:48:10,5.619,33,2.441235833244848
MID79,SID79,67,2017-03-08 06:48:10,4.014,25,2.3913037937684987
MID78,SID78,67,2017-03-08 06:48:10,6.422,30,2.2911964118368706
MID71,SID71,67,2017-03-08 06:48:10,4.817,31,2.37077957530188
MID90,SID90,67,2017-03-08 06:48:10,6.422,31,2.227127929042015
MID88,SID88,67,2017-03-08 06:48:10,6.422,34,2.188304483382389
MID86,SID86,67,2017-03-08 06:48:10,4.817,29,2.00157776683619
MID57,SID57,67,2017-03-08 06:48:10,8.028,31,2.0322612000574516
MID55,SID55,67,2017-03-08 06:48:10,6.422,32,2.376010651534052
MID53,SID53,67,2017-03-08 06:48:10,5.619,31,2.443322554641414
MID68,SID68,67,2017-03-08 06:48:10,5.619,26,2.317000947522814
MID67,SID67,67,2017-03-08 06:48:10,7.225,29,2.3032237877845185
MID65,SID65,67,2017-03-08 06:48:10,7.225,33,2.183864382770711
MID63,SID63,67,2017-03-08 06:48:10,4.817,30,2.448558765729525
MID61,SID61,67,2017-03-08 06:48:10,7.225,30,2.4909394270775396
MID38,SID38,67,2017-03-08 06:48:10,5.619,32,2.4650661726892933
MID37,SID37,67,2017-03-08 06:48:10,6.422,30,2.333683257911635
MID34,SID34,67,2017-03-08 06:48:10,4.014,26,2.225585388642032
MID30,SID30,67,2017-03-08 06:48:10,5.619,25,2.4217179400661055
MID44,SID44,67,2017-03-08 06:48:10,4.014,25,2.283934103321725
MID42,SID42,67,2017-03-08 06:48:10,7.225,30,2.233004681783018
MID41,SID41,67,2017-03-08 06:48:10,7.225,26,2.111406638760993
MID19,SID19,67,2017-03-08 06:48:20,6.444,25,2.243664433210235
MID11,SID11,67,2017-03-08 06:48:20,8.056,33,2.0250240400176303
MID10,SID10,67,2017-03-08 06:48:20,4.028,30,2.0910891903556963
MID96,SID96,67,2017-03-08 06:48:20,7.250,25,2.1893576467453184
MID92,SID92,67,2017-03-08 06:48:20,5.639,33,2.1949741281250295
MID4,SID4,67,2017-03-08 06:48:20,4.028,27,2.3088736514090207
MID1,SID1,67,2017-03-08 06:48:20,5.639,25,2.232671549258701
MID28,SID28,67,2017-03-08 06:48:20,5.639,29,2.377177954243127
MID8,SID8,67,2017-03-08 06:48:20,5.639,26,2.1109206991654217
MID24,SID24,67,2017-03-08 06:48:20,4.028,31,2.1146639266239964
MID22,SID22,67,2017-03-08 06:48:20,5.639,29,2.098179451017307
MID20,SID20,67,2017-03-08 06:48:20,5.639,30,2.4729767009390167
MID79,SID79,67,2017-03-08 06:48:20,4.028,31,2.360972276975672
MID78,SID78,67,2017-03-08 06:48:20,6.444,33,2.204486224162756
MID71,SID71,67,2017-03-08 06:48:20,4.833,34,2.486500568181367
MID90,SID90,67,2017-03-08 06:48:20,6.444,33,2.207782590146354
MID88,SID88,67,2017-03-08 06:48:20,6.444,27,2.3147628829368316
MID86,SID86,67,2017-03-08 06:48:20,4.833,30,2.1351120898122162
MID57,SID57,67,2017-03-08 06:48:20,8.056,25,2.400448348567569
MID55,SID55,67,2017-03-08 06:48:20,6.444,30,2.148907583867517
MID53,SID53,67,2017-03-08 06:48:20,5.639,30,2.298753539077286
MID68,SID68,67,2017-03-08 06:48:20,5.639,30,2.418596805535442
MID67,SID67,67,2017-03-08 06:48:20,7.250,26,2.495118113053819
MID65,SID65,67,2017-03-08 06:48:20,7.250,28,2.2974334306515383
MID63,SID63,67,2017-03-08 06:48:20,4.833,31,2.2850672070101674
MID61,SID61,67,2017-03-08 06:48:20,7.250,25,2.03000242150078
MID38,SID38,67,2017-03-08 06:48:20,5.639,34,2.30612370422665
MID37,SID37,67,2017-03-08 06:48:20,6.444,31,2.343422680327495
MID34,SID34,67,2017-03-08 06:48:20,4.028,34,2.361338810192632
MID30,SID30,67,2017-03-08 06:48:20,5.639,30,2.0272678004055518
MID44,SID44,67,2017-03-08 06:48:20,4.028,26,2.204343971489906
MID42,SID42,67,2017-03-08 06:48:20,7.250,33,2.1661638808534622
MID41,SID41,67,2017-03-08 06:48:20,7.250,30,2.05701244956405
MID19,SID19,67,2017-03-08 06:48:30,6.467,27,2.4611882170988713
MID11,SID11,67,2017-03-08 06:48:30,8.083,27,2.026705069940692
MID10,SID10,67,2017-03-08 06:48:30,4.042,28,2.031011559314729
MID96,SID96,67,2017-03-08 06:48:30,7.275,29,2.2613738727145516
MID92,SID92,67,2017-03-08 06:48:30,5.658,31,2.11677899695046
MID4,SID4,67,2017-03-08 06:48:30,4.042,26,2.050568368374725
MID1,SID1,67,2017-03-08 06:48:30,5.658,25,2.3856902496657675
MID28,SID28,67,2017-03-08 06:48:30,5.658,30,2.4087155825814888
MID8,SID8,67,2017-03-08 06:48:30,5.658,27,2.122249358119654
MID24,SID24,67,2017-03-08 06:48:30,4.042,31,2.3418225610985073
MID22,SID22,67,2017-03-08 06:48:30,5.658,26,2.2878245670678496
MID20,SID20,67,2017-03-08 06:48:30,5.658,29,2.1749406840654557
MID79,SID79,67,2017-03-08 06:48:30,4.042,34,2.133901748076826
MID78,SID78,67,2017-03-08 06:48:30,6.467,29,2.183094271252382
MID71,SID71,67,2017-03-08 06:48:30,4.850,28,2.3070615215945134
MID90,SID90,67,2017-03-08 06:48:30,6.467,27,2.412170772245369
MID88,SID88,67,2017-03-08 06:48:30,6.467,25,2.4837519784308366
MID86,SID86,67,2017-03-08 06:48:30,4.850,31,2.0148691301206667
MID57,SID57,67,2017-03-08 06:48:30,8.083,30,2.0902368545911103
MID55,SID55,67,2017-03-08 06:48:30,6.467,31,2.2863258231278416
MID53,SID53,67,2017-03-08 06:48:30,5.658,27,2.174775312624355
MID68,SID68,67,2017-03-08 06:48:30,5.658,32,2.3412980671043213
MID67,SID67,67,2017-03-08 06:48:30,7.275,25,2.4732376700615686
MID65,SID65,67,2017-03-08 06:48:30,7.275,25,2.4874219721802513
MID63,SID63,67,2017-03-08 06:48:30,4.850,28,2.241574818790924
MID61,SID61,67,2017-03-08 06:48:30,7.275,27,2.2031226632826004
MID38,SID38,67,2017-03-08 06:48:30,5.658,25,2.2572136432222933
MID37,SID37,67,2017-03-08 06:48:30,6.467,31,2.0063635830760584
MID34,SID34,67,2017-03-08 06:48:30,4.042,32,2.1419605692678174
MID30,SID30,67,2017-03-08 06:48:30,5.658,34,2.443291317176842
MID44,SID44,67,2017-03-08 06:48:30,4.042,26,2.1881659748049644
MID42,SID42,67,2017-03-08 06:48:30,7.275,32,2.0830655420527626
MID41,SID41,67,2017-03-08 06:48:30,7.275,31,2.1830998183360952
MID19,SID19,67,2017-03-08 06:48:40,6.489,33,2.25791454070784
MID11,SID11,67,2017-03-08 06:48:40,8.111,33,2.4971265535588807
MID10,SID10,67,2017-03-08 06:48:40,4.056,26,2.381985891782424
MID96,SID96,67,2017-03-08 06:48:40,7.300,31,2.278161596933823
MID92,SID92,67,2017-03-08 06:48:40,5.678,33,2.238903038255028
MID4,SID4,67,2017-03-08 06:48:40,4.056,29,2.2360175569141147
MID1,SID1,67,2017-03-08 06:48:40,5.678,29,2.2476072231843998
MID28,SID28,67,2017-03-08 06:48:40,5.678,31,2.1674340163852244
MID8,SID8,67,2017-03-08 06:48:40,5.678,33,2.1926857987673847
MID24,SID24,67,2017-03-08 06:48:40,4.056,28,2.099690159458188
MID22,SID22,67,2017-03-08 06:48:40,5.678,32,2.352921752307375
MID20,SID20,67,2017-03-08 06:48:40,5.678,29,2.389052804943187
MID79,SID79,67,2017-03-08 06:48:40,4.056,31,2.1059305917651856
MID78,SID78,67,2017-03-08 06:48:40,6.489,32,2.1887058537066153
MID71,SID71,67,2017-03-08 06:48:40,4.867,33,2.1395501890352415
MID90,SID90,67,2017-03-08 06:48:40,6.489,33,2.4702207284460114
MID88,SID88,67,2017-03-08 06:48:40,6.489,31,2.263586814674195
MID86,SID86,67,2017-03-08 06:48:40,4.867,25,2.490658614506083
MID57,SID57,67,2017-03-08 06:48:40,8.111,27,2.4824881192928836
MID55,SID55,67,2017-03-08 06:48:40,6.489,27,2.498855670512529
MID53,SID53,67,2017-03-08 06:48:40,5.678,26,2.1662385380323474
MID68,SID68,67,2017-03-08 06:48:40,5.678,31,2.1882145086183926
MID67,SID67,67,2017-03-08 06:48:40,7.300,31,2.2584817554266365
MID65,SID65,67,2017-03-08 06:48:40,7.300,32,2.3864408355312414
MID63,SID63,67,2017-03-08 06:48:40,4.867,29,2.2833920736022475
MID61,SID61,67,2017-03-08 06:48:40,7.300,31,2.237795065189398
MID38,SID38,67,2017-03-08 06:48:40,5.678,31,2.4466105754417042
MID37,SID37,67,2017-03-08 06:48:40,6.489,34,2.1792209016556097
MID34,SID34,67,2017-03-08 06:48:40,4.056,28,2.0793487424496138
MID30,SID30,67,2017-03-08 06:48:40,5.678,25,2.0793796730407
MID44,SID44,67,2017-03-08 06:48:40,4.056,26,2.013421946418587
MID42,SID42,67,2017-03-08 06:48:40,7.300,27,2.128031030768116
MID41,SID41,67,2017-03-08 06:48:40,7.300,30,2.228358227285247
MID19,SID19,67,2017-03-08 06:48:50,6.511,25,2.3377958446793587
MID11,SID11,67,2017-03-08 06:48:50,8.139,32,2.2937231346703952
MID10,SID10,67,2017-03-08 06:48:50,4.069,26,2.004896172985622
MID96,SID96,67,2017-03-08 06:48:50,7.325,27,2.4616478135201803
MID92,SID92,67,2017-03-08 06:48:50,5.697,32,2.255079625421043
MID4,SID4,67,2017-03-08 06:48:50,4.069,31,2.1482161409347
MID1,SID1,67,2017-03-08 06:48:50,5.697,33,2.4729782166658327
MID28,SID28,67,2017-03-08 06:48:50,5.697,27,2.0622268650100777
MID8,SID8,67,2017-03-08 06:48:50,5.697,34,2.4357622825352836
MID24,SID24,67,2017-03-08 06:48:50,4.069,25,2.323164298234044
MID22,SID22,67,2017-03-08 06:48:50,5.697,27,2.3221271220635034
MID20,SID20,67,2017-03-08 06:48:50,5.697,30,2.4955431713848
MID79,SID79,67,2017-03-08 06:48:50,4.069,28,2.2600975380637998
MID78,SID78,67,2017-03-08 06:48:50,6.511,26,2.4297054381002785
MID71,SID71,67,2017-03-08 06:48:50,4.883,26,2.3932029316642223
MID90,SID90,67,2017-03-08 06:48:50,6.511,34,2.1212585825782613
MID88,SID88,67,2017-03-08 06:48:50,6.511,33,2.0833501191935113
MID86,SID86,67,2017-03-08 06:48:50,4.883,26,2.337783338855743
MID57,SID57,67,2017-03-08 06:48:50,8.139,28,2.265540388290002
MID55,SID55,67,2017-03-08 06:48:50,6.511,29,2.4435788055044956
MID53,SID53,67,2017-03-08 06:48:50,5.697,33,2.490049675358224
MID68,SID68,67,2017-03-08 06:48:50,5.697,27,2.1298948422942523
MID67,SID67,67,2017-03-08 06:48:50,7.325,26,2.3771955981068564
MID65,SID65,67,2017-03-08 06:48:50,7.325,33,2.1204758776065877
MID63,SID63,67,2017-03-08 06:48:50,4.883,28,2.0622140912027507
MID61,SID61,67,2017-03-08 06:48:50,7.325,27,2.132829684424342
MID38,SID38,67,2017-03-08 06:48:50,5.697,32,2.1512095246388214
MID37,SID37,67,2017-03-08 06:48:50,6.511,25,2.4817097555537315
MID34,SID34,67,2017-03-08 06:48:50,4.069,29,2.189724935194755
MID30,SID30,67,2017-03-08 06:48:50,5.697,27,2.3796118335731475
MID44,SID44,67,2017-03-08 06:48:50,4.069,33,2.0719242251290075
MID42,SID42,67,2017-03-08 06:48:50,7.325,33,2.325015591489359
MID41,SID41,67,2017-03-08 06:48:50,7.325,31,2.4250264521162843
MID19,SID19,67,2017-03-08 06:49:00,6.533,30,2.166197479818126
MID11,SID11,67,2017-03-08 06:49:00,8.167,26,2.1828574836764827
MID10,SID10,67,2017-03-08 06:49:00,4.083,32,2.082954664558889
MID96,SID96,67,2017-03-08 06:49:00,7.350,29,2.2790097317961044
MID92,SID92,67,2017-03-08 06:49:00,5.717,32,2.479149075365862
MID4,SID4,67,2017-03-08 06:49:00,4.083,29,2.1447347754820076
MID1,SID1,67,2017-03-08 06:49:00,5.717,27,2.337249665377783
MID28,SID28,67,2017-03-08 06:49:00,5.717,29,2.0699921993243686
MID8,SID8,67,2017-03-08 06:49:00,5.717,27,2.0255857197939884
MID24,SID24,67,2017-03-08 06:49:00,4.083,28,2.3489806234470647
MID22,SID22,67,2017-03-08 06:49:00,5.717,29,2.2330578639388965
MID20,SID20,67,2017-03-08 06:49:00,5.717,33,2.178675095652775
MID79,SID79,67,2017-03-08 06:49:00,4.083,33,2.067340417074637
MID78,SID78,67,2017-03-08 06:49:00,6.533,29,2.411440001987991
MID71,SID71,67,2017-03-08 06:49:00,4.900,26,2.3635007974486286
MID90,SID90,67,2017-03-08 06:49:00,6.533,27,2.379840135505746
MID88,SID88,67,2017-03-08 06:49:00,6.533,30,2.2820013562912393
MID86,SID86,67,2017-03-08 06:49:00,4.900,33,2.0781070196205595
MID57,SID57,67,2017-03-08 06:49:00,8.167,33,2.3908010375218085
MID55,SID55,67,2017-03-08 06:49:00,6.533,30,2.0818270239141565
MID53,SID53,67,2017-03-08 06:49:00,5.717,28,2.2555861971142477
MID68,SID68,67,2017-03-08 06:49:00,5.717,26,2.1324288102128905
MID67,SID67,67,2017-03-08 06:49:00,7.350,32,2.0494319876665394
MID65,SID65,67,2017-03-08 06:49:00,7.350,25,2.169770090403804
MID63,SID63,67,2017-03-08 06:49:00,4.900,32,2.212992364313077
MID61,SID61,67,2017-03-08 06:49:00,7.350,33,2.3851687139681945
MID38,SID38,67,2017-03-08 06:49:00,5.717,31,2.341227143966679
MID37,SID37,67,2017-03-08 06:49:00,6.533,31,2.2988365750812525
MID34,SID34,67,2017-03-08 06:49:00,4.083,30,2.366672160770226
MID30,SID30,67,2017-03-08 06:49:00,5.717,29,2.3590646964617417
MID44,SID44,67,2017-03-08 06:49:00,4.083,34,2.086578564312361
MID42,SID42,67,2017-03-08 06:49:00,7.350,34,2.229933882210576
MID41,SID41,67,2017-03-08 06:49:00,7.350,29,2.2812623626012076
MID11,SID11,67,2017-03-08 06:49:10,8.194,26,2.2761350333389614
MID10,SID10,67,2017-03-08 06:49:10,4.097,33,2.415158769415147
MID96,SID96,67,2017-03-08 06:49:10,7.375,33,2.0558343744187737
MID4,SID4,67,2017-03-08 06:49:10,4.097,29,2.0704985613446145
MID1,SID1,67,2017-03-08 06:49:10,5.736,32,2.3310719855531272
MID28,SID28,67,2017-03-08 06:49:10,5.736,30,2.351583543139023
MID8,SID8,67,2017-03-08 06:49:10,5.736,28,2.2857729860173928
MID24,SID24,67,2017-03-08 06:49:10,4.097,32,2.1817190367451147
MID22,SID22,67,2017-03-08 06:49:10,5.736,30,2.3985753694734147
MID20,SID20,67,2017-03-08 06:49:10,5.736,26,2.0996417856853693
MID79,SID79,67,2017-03-08 06:49:10,4.097,31,2.1008179771268436
MID78,SID78,67,2017-03-08 06:49:10,6.556,34,2.0639642866556653
MID71,SID71,67,2017-03-08 06:49:10,4.917,26,2.3584058617868724
MID90,SID90,67,2017-03-08 06:49:10,6.556,34,2.239145519023758
MID88,SID88,67,2017-03-08 06:49:10,6.556,26,2.480093071413529
MID86,SID86,67,2017-03-08 06:49:10,4.917,32,2.119639358045972
MID57,SID57,67,2017-03-08 06:49:10,8.194,28,2.1751278817916444
MID55,SID55,67,2017-03-08 06:49:10,6.556,28,2.1898092767971464
MID53,SID53,67,2017-03-08 06:49:10,5.736,31,2.449734797636115
MID68,SID68,67,2017-03-08 06:49:10,5.736,32,2.464059727201678
MID67,SID67,67,2017-03-08 06:49:10,7.375,32,2.0738510378292903
MID65,SID65,67,2017-03-08 06:49:10,7.375,31,2.3924896310842985
MID63,SID63,67,2017-03-08 06:49:10,4.917,33,2.338136161791018
MID61,SID61,67,2017-03-08 06:49:10,7.375,34,2.3362514367927587
MID38,SID38,67,2017-03-08 06:49:10,5.736,26,2.408262661745632
MID37,SID37,67,2017-03-08 06:49:10,6.556,30,2.400032608655274
MID34,SID34,67,2017-03-08 06:49:10,4.097,27,2.441177476409815
MID42,SID42,67,2017-03-08 06:49:10,7.375,31,2.121724868020769
MID41,SID41,67,2017-03-08 06:49:10,7.375,32,2.1508842458499764
MID11,SID11,67,2017-03-08 06:49:20,8.222,26,2.2516680035653014
MID10,SID10,67,2017-03-08 06:49:20,4.111,25,2.135535784860011
MID96,SID96,67,2017-03-08 06:49:20,7.400,25,2.335773603670464
MID4,SID4,67,2017-03-08 06:49:20,4.111,29,2.2060056222030746
MID1,SID1,67,2017-03-08 06:49:20,5.756,34,2.126643496081246
MID28,SID28,67,2017-03-08 06:49:20,5.756,33,2.2671899800871724
MID8,SID8,67,2017-03-08 06:49:20,5.756,29,2.414977663964193
MID24,SID24,67,2017-03-08 06:49:20,4.111,30,2.4733270066652255
MID22,SID22,67,2017-03-08 06:49:20,5.756,27,2.383789188926519
MID20,SID20,67,2017-03-08 06:49:20,5.756,32,2.488639386739496
MID79,SID79,67,2017-03-08 06:49:20,4.111,31,2.1957873062553794
MID78,SID78,67,2017-03-08 06:49:20,6.578,32,2.4592333586198145
MID71,SID71,67,2017-03-08 06:49:20,4.933,34,2.0879735681747844
MID90,SID90,67,2017-03-08 06:49:20,6.578,32,2.0773456609727217
MID88,SID88,67,2017-03-08 06:49:20,6.578,29,2.2298586981724644
MID86,SID86,67,2017-03-08 06:49:20,4.933,27,2.2664001261023676
MID57,SID57,67,2017-03-08 06:49:20,8.222,25,2.316060923891858
MID55,SID55,67,2017-03-08 06:49:20,6.578,26,2.091871107439846
MID53,SID53,67,2017-03-08 06:49:20,5.756,29,2.142722603964356
MID68,SID68,67,2017-03-08 06:49:20,5.756,25,2.2277360810688775
MID67,SID67,67,2017-03-08 06:49:20,7.400,31,2.432698155297886
MID65,SID65,67,2017-03-08 06:49:20,7.400,34,2.0384598164398597
MID63,SID63,67,2017-03-08 06:49:20,4.933,29,2.420227514772567
MID61,SID61,67,2017-03-08 06:49:20,7.400,26,2.1615166889271005
MID38,SID38,67,2017-03-08 06:49:20,5.756,27,2.4102055710209216
MID37,SID37,67,2017-03-08 06:49:20,6.578,34,2.302575682781259
MID34,SID34,67,2017-03-08 06:49:20,4.111,30,2.1116111584021793
MID42,SID42,67,2017-03-08 06:49:20,7.400,27,2.110022940461835
MID41,SID41,67,2017-03-08 06:49:20,7.400,26,2.2977098585084654
MID11,SID11,67,2017-03-08 06:49:30,8.250,33,2.127498599440902
MID10,SID10,67,2017-03-08 06:49:30,4.125,31,2.243512992365309
MID96,SID96,67,2017-03-08 06:49:30,7.425,32,2.4402431805830966
MID4,SID4,67,2017-03-08 06:49:30,4.125,28,2.3489384689145067
MID1,SID1,67,2017-03-08 06:49:30,5.775,32,2.1913537886987124
MID28,SID28,67,2017-03-08 06:49:30,5.775,25,2.0588223730896975
MID8,SID8,67,2017-03-08 06:49:30,5.775,25,2.0426734323830535
MID24,SID24,67,2017-03-08 06:49:30,4.125,31,2.1379086503704596
MID22,SID22,67,2017-03-08 06:49:30,5.775,25,2.0924054636018696
MID20,SID20,67,2017-03-08 06:49:30,5.775,31,2.267038760612412
MID79,SID79,67,2017-03-08 06:49:30,4.125,25,2.0610358677359
MID78,SID78,67,2017-03-08 06:49:30,6.600,28,2.0062918662830866
MID71,SID71,67,2017-03-08 06:49:30,4.950,31,2.18155951358678
MID90,SID90,67,2017-03-08 06:49:30,6.600,29,2.198378729321678
MID88,SID88,67,2017-03-08 06:49:30,6.600,32,2.476662132488613
MID86,SID86,67,2017-03-08 06:49:30,4.950,31,2.3901348274575334
MID57,SID57,67,2017-03-08 06:49:30,8.250,29,2.372640699546111
MID55,SID55,67,2017-03-08 06:49:30,6.600,27,2.377636965364983
MID53,SID53,67,2017-03-08 06:49:30,5.775,33,2.2182354010897862
MID68,SID68,67,2017-03-08 06:49:30,5.775,28,2.37329477810194
MID67,SID67,67,2017-03-08 06:49:30,7.425,33,2.0595398567496597
MID65,SID65,67,2017-03-08 06:49:30,7.425,25,2.1313446234698876
MID63,SID63,67,2017-03-08 06:49:30,4.950,28,2.457236860885047
MID61,SID61,67,2017-03-08 06:49:30,7.425,27,2.345564917372994
MID38,SID38,67,2017-03-08 06:49:30,5.775,32,2.4840678978940733
MID37,SID37,67,2017-03-08 06:49:30,6.600,25,2.3258255084563615
MID34,SID34,67,2017-03-08 06:49:30,4.125,31,2.1782410288777454
MID42,SID42,67,2017-03-08 06:49:30,7.425,30,2.1161148176749736
MID41,SID41,67,2017-03-08 06:49:30,7.425,26,2.071624204919355
MID11,SID11,67,2017-03-08 06:49:40,8.278,30,2.4050458127622045
MID10,SID10,67,2017-03-08 06:49:40,4.139,33,2.4417692863626517
MID96,SID96,67,2017-03-08 06:49:40,7.450,32,2.458557195785291
MID4,SID4,67,2017-03-08 06:49:40,4.139,31,2.4301989176576124
MID1,SID1,67,2017-03-08 06:49:40,5.794,25,2.103755965096047
MID28,SID28,67,2017-03-08 06:49:40,5.794,33,2.4587497302942185
MID8,SID8,67,2017-03-08 06:49:40,5.794,25,2.0755276600053434
MID24,SID24,67,2017-03-08 06:49:40,4.139,28,2.146742782744011
MID22,SID22,67,2017-03-08 06:49:40,5.794,30,2.2829342025611554
MID20,SID20,67,2017-03-08 06:49:40,5.794,33,2.4467329728412612
MID79,SID79,67,2017-03-08 06:49:40,4.139,34,2.029965974520009
MID78,SID78,67,2017-03-08 06:49:40,6.622,26,2.2953169397073854
MID71,SID71,67,2017-03-08 06:49:40,4.967,34,2.3248179595897094
MID90,SID90,67,2017-03-08 06:49:40,6.622,26,2.449180020269374
MID88,SID88,67,2017-03-08 06:49:40,6.622,31,2.345716184322575
MID86,SID86,67,2017-03-08 06:49:40,4.967,32,2.2974571965089328
MID57,SID57,67,2017-03-08 06:49:40,8.278,30,2.131845320251178
MID55,SID55,67,2017-03-08 06:49:40,6.622,28,2.1060224766498745
MID53,SID53,67,2017-03-08 06:49:40,5.794,27,2.0090678924779004
MID68,SID68,67,2017-03-08 06:49:40,5.794,29,2.0054210189462074
MID67,SID67,67,2017-03-08 06:49:40,7.450,34,2.0188621218306855
MID65,SID65,67,2017-03-08 06:49:40,7.450,30,2.0923561038378025
MID63,SID63,67,2017-03-08 06:49:40,4.967,33,2.3895183171534735
MID61,SID61,67,2017-03-08 06:49:40,7.450,26,2.43254878005012
MID38,SID38,67,2017-03-08 06:49:40,5.794,31,2.062868963227689
MID37,SID37,67,2017-03-08 06:49:40,6.622,26,2.061918416149921
MID34,SID34,67,2017-03-08 06:49:40,4.139,31,2.175443071720247
MID42,SID42,67,2017-03-08 06:49:40,7.450,28,2.492593162549123
MID41,SID41,67,2017-03-08 06:49:40,7.450,27,2.21630276664022
MID11,SID11,67,2017-03-08 06:49:50,8.306,29,2.398083432612722
MID10,SID10,67,2017-03-08 06:49:50,4.153,30,2.1251657949541256
MID96,SID96,67,2017-03-08 06:49:50,7.475,26,2.117042224339722
MID4,SID4,67,2017-03-08 06:49:50,4.153,32,2.3082816215139568
MID1,SID1,67,2017-03-08 06:49:50,5.814,32,2.0451784195065246
MID28,SID28,67,2017-03-08 06:49:50,5.814,25,2.0818039068896725
MID8,SID8,67,2017-03-08 06:49:50,5.814,33,2.0122830334722095
MID24,SID24,67,2017-03-08 06:49:50,4.153,28,2.0043071875840877
MID22,SID22,67,2017-03-08 06:49:50,5.814,26,2.3281193871912778
MID20,SID20,67,2017-03-08 06:49:50,5.814,25,2.4209794729850813
MID79,SID79,67,2017-03-08 06:49:50,4.153,27,2.491486840580872
MID78,SID78,67,2017-03-08 06:49:50,6.644,32,2.189326881762433
MID71,SID71,67,2017-03-08 06:49:50,4.983,28,2.3951652184784367
MID90,SID90,67,2017-03-08 06:49:50,6.644,28,2.02342920701464
MID88,SID88,67,2017-03-08 06:49:50,6.644,30,2.2651191368007293
MID86,SID86,67,2017-03-08 06:49:50,4.983,31,2.0847094449101644
MID57,SID57,67,2017-03-08 06:49:50,8.306,31,2.265648722285928
MID55,SID55,67,2017-03-08 06:49:50,6.644,29,2.0988942208281225
MID53,SID53,67,2017-03-08 06:49:50,5.814,28,2.2091622788323155
MID68,SID68,67,2017-03-08 06:49:50,5.814,31,2.3653805458339754
MID67,SID67,67,2017-03-08 06:49:50,7.475,32,2.058529042454708
MID65,SID65,67,2017-03-08 06:49:50,7.475,30,2.3364183877192346
MID63,SID63,67,2017-03-08 06:49:50,4.983,28,2.292224840672274
MID61,SID61,67,2017-03-08 06:49:50,7.475,27,2.294920649708987
MID38,SID38,67,2017-03-08 06:49:50,5.814,31,2.008868703240072
MID37,SID37,67,2017-03-08 06:49:50,6.644,34,2.0308287001372194
MID34,SID34,67,2017-03-08 06:49:50,4.153,29,2.349751276915173
MID42,SID42,67,2017-03-08 06:49:50,7.475,31,2.2043950795294522
MID41,SID41,67,2017-03-08 06:49:50,7.475,28,2.2510012204293592
MID11,SID11,67,2017-03-08 06:50:00,8.333,34,2.13925786349678
MID10,SID10,67,2017-03-08 06:50:00,4.167,25,2.427667364337868
MID96,SID96,67,2017-03-08 06:50:00,7.500,26,2.2950076635503915
MID4,SID4,67,2017-03-08 06:50:00,4.167,29,2.1669685922898467
MID1,SID1,67,2017-03-08 06:50:00,5.833,28,2.075645251054479
MID28,SID28,67,2017-03-08 06:50:00,5.833,28,2.261672019602248
MID8,SID8,67,2017-03-08 06:50:00,5.833,30,2.14833840456725
MID24,SID24,67,2017-03-08 06:50:00,4.167,34,2.364184293512049
MID22,SID22,67,2017-03-08 06:50:00,5.833,32,2.2029774218207536
MID20,SID20,67,2017-03-08 06:50:00,5.833,25,2.3168494914636173
MID79,SID79,67,2017-03-08 06:50:00,4.167,27,2.1046214031381467
MID78,SID78,67,2017-03-08 06:50:00,6.667,34,2.353195482914034
MID71,SID71,67,2017-03-08 06:50:00,5.000,25,2.2995350782534105
MID90,SID90,67,2017-03-08 06:50:00,6.667,32,2.439803099131465
MID88,SID88,67,2017-03-08 06:50:00,6.667,32,2.2746669901850054
MID86,SID86,67,2017-03-08 06:50:00,5.000,25,2.1284544435735
MID57,SID57,67,2017-03-08 06:50:00,8.333,31,2.1628819646273394
MID55,SID55,67,2017-03-08 06:50:00,6.667,29,2.008532598870109
MID53,SID53,67,2017-03-08 06:50:00,5.833,31,2.2445532565692616
MID68,SID68,67,2017-03-08 06:50:00,5.833,27,2.4502983745730367
MID67,SID67,67,2017-03-08 06:50:00,7.500,30,2.046530376102175
MID65,SID65,67,2017-03-08 06:50:00,7.500,30,2.175930378286712
MID63,SID63,67,2017-03-08 06:50:00,5.000,33,2.4932856524778506
MID61,SID61,67,2017-03-08 06:50:00,7.500,31,2.448006474961572
MID38,SID38,67,2017-03-08 06:50:00,5.833,34,2.173391322421507
MID37,SID37,67,2017-03-08 06:50:00,6.667,30,2.233824364591733
MID34,SID34,67,2017-03-08 06:50:00,4.167,27,2.4020392464435725
MID42,SID42,67,2017-03-08 06:50:00,7.500,25,2.070995361651443
MID41,SID41,67,2017-03-08 06:50:00,7.500,25,2.4388540164124124
MID11,SID11,67,2017-03-08 06:50:10,8.361,26,2.377245956212042
MID10,SID10,67,2017-03-08 06:50:10,4.181,30,2.0960530562660153
MID96,SID96,67,2017-03-08 06:50:10,7.525,32,2.1174869145044695
MID1,SID1,67,2017-03-08 06:50:10,5.853,34,2.0353194870201694
MID28,SID28,67,2017-03-08 06:50:10,5.853,28,2.2350877638029862
MID24,SID24,67,2017-03-08 06:50:10,4.181,25,2.003892346132724
MID22,SID22,67,2017-03-08 06:50:10,5.853,29,2.4257561267346635
MID20,SID20,67,2017-03-08 06:50:10,5.853,25,2.1841630768675486
MID79,SID79,67,2017-03-08 06:50:10,4.181,30,2.031722473522703
MID78,SID78,67,2017-03-08 06:50:10,6.689,32,2.4822339974068037
MID71,SID71,67,2017-03-08 06:50:10,5.017,27,2.1954600358540937
MID90,SID90,67,2017-03-08 06:50:10,6.689,28,2.1673917867006463
MID88,SID88,67,2017-03-08 06:50:10,6.689,28,2.1120773947574327
MID86,SID86,67,2017-03-08 06:50:10,5.017,27,2.132470024455105
MID57,SID57,67,2017-03-08 06:50:10,8.361,27,2.012990637528148
MID55,SID55,67,2017-03-08 06:50:10,6.689,27,2.05264002753003
MID53,SID53,67,2017-03-08 06:50:10,5.853,25,2.4772636294637618
MID67,SID67,67,2017-03-08 06:50:10,7.525,32,2.404534433829785
MID65,SID65,67,2017-03-08 06:50:10,7.525,29,2.3859832936947845
MID63,SID63,67,2017-03-08 06:50:10,5.017,28,2.461349523815928
MID38,SID38,67,2017-03-08 06:50:10,5.853,29,2.0474725406173686
MID37,SID37,67,2017-03-08 06:50:10,6.689,31,2.4940553835235546
MID34,SID34,67,2017-03-08 06:50:10,4.181,29,2.4525175885150605
MID42,SID42,67,2017-03-08 06:50:10,7.525,29,2.259477851585213
MID41,SID41,67,2017-03-08 06:50:10,7.525,30,2.3983040914312244
MID11,SID11,67,2017-03-08 06:50:20,8.389,33,2.399129339013619
MID10,SID10,67,2017-03-08 06:50:20,4.194,31,2.1570474732141167
MID96,SID96,67,2017-03-08 06:50:20,7.550,33,2.25641266417702
MID1,SID1,67,2017-03-08 06:50:20,5.872,31,2.3019254016714368
MID28,SID28,67,2017-03-08 06:50:20,5.872,34,2.161790076796067
MID24,SID24,67,2017-03-08 06:50:20,4.194,30,2.151745933411252
MID22,SID22,67,2017-03-08 06:50:20,5.872,28,2.3093102696468977
MID20,SID20,67,2017-03-08 06:50:20,5.872,33,2.001302854545119
MID79,SID79,67,2017-03-08 06:50:20,4.194,31,2.4122136266999794
MID78,SID78,67,2017-03-08 06:50:20,6.711,27,2.1275972970798325
MID71,SID71,67,2017-03-08 06:50:20,5.033,27,2.1119103748382377
MID90,SID90,67,2017-03-08 06:50:20,6.711,26,2.306662295469303
MID88,SID88,67,2017-03-08 06:50:20,6.711,26,2.392195074510501
MID86,SID86,67,2017-03-08 06:50:20,5.033,30,2.4967543211923893
MID57,SID57,67,2017-03-08 06:50:20,8.389,31,2.1306381160306085
MID55,SID55,67,2017-03-08 06:50:20,6.711,27,2.145307632386663
MID53,SID53,67,2017-03-08 06:50:20,5.872,34,2.2567562993003345
MID67,SID67,67,2017-03-08 06:50:20,7.550,27,2.2443876729619117
MID65,SID65,67,2017-03-08 06:50:20,7.550,33,2.227912965348012
MID63,SID63,67,2017-03-08 06:50:20,5.033,26,2.26923055550608
MID38,SID38,67,2017-03-08 06:50:20,5.872,29,2.0614217576903004
MID37,SID37,67,2017-03-08 06:50:20,6.711,33,2.2574978075659637
MID34,SID34,67,2017-03-08 06:50:20,4.194,25,2.0520938578123595
MID42,SID42,67,2017-03-08 06:50:20,7.550,27,2.013140892002262
MID41,SID41,67,2017-03-08 06:50:20,7.550,32,2.277149317902487
MID11,SID11,67,2017-03-08 06:50:30,8.417,30,2.068705884134208
MID10,SID10,67,2017-03-08 06:50:30,4.208,25,2.4177367596488986
MID96,SID96,67,2017-03-08 06:50:30,7.575,34,2.230610646353686
MID1,SID1,67,2017-03-08 06:50:30,5.892,32,2.0344113835634268
MID28,SID28,67,2017-03-08 06:50:30,5.892,29,2.3720111935116606
MID24,SID24,67,2017-03-08 06:50:30,4.208,26,2.0472436005747774
MID22,SID22,67,2017-03-08 06:50:30,5.892,34,2.439788249037777
MID20,SID20,67,2017-03-08 06:50:30,5.892,33,2.037332428818665
MID79,SID79,67,2017-03-08 06:50:30,4.208,34,2.085102423601284
MID78,SID78,67,2017-03-08 06:50:30,6.733,27,2.2395982221517685
MID71,SID71,67,2017-03-08 06:50:30,5.050,30,2.292810329628109
MID90,SID90,67,2017-03-08 06:50:30,6.733,30,2.1395079916770463
MID88,SID88,67,2017-03-08 06:50:30,6.733,29,2.4497578750275864
MID86,SID86,67,2017-03-08 06:50:30,5.050,29,2.3031555624747178
MID57,SID57,67,2017-03-08 06:50:30,8.417,33,2.0251495465186964
MID55,SID55,67,2017-03-08 06:50:30,6.733,32,2.3229387583748853
MID53,SID53,67,2017-03-08 06:50:30,5.892,29,2.231326618856536
MID67,SID67,67,2017-03-08 06:50:30,7.575,27,2.251147236208275
MID65,SID65,67,2017-03-08 06:50:30,7.575,30,2.2980029906692536
MID63,SID63,67,2017-03-08 06:50:30,5.050,33,2.442739538433681
MID38,SID38,67,2017-03-08 06:50:30,5.892,26,2.196873299501128
MID37,SID37,67,2017-03-08 06:50:30,6.733,28,2.3698894452799935
MID34,SID34,67,2017-03-08 06:50:30,4.208,26,2.487443267574923
MID42,SID42,67,2017-03-08 06:50:30,7.575,26,2.390892241873889
MID41,SID41,67,2017-03-08 06:50:30,7.575,32,2.1753965154037704
MID11,SID11,67,2017-03-08 06:50:40,8.444,34,2.270079927983279
MID10,SID10,67,2017-03-08 06:50:40,4.222,26,2.427621340824157
MID96,SID96,67,2017-03-08 06:50:40,7.600,25,2.3314308643795267
MID1,SID1,67,2017-03-08 06:50:40,5.911,28,2.2428578860259503
MID28,SID28,67,2017-03-08 06:50:40,5.911,26,2.3461169875697427
MID24,SID24,67,2017-03-08 06:50:40,4.222,30,2.0166980484950647
MID22,SID22,67,2017-03-08 06:50:40,5.911,32,2.305509137192228
MID20,SID20,67,2017-03-08 06:50:40,5.911,25,2.3967940935425114
MID79,SID79,67,2017-03-08 06:50:40,4.222,26,2.31743159142724
MID78,SID78,67,2017-03-08 06:50:40,6.756,25,2.4403501025470327
MID71,SID71,67,2017-03-08 06:50:40,5.067,25,2.0054060960966016
MID90,SID90,67,2017-03-08 06:50:40,6.756,27,2.216974734834248
MID88,SID88,67,2017-03-08 06:50:40,6.756,31,2.053166061971931
MID86,SID86,67,2017-03-08 06:50:40,5.067,30,2.246223427330329
MID57,SID57,67,2017-03-08 06:50:40,8.444,29,2.411097096985504
MID55,SID55,67,2017-03-08 06:50:40,6.756,34,2.210438526222115
MID53,SID53,67,2017-03-08 06:50:40,5.911,31,2.302885133329586
MID67,SID67,67,2017-03-08 06:50:40,7.600,26,2.0474730314307807
MID65,SID65,67,2017-03-08 06:50:40,7.600,26,2.146593910479311
MID63,SID63,67,2017-03-08 06:50:40,5.067,26,2.1233141919182037
MID38,SID38,67,2017-03-08 06:50:40,5.911,32,2.377388930685168
MID37,SID37,67,2017-03-08 06:50:40,6.756,34,2.2012672622399614
MID34,SID34,67,2017-03-08 06:50:40,4.222,33,2.340519333716
MID42,SID42,67,2017-03-08 06:50:40,7.600,33,2.1345687339530244
MID41,SID41,67,2017-03-08 06:50:40,7.600,27,2.4733977056669465
MID11,SID11,67,2017-03-08 06:50:50,8.472,26,2.434657292426417
MID10,SID10,67,2017-03-08 06:50:50,4.236,32,2.0794123409336573
MID96,SID96,67,2017-03-08 06:50:50,7.625,32,2.3988902808979167
MID1,SID1,67,2017-03-08 06:50:50,5.931,31,2.2110154798883968
MID28,SID28,67,2017-03-08 06:50:50,5.931,27,2.361121149841345
MID24,SID24,67,2017-03-08 06:50:50,4.236,27,2.2354220995285474
MID22,SID22,67,2017-03-08 06:50:50,5.931,34,2.2404282818145935
MID20,SID20,67,2017-03-08 06:50:50,5.931,28,2.2051227439791203
MID79,SID79,67,2017-03-08 06:50:50,4.236,26,2.357487487273495
MID78,SID78,67,2017-03-08 06:50:50,6.778,31,2.240661347642198
MID71,SID71,67,2017-03-08 06:50:50,5.083,33,2.0700392616413716
MID90,SID90,67,2017-03-08 06:50:50,6.778,34,2.1121452133811203
MID88,SID88,67,2017-03-08 06:50:50,6.778,25,2.4379897699185205
MID86,SID86,67,2017-03-08 06:50:50,5.083,29,2.2574358029603028
MID57,SID57,67,2017-03-08 06:50:50,8.472,31,2.3381547684598187
MID55,SID55,67,2017-03-08 06:50:50,6.778,28,2.25170112492615
MID53,SID53,67,2017-03-08 06:50:50,5.931,28,2.0910347523166015
MID67,SID67,67,2017-03-08 06:50:50,7.625,31,2.190364523236396
MID65,SID65,67,2017-03-08 06:50:50,7.625,28,2.4966133024919888
MID63,SID63,67,2017-03-08 06:50:50,5.083,33,2.443701821440471
MID38,SID38,67,2017-03-08 06:50:50,5.931,31,2.2466785612494844
MID37,SID37,67,2017-03-08 06:50:50,6.778,32,2.450077569879687
MID34,SID34,67,2017-03-08 06:50:50,4.236,25,2.346658692136016
MID42,SID42,67,2017-03-08 06:50:50,7.625,32,2.25054201058829
MID41,SID41,67,2017-03-08 06:50:50,7.625,33,2.2578813872960954
MID11,SID11,67,2017-03-08 06:51:00,8.500,29,2.433525813108096
MID10,SID10,67,2017-03-08 06:51:00,4.250,34,2.0108044894914965
MID96,SID96,67,2017-03-08 06:51:00,7.650,27,2.3961826421426893
MID1,SID1,67,2017-03-08 06:51:00,5.950,26,2.0765323376249567
MID28,SID28,67,2017-03-08 06:51:00,5.950,30,2.316108201315344
MID24,SID24,67,2017-03-08 06:51:00,4.250,32,2.3794636046808426
MID22,SID22,67,2017-03-08 06:51:00,5.950,31,2.155862152597803
MID20,SID20,67,2017-03-08 06:51:00,5.950,30,2.465259145233301
MID79,SID79,67,2017-03-08 06:51:00,4.250,31,2.1578226614701412
MID78,SID78,67,2017-03-08 06:51:00,6.800,34,2.1728216909009124
MID71,SID71,67,2017-03-08 06:51:00,5.100,25,2.4202802918635884
MID90,SID90,67,2017-03-08 06:51:00,6.800,30,2.0006932670647455
MID88,SID88,67,2017-03-08 06:51:00,6.800,26,2.010209848520682
MID86,SID86,67,2017-03-08 06:51:00,5.100,27,2.4273427004198957
MID57,SID57,67,2017-03-08 06:51:00,8.500,31,2.1926558856493377
MID55,SID55,67,2017-03-08 06:51:00,6.800,25,2.4301875628101524
MID53,SID53,67,2017-03-08 06:51:00,5.950,34,2.393427355116775
MID67,SID67,67,2017-03-08 06:51:00,7.650,31,2.079675453047485
MID65,SID65,67,2017-03-08 06:51:00,7.650,25,2.2850411445096124
MID63,SID63,67,2017-03-08 06:51:00,5.100,32,2.465108891696127
MID38,SID38,67,2017-03-08 06:51:00,5.950,31,2.4148912377209943
MID37,SID37,67,2017-03-08 06:51:00,6.800,28,2.153103075233357
MID34,SID34,67,2017-03-08 06:51:00,4.250,30,2.1743998184942677
MID42,SID42,67,2017-03-08 06:51:00,7.650,33,2.215291229749518
MID41,SID41,67,2017-03-08 06:51:00,7.650,30,2.2858826477790704
MID11,SID11,67,2017-03-08 06:51:10,8.528,30,2.3243743369502665
MID10,SID10,67,2017-03-08 06:51:10,4.264,27,2.4344210786922527
MID96,SID96,67,2017-03-08 06:51:10,7.675,28,2.15766832959698
MID1,SID1,67,2017-03-08 06:51:10,5.969,25,2.2551152061242297
MID28,SID28,67,2017-03-08 06:51:10,5.969,29,2.414928644146971
MID24,SID24,67,2017-03-08 06:51:10,4.264,29,2.493845752491273
MID22,SID22,67,2017-03-08 06:51:10,5.969,31,2.2569433964382313
MID20,SID20,67,2017-03-08 06:51:10,5.969,25,2.197370245123247
MID79,SID79,67,2017-03-08 06:51:10,4.264,30,2.211401679842247
MID78,SID78,67,2017-03-08 06:51:10,6.822,33,2.1044917424645346
MID71,SID71,67,2017-03-08 06:51:10,5.117,30,2.175645426536953
MID90,SID90,67,2017-03-08 06:51:10,6.822,29,2.182915839802087
MID88,SID88,67,2017-03-08 06:51:10,6.822,28,2.140812472592035
MID86,SID86,67,2017-03-08 06:51:10,5.117,27,2.4331021661185424
MID57,SID57,67,2017-03-08 06:51:10,8.528,29,2.065694462329739
MID55,SID55,67,2017-03-08 06:51:10,6.822,33,2.433948932531427
MID53,SID53,67,2017-03-08 06:51:10,5.969,33,2.0984590568257264
MID67,SID67,67,2017-03-08 06:51:10,7.675,33,2.1598348250243937
MID65,SID65,67,2017-03-08 06:51:10,7.675,25,2.0129680670798193
MID63,SID63,67,2017-03-08 06:51:10,5.117,29,2.3786810264684917
MID38,SID38,67,2017-03-08 06:51:10,5.969,30,2.4267196173663748
MID37,SID37,67,2017-03-08 06:51:10,6.822,34,2.0521381508788026
MID34,SID34,67,2017-03-08 06:51:10,4.264,25,2.3430563140482206
MID42,SID42,67,2017-03-08 06:51:10,7.675,30,2.4887905483244803
MID41,SID41,67,2017-03-08 06:51:10,7.675,33,2.2182068565560247
MID11,SID11,67,2017-03-08 06:51:20,8.556,25,2.1033010143344653
MID10,SID10,67,2017-03-08 06:51:20,4.278,29,2.0535116136209766
MID96,SID96,67,2017-03-08 06:51:20,7.700,26,2.0514097185109423
MID1,SID1,67,2017-03-08 06:51:20,5.989,29,2.0766404171927486
MID28,SID28,67,2017-03-08 06:51:20,5.989,25,2.416669670996631
MID24,SID24,67,2017-03-08 06:51:20,4.278,29,2.293567618198839
MID22,SID22,67,2017-03-08 06:51:20,5.989,33,2.143083512586884
MID20,SID20,67,2017-03-08 06:51:20,5.989,26,2.105700799339732
MID79,SID79,67,2017-03-08 06:51:20,4.278,34,2.073544917364157
MID78,SID78,67,2017-03-08 06:51:20,6.844,26,2.287492171721685
MID71,SID71,67,2017-03-08 06:51:20,5.133,28,2.4009867389371378
MID90,SID90,67,2017-03-08 06:51:20,6.844,27,2.409048833088642
MID88,SID88,67,2017-03-08 06:51:20,6.844,29,2.1388309470529667
MID86,SID86,67,2017-03-08 06:51:20,5.133,32,2.3114212222960795
MID57,SID57,67,2017-03-08 06:51:20,8.556,26,2.3806624723413465
MID55,SID55,67,2017-03-08 06:51:20,6.844,27,2.418098365041132
MID53,SID53,67,2017-03-08 06:51:20,5.989,33,2.2335822141858865
MID67,SID67,67,2017-03-08 06:51:20,7.700,31,2.386887062290317
MID65,SID65,67,2017-03-08 06:51:20,7.700,32,2.0198848265724703
MID63,SID63,67,2017-03-08 06:51:20,5.133,30,2.371238499050624
MID38,SID38,67,2017-03-08 06:51:20,5.989,32,2.3919633903279482
MID37,SID37,67,2017-03-08 06:51:20,6.844,27,2.2603699477575097
MID34,SID34,67,2017-03-08 06:51:20,4.278,27,2.465298895808335
MID42,SID42,67,2017-03-08 06:51:20,7.700,33,2.3652781450051448
MID41,SID41,67,2017-03-08 06:51:20,7.700,33,2.4004046583521808
MID11,SID11,67,2017-03-08 06:51:30,8.583,32,2.4436220311722843
MID10,SID10,67,2017-03-08 06:51:30,4.292,27,2.4541939310819334
MID96,SID96,67,2017-03-08 06:51:30,7.725,34,2.3002731465006327
MID1,SID1,67,2017-03-08 06:51:30,6.008,27,2.324838974491646
MID28,SID28,67,2017-03-08 06:51:30,6.008,29,2.2272179415052467
MID24,SID24,67,2017-03-08 06:51:30,4.292,32,2.474416413802839
MID22,SID22,67,2017-03-08 06:51:30,6.008,34,2.2980374903845964
MID20,SID20,67,2017-03-08 06:51:30,6.008,28,2.1501275284998917
MID79,SID79,67,2017-03-08 06:51:30,4.292,32,2.3296965890557155
MID78,SID78,67,2017-03-08 06:51:30,6.867,27,2.470619940678163
MID71,SID71,67,2017-03-08 06:51:30,5.150,25,2.305677185810474
MID90,SID90,67,2017-03-08 06:51:30,6.867,26,2.2025919670762075
MID88,SID88,67,2017-03-08 06:51:30,6.867,29,2.038864205311496
MID86,SID86,67,2017-03-08 06:51:30,5.150,26,2.322627041937234
MID57,SID57,67,2017-03-08 06:51:30,8.583,27,2.40948503146631
MID55,SID55,67,2017-03-08 06:51:30,6.867,27,2.092364483751612
MID53,SID53,67,2017-03-08 06:51:30,6.008,28,2.480407498339719
MID67,SID67,67,2017-03-08 06:51:30,7.725,26,2.1907551619424974
MID65,SID65,67,2017-03-08 06:51:30,7.725,28,2.3941271808709805
MID63,SID63,67,2017-03-08 06:51:30,5.150,28,2.286875898321959
MID38,SID38,67,2017-03-08 06:51:30,6.008,31,2.2031925385083806
MID37,SID37,67,2017-03-08 06:51:30,6.867,32,2.3388459505585226
MID34,SID34,67,2017-03-08 06:51:30,4.292,28,2.45152996040016
MID42,SID42,67,2017-03-08 06:51:30,7.725,27,2.0435324420286176
MID41,SID41,67,2017-03-08 06:51:30,7.725,32,2.344948062291536
MID11,SID11,67,2017-03-08 06:51:40,8.611,31,2.0218873602218004
MID10,SID10,67,2017-03-08 06:51:40,4.306,31,2.2548006524966047
MID96,SID96,67,2017-03-08 06:51:40,7.750,28,2.1591218904670257
MID1,SID1,67,2017-03-08 06:51:40,6.028,33,2.281843974739426
MID28,SID28,67,2017-03-08 06:51:40,6.028,33,2.178493750843255
MID24,SID24,67,2017-03-08 06:51:40,4.306,30,2.287836282611051
MID22,SID22,67,2017-03-08 06:51:40,6.028,29,2.153647116446073
MID20,SID20,67,2017-03-08 06:51:40,6.028,31,2.0826904060937896
MID79,SID79,67,2017-03-08 06:51:40,4.306,30,2.2646506975135257
MID78,SID78,67,2017-03-08 06:51:40,6.889,26,2.08348093790486
MID71,SID71,67,2017-03-08 06:51:40,5.167,28,2.006675460714006
MID90,SID90,67,2017-03-08 06:51:40,6.889,30,2.3353223751401004
MID88,SID88,67,2017-03-08 06:51:40,6.889,30,2.4664434499948706
MID86,SID86,67,2017-03-08 06:51:40,5.167,25,2.4377085041675777
MID57,SID57,67,2017-03-08 06:51:40,8.611,32,2.2866503276799053
MID55,SID55,67,2017-03-08 06:51:40,6.889,34,2.2407774833538068
MID53,SID53,67,2017-03-08 06:51:40,6.028,28,2.449699702305648
MID67,SID67,67,2017-03-08 06:51:40,7.750,30,2.1864501924626274
MID65,SID65,67,2017-03-08 06:51:40,7.750,30,2.426053893457934
MID63,SID63,67,2017-03-08 06:51:40,5.167,34,2.3432143696849397
MID38,SID38,67,2017-03-08 06:51:40,6.028,33,2.3633601996583185
MID37,SID37,67,2017-03-08 06:51:40,6.889,26,2.3291158919974047
MID34,SID34,67,2017-03-08 06:51:40,4.306,28,2.4104933959219994
MID42,SID42,67,2017-03-08 06:51:40,7.750,28,2.0495848280133995
MID41,SID41,67,2017-03-08 06:51:40,7.750,30,2.4101429592147805
MID11,SID11,67,2017-03-08 06:51:50,8.639,34,2.089609112588674
MID10,SID10,67,2017-03-08 06:51:50,4.319,33,2.086558250249607
MID96,SID96,67,2017-03-08 06:51:50,7.775,25,2.4365539862842622
MID1,SID1,67,2017-03-08 06:51:50,6.047,30,2.035842441761554
MID28,SID28,67,2017-03-08 06:51:50,6.047,29,2.1177887916587794
MID24,SID24,67,2017-03-08 06:51:50,4.319,25,2.2260262171666474
MID22,SID22,67,2017-03-08 06:51:50,6.047,28,2.1143935852302955
MID20,SID20,67,2017-03-08 06:51:50,6.047,26,2.1204474353593534
MID79,SID79,67,2017-03-08 06:51:50,4.319,34,2.329080866618163
MID78,SID78,67,2017-03-08 06:51:50,6.911,25,2.3260587188810082
MID71,SID71,67,2017-03-08 06:51:50,5.183,31,2.22754604796117
MID90,SID90,67,2017-03-08 06:51:50,6.911,32,2.331340743877971
MID88,SID88,67,2017-03-08 06:51:50,6.911,34,2.026533079459554
MID86,SID86,67,2017-03-08 06:51:50,5.183,28,2.3874987002562857
MID57,SID57,67,2017-03-08 06:51:50,8.639,26,2.196715529118964
MID55,SID55,67,2017-03-08 06:51:50,6.911,28,2.46477344871713
MID53,SID53,67,2017-03-08 06:51:50,6.047,29,2.159826493054343
MID67,SID67,67,2017-03-08 06:51:50,7.775,30,2.1477353985085506
MID65,SID65,67,2017-03-08 06:51:50,7.775,30,2.4151672745339527
MID63,SID63,67,2017-03-08 06:51:50,5.183,26,2.414616523665641
MID38,SID38,67,2017-03-08 06:51:50,6.047,33,2.441290734928552
MID37,SID37,67,2017-03-08 06:51:50,6.911,28,2.4205617549886287
MID34,SID34,67,2017-03-08 06:51:50,4.319,34,2.3510456923776415
MID42,SID42,67,2017-03-08 06:51:50,7.775,25,2.039015339428392
MID41,SID41,67,2017-03-08 06:51:50,7.775,27,2.371047442536457
MID11,SID11,67,2017-03-08 06:52:00,8.667,26,2.395938412181185
MID10,SID10,67,2017-03-08 06:52:00,4.333,32,2.0980290619129547
MID96,SID96,67,2017-03-08 06:52:00,7.800,34,2.220435706330878
MID1,SID1,67,2017-03-08 06:52:00,6.067,32,2.1409830123293787
MID28,SID28,67,2017-03-08 06:52:00,6.067,28,2.175614368188481
MID24,SID24,67,2017-03-08 06:52:00,4.333,27,2.2017015651226375
MID22,SID22,67,2017-03-08 06:52:00,6.067,31,2.4850810805346852
MID20,SID20,67,2017-03-08 06:52:00,6.067,31,2.1519936223377396
MID79,SID79,67,2017-03-08 06:52:00,4.333,34,2.128943303220928
MID78,SID78,67,2017-03-08 06:52:00,6.933,25,2.180934588021063
MID71,SID71,67,2017-03-08 06:52:00,5.200,26,2.0302109601025395
MID90,SID90,67,2017-03-08 06:52:00,6.933,26,2.0824227450471997
MID88,SID88,67,2017-03-08 06:52:00,6.933,26,2.2890876320821216
MID86,SID86,67,2017-03-08 06:52:00,5.200,29,2.2698761168116888
MID57,SID57,67,2017-03-08 06:52:00,8.667,30,2.237045328696278
MID55,SID55,67,2017-03-08 06:52:00,6.933,25,2.2008713425582913
MID53,SID53,67,2017-03-08 06:52:00,6.067,30,2.43239308599198
MID67,SID67,67,2017-03-08 06:52:00,7.800,27,2.3338046835774975
MID65,SID65,67,2017-03-08 06:52:00,7.800,34,2.15066011499574
MID63,SID63,67,2017-03-08 06:52:00,5.200,29,2.0454037710852577
MID38,SID38,67,2017-03-08 06:52:00,6.067,26,2.220104615822197
MID37,SID37,67,2017-03-08 06:52:00,6.933,32,2.0025337424367144
MID34,SID34,67,2017-03-08 06:52:00,4.333,29,2.3255827813118994
MID42,SID42,67,2017-03-08 06:52:00,7.800,34,2.385375687379888
MID41,SID41,67,2017-03-08 06:52:00,7.800,26,2.3621815176866896
MID11,SID11,67,2017-03-08 06:52:10,8.694,30,2.447554463435524
MID10,SID10,67,2017-03-08 06:52:10,4.347,28,2.3247378194018924
MID96,SID96,67,2017-03-08 06:52:10,7.825,30,2.4582160507779554
MID1,SID1,67,2017-03-08 06:52:10,6.086,26,2.1661997071540195
MID28,SID28,67,2017-03-08 06:52:10,6.086,26,2.384485077203659
MID24,SID24,67,2017-03-08 06:52:10,4.347,25,2.0031567820540293
MID22,SID22,67,2017-03-08 06:52:10,6.086,31,2.1249514558874973
MID20,SID20,67,2017-03-08 06:52:10,6.086,31,2.2682175088639562
MID79,SID79,67,2017-03-08 06:52:10,4.347,33,2.303454355773885
MID78,SID78,67,2017-03-08 06:52:10,6.956,30,2.137191231263035
MID71,SID71,67,2017-03-08 06:52:10,5.217,25,2.1559403655540508
MID90,SID90,67,2017-03-08 06:52:10,6.956,33,2.012086302556183
MID88,SID88,67,2017-03-08 06:52:10,6.956,29,2.3729250058115094
MID86,SID86,67,2017-03-08 06:52:10,5.217,27,2.137727922289809
MID55,SID55,67,2017-03-08 06:52:10,6.956,32,2.148201687847393
MID53,SID53,67,2017-03-08 06:52:10,6.086,25,2.052821688459126
MID67,SID67,67,2017-03-08 06:52:10,7.825,29,2.4796533352594126
MID65,SID65,67,2017-03-08 06:52:10,7.825,28,2.27371866768083
MID63,SID63,67,2017-03-08 06:52:10,5.217,29,2.1590345731954828
MID38,SID38,67,2017-03-08 06:52:10,6.086,28,2.2601693652234123
MID37,SID37,67,2017-03-08 06:52:10,6.956,28,2.3453987799188605
MID34,SID34,67,2017-03-08 06:52:10,4.347,33,2.062452314191532
MID11,SID11,67,2017-03-08 06:52:20,8.722,33,2.0993798826585826
MID10,SID10,67,2017-03-08 06:52:20,4.361,31,2.4679114733494814
MID96,SID96,67,2017-03-08 06:52:20,7.850,28,2.0013710462365344
MID1,SID1,67,2017-03-08 06:52:20,6.106,32,2.0810762080722807
MID28,SID28,67,2017-03-08 06:52:20,6.106,31,2.079108625429167
MID24,SID24,67,2017-03-08 06:52:20,4.361,25,2.368367906775307
MID22,SID22,67,2017-03-08 06:52:20,6.106,25,2.432273712637025
MID20,SID20,67,2017-03-08 06:52:20,6.106,27,2.0291016936235704
MID79,SID79,67,2017-03-08 06:52:20,4.361,30,2.1771782932698147
MID78,SID78,67,2017-03-08 06:52:20,6.978,32,2.003833232125353
MID71,SID71,67,2017-03-08 06:52:20,5.233,25,2.0700345879330224
MID90,SID90,67,2017-03-08 06:52:20,6.978,34,2.431346517361523
MID88,SID88,67,2017-03-08 06:52:20,6.978,26,2.188422062014059
MID86,SID86,67,2017-03-08 06:52:20,5.233,31,2.2092406154048714
MID55,SID55,67,2017-03-08 06:52:20,6.978,25,2.3602136039924457
MID53,SID53,67,2017-03-08 06:52:20,6.106,25,2.433913247743377
MID67,SID67,67,2017-03-08 06:52:20,7.850,32,2.396673172877878
MID65,SID65,67,2017-03-08 06:52:20,7.850,27,2.273821856104525
MID63,SID63,67,2017-03-08 06:52:20,5.233,27,2.056617738823467
MID38,SID38,67,2017-03-08 06:52:20,6.106,32,2.044918342054707
MID37,SID37,67,2017-03-08 06:52:20,6.978,31,2.4675223090872236
MID34,SID34,67,2017-03-08 06:52:20,4.361,27,2.39232942091135
MID11,SID11,67,2017-03-08 06:52:30,8.750,32,2.4973096737828104
MID10,SID10,67,2017-03-08 06:52:30,4.375,27,2.1017177192779717
MID96,SID96,67,2017-03-08 06:52:30,7.875,27,2.089178936677998
MID1,SID1,67,2017-03-08 06:52:30,6.125,26,2.1107389733561566
MID28,SID28,67,2017-03-08 06:52:30,6.125,27,2.338381245136767
MID24,SID24,67,2017-03-08 06:52:30,4.375,26,2.2872965315698597
MID22,SID22,67,2017-03-08 06:52:30,6.125,25,2.483908169157721
MID20,SID20,67,2017-03-08 06:52:30,6.125,29,2.3680500929926622
MID79,SID79,67,2017-03-08 06:52:30,4.375,26,2.438124154426625
MID78,SID78,67,2017-03-08 06:52:30,7.000,25,2.220544272778135
MID71,SID71,67,2017-03-08 06:52:30,5.250,31,2.1428081206988825
MID90,SID90,67,2017-03-08 06:52:30,7.000,31,2.0002552239812648
MID88,SID88,67,2017-03-08 06:52:30,7.000,30,2.135456867164576
MID86,SID86,67,2017-03-08 06:52:30,5.250,34,2.414459960674508
MID55,SID55,67,2017-03-08 06:52:30,7.000,31,2.0398539299397016
MID53,SID53,67,2017-03-08 06:52:30,6.125,25,2.2269481265977586
MID67,SID67,67,2017-03-08 06:52:30,7.875,29,2.171073716198971
MID65,SID65,67,2017-03-08 06:52:30,7.875,30,2.066605194880136
MID63,SID63,67,2017-03-08 06:52:30,5.250,26,2.0609877909705565
MID38,SID38,67,2017-03-08 06:52:30,6.125,30,2.4989285249216064
MID37,SID37,67,2017-03-08 06:52:30,7.000,25,2.413249191784056
MID34,SID34,67,2017-03-08 06:52:30,4.375,32,2.0980380957253066
MID11,SID11,67,2017-03-08 06:52:40,8.778,27,2.307997923209103
MID10,SID10,67,2017-03-08 06:52:40,4.389,29,2.4792180359019684
MID96,SID96,67,2017-03-08 06:52:40,7.900,33,2.110894926466076
MID1,SID1,67,2017-03-08 06:52:40,6.144,26,2.3444645612584973
MID28,SID28,67,2017-03-08 06:52:40,6.144,25,2.040657781200278
MID24,SID24,67,2017-03-08 06:52:40,4.389,33,2.059113607315028
MID22,SID22,67,2017-03-08 06:52:40,6.144,34,2.0212385126728223
MID20,SID20,67,2017-03-08 06:52:40,6.144,31,2.3762607019595703
MID79,SID79,67,2017-03-08 06:52:40,4.389,33,2.285701067436234
MID78,SID78,67,2017-03-08 06:52:40,7.022,26,2.4013343413361685
MID71,SID71,67,2017-03-08 06:52:40,5.267,32,2.4095595006886565
MID90,SID90,67,2017-03-08 06:52:40,7.022,26,2.332218432432594
MID88,SID88,67,2017-03-08 06:52:40,7.022,31,2.2349459228905255
MID86,SID86,67,2017-03-08 06:52:40,5.267,28,2.4952752582728284
MID55,SID55,67,2017-03-08 06:52:40,7.022,32,2.2827793267840772
MID53,SID53,67,2017-03-08 06:52:40,6.144,28,2.4805498130735324
MID67,SID67,67,2017-03-08 06:52:40,7.900,32,2.0189271339113426
MID65,SID65,67,2017-03-08 06:52:40,7.900,28,2.4020803539445525
MID63,SID63,67,2017-03-08 06:52:40,5.267,25,2.056067221106472
MID38,SID38,67,2017-03-08 06:52:40,6.144,33,2.0467453849625232
MID37,SID37,67,2017-03-08 06:52:40,7.022,29,2.18300797869706
MID34,SID34,67,2017-03-08 06:52:40,4.389,28,2.258180304242658
MID11,SID11,67,2017-03-08 06:52:50,8.806,31,2.1703460220722466
MID10,SID10,67,2017-03-08 06:52:50,4.403,29,2.3737163341171907
MID96,SID96,67,2017-03-08 06:52:50,7.925,32,2.1670057464955397
MID1,SID1,67,2017-03-08 06:52:50,6.164,26,2.0883068240060902
MID28,SID28,67,2017-03-08 06:52:50,6.164,30,2.469331019461538
MID24,SID24,67,2017-03-08 06:52:50,4.403,25,2.2143662447931147
MID22,SID22,67,2017-03-08 06:52:50,6.164,29,2.375338412936784
MID20,SID20,67,2017-03-08 06:52:50,6.164,25,2.388616336932875
MID79,SID79,67,2017-03-08 06:52:50,4.403,28,2.4108403624574413
MID78,SID78,67,2017-03-08 06:52:50,7.044,29,2.4278904959226764
MID71,SID71,67,2017-03-08 06:52:50,5.283,25,2.2549947903844783
MID90,SID90,67,2017-03-08 06:52:50,7.044,30,2.325926647204379
MID88,SID88,67,2017-03-08 06:52:50,7.044,30,2.1967379758346124
MID86,SID86,67,2017-03-08 06:52:50,5.283,29,2.0195602490887725
MID55,SID55,67,2017-03-08 06:52:50,7.044,32,2.380397581467444
MID53,SID53,67,2017-03-08 06:52:50,6.164,30,2.1472373151374127
MID67,SID67,67,2017-03-08 06:52:50,7.925,33,2.3808976913662034
MID65,SID65,67,2017-03-08 06:52:50,7.925,26,2.179950667191946
MID63,SID63,67,2017-03-08 06:52:50,5.283,34,2.032409355175032
MID38,SID38,67,2017-03-08 06:52:50,6.164,28,2.3409028158451477
MID37,SID37,67,2017-03-08 06:52:50,7.044,34,2.2940469558912153
MID34,SID34,67,2017-03-08 06:52:50,4.403,25,2.315336664394531
MID11,SID11,67,2017-03-08 06:53:00,8.833,28,2.2587237343124813
MID10,SID10,67,2017-03-08 06:53:00,4.417,31,2.4183327181166105
MID96,SID96,67,2017-03-08 06:53:00,7.950,30,2.1264498756890897
MID1,SID1,67,2017-03-08 06:53:00,6.183,31,2.3684233744275036
MID28,SID28,67,2017-03-08 06:53:00,6.183,26,2.4250702596170224
MID24,SID24,67,2017-03-08 06:53:00,4.417,27,2.0072876139071147
MID22,SID22,67,2017-03-08 06:53:00,6.183,25,2.025445545636267
MID20,SID20,67,2017-03-08 06:53:00,6.183,33,2.159199544611368
MID79,SID79,67,2017-03-08 06:53:00,4.417,33,2.2305118692956354
MID78,SID78,67,2017-03-08 06:53:00,7.067,30,2.1733894972751857
MID71,SID71,67,2017-03-08 06:53:00,5.300,26,2.3983812468730727
MID90,SID90,67,2017-03-08 06:53:00,7.067,27,2.2090308122986455
MID88,SID88,67,2017-03-08 06:53:00,7.067,29,2.196856845074988
MID86,SID86,67,2017-03-08 06:53:00,5.300,32,2.3132555008464526
MID55,SID55,67,2017-03-08 06:53:00,7.067,26,2.4318683579618425
MID53,SID53,67,2017-03-08 06:53:00,6.183,26,2.0677788199299103
MID67,SID67,67,2017-03-08 06:53:00,7.950,32,2.077170213058799
MID65,SID65,67,2017-03-08 06:53:00,7.950,26,2.0442405767865917
MID63,SID63,67,2017-03-08 06:53:00,5.300,32,2.187995911891383
MID38,SID38,67,2017-03-08 06:53:00,6.183,25,2.4453078144976255
MID37,SID37,67,2017-03-08 06:53:00,7.067,32,2.1972771270730345
MID34,SID34,67,2017-03-08 06:53:00,4.417,28,2.2449158211319413
MID11,SID11,67,2017-03-08 06:53:10,8.861,31,2.0763933590947765
MID96,SID96,67,2017-03-08 06:53:10,7.975,33,2.0351792825300885
MID1,SID1,67,2017-03-08 06:53:10,6.203,30,2.130912908049073
MID24,SID24,67,2017-03-08 06:53:10,4.431,26,2.2716262899172275
MID22,SID22,67,2017-03-08 06:53:10,6.203,29,2.2269248643088284
MID20,SID20,67,2017-03-08 06:53:10,6.203,30,2.492937482714969
MID79,SID79,67,2017-03-08 06:53:10,4.431,32,2.0771921995334504
MID78,SID78,67,2017-03-08 06:53:10,7.089,25,2.203126592375294
MID71,SID71,67,2017-03-08 06:53:10,5.317,29,2.1952187546114708
MID90,SID90,67,2017-03-08 06:53:10,7.089,34,2.335168450304816
MID88,SID88,67,2017-03-08 06:53:10,7.089,26,2.309672689656299
MID86,SID86,67,2017-03-08 06:53:10,5.317,28,2.0685474310779925
MID55,SID55,67,2017-03-08 06:53:10,7.089,25,2.2160510018454933
MID67,SID67,67,2017-03-08 06:53:10,7.975,26,2.4445889157881586
MID65,SID65,67,2017-03-08 06:53:10,7.975,31,2.1678349527959346
MID63,SID63,67,2017-03-08 06:53:10,5.317,30,2.3960754225250636
MID38,SID38,67,2017-03-08 06:53:10,6.203,27,2.1155718378517654
MID37,SID37,67,2017-03-08 06:53:10,7.089,28,2.1541873836506364
MID34,SID34,67,2017-03-08 06:53:10,4.431,29,2.4716867367470323
MID11,SID11,67,2017-03-08 06:53:20,8.889,25,2.2196209818676644
MID96,SID96,67,2017-03-08 06:53:20,8.000,33,2.0819443391544086
MID1,SID1,67,2017-03-08 06:53:20,6.222,31,2.000914946231029
MID24,SID24,67,2017-03-08 06:53:20,4.444,32,2.3365144007879524
MID22,SID22,67,2017-03-08 06:53:20,6.222,31,2.1863069993786493
MID20,SID20,67,2017-03-08 06:53:20,6.222,32,2.023749673815042
MID79,SID79,67,2017-03-08 06:53:20,4.444,30,2.292873716644073
MID78,SID78,67,2017-03-08 06:53:20,7.111,29,2.2476096867635853
MID71,SID71,67,2017-03-08 06:53:20,5.333,32,2.4159461124308708
MID90,SID90,67,2017-03-08 06:53:20,7.111,31,2.385675327086569
MID88,SID88,67,2017-03-08 06:53:20,7.111,31,2.203574611710429
MID86,SID86,67,2017-03-08 06:53:20,5.333,26,2.41805168509346
MID55,SID55,67,2017-03-08 06:53:20,7.111,25,2.369586847728211
MID67,SID67,67,2017-03-08 06:53:20,8.000,32,2.21662777235435
MID65,SID65,67,2017-03-08 06:53:20,8.000,25,2.3494739355568424
MID63,SID63,67,2017-03-08 06:53:20,5.333,27,2.3520006306228662
MID38,SID38,67,2017-03-08 06:53:20,6.222,29,2.237164433061347
MID37,SID37,67,2017-03-08 06:53:20,7.111,28,2.250094590037283
MID34,SID34,67,2017-03-08 06:53:20,4.444,25,2.0840569051630418
MID11,SID11,67,2017-03-08 06:53:30,8.917,25,2.0835979371872524
MID96,SID96,67,2017-03-08 06:53:30,8.025,27,2.0352189516626744
MID1,SID1,67,2017-03-08 06:53:30,6.242,31,2.3414991383976105
MID24,SID24,67,2017-03-08 06:53:30,4.458,25,2.4054132311121514
MID22,SID22,67,2017-03-08 06:53:30,6.242,26,2.326507088911615
MID20,SID20,67,2017-03-08 06:53:30,6.242,30,2.323591327211435
MID79,SID79,67,2017-03-08 06:53:30,4.458,29,2.2067582550699116
MID78,SID78,67,2017-03-08 06:53:30,7.133,27,2.4165206344592782
MID71,SID71,67,2017-03-08 06:53:30,5.350,34,2.2376731534029473
MID90,SID90,67,2017-03-08 06:53:30,7.133,25,2.03223403960642
MID88,SID88,67,2017-03-08 06:53:30,7.133,27,2.205292611532082
MID86,SID86,67,2017-03-08 06:53:30,5.350,28,2.4180833252456515
MID55,SID55,67,2017-03-08 06:53:30,7.133,28,2.3115812158763287
MID67,SID67,67,2017-03-08 06:53:30,8.025,33,2.450006476351521
MID65,SID65,67,2017-03-08 06:53:30,8.025,30,2.1496526273980305
MID63,SID63,67,2017-03-08 06:53:30,5.350,34,2.352702862565637
MID38,SID38,67,2017-03-08 06:53:30,6.242,28,2.3477369182220276
MID37,SID37,67,2017-03-08 06:53:30,7.133,27,2.2931371788194763
MID34,SID34,67,2017-03-08 06:53:30,4.458,30,2.097224540530523
MID11,SID11,67,2017-03-08 06:53:40,8.944,31,2.1793209617886418
MID96,SID96,67,2017-03-08 06:53:40,8.050,32,2.3260718909339113
MID1,SID1,67,2017-03-08 06:53:40,6.261,30,2.4384173442195864
MID24,SID24,67,2017-03-08 06:53:40,4.472,33,2.0698095964029646
MID22,SID22,67,2017-03-08 06:53:40,6.261,29,2.4252019188194645
MID20,SID20,67,2017-03-08 06:53:40,6.261,31,2.3202380740627575
MID79,SID79,67,2017-03-08 06:53:40,4.472,32,2.231010188217543
MID78,SID78,67,2017-03-08 06:53:40,7.156,31,2.240334005712251
MID71,SID71,67,2017-03-08 06:53:40,5.367,32,2.3878031650943936
MID90,SID90,67,2017-03-08 06:53:40,7.156,32,2.4800741655362
MID88,SID88,67,2017-03-08 06:53:40,7.156,27,2.447336065952983
MID86,SID86,67,2017-03-08 06:53:40,5.367,26,2.23659049092738
MID55,SID55,67,2017-03-08 06:53:40,7.156,30,2.347680729213566
MID67,SID67,67,2017-03-08 06:53:40,8.050,27,2.2199413831338335
MID65,SID65,67,2017-03-08 06:53:40,8.050,33,2.3891022414566
MID63,SID63,67,2017-03-08 06:53:40,5.367,30,2.261911581710156
MID38,SID38,67,2017-03-08 06:53:40,6.261,32,2.224162708835116
MID37,SID37,67,2017-03-08 06:53:40,7.156,33,2.2029573069266606
MID34,SID34,67,2017-03-08 06:53:40,4.472,30,2.434314105812558
MID11,SID11,67,2017-03-08 06:53:50,8.972,26,2.311234708872259
MID96,SID96,67,2017-03-08 06:53:50,8.075,29,2.410012432276412
MID1,SID1,67,2017-03-08 06:53:50,6.281,27,2.1013780118796714
MID24,SID24,67,2017-03-08 06:53:50,4.486,28,2.4985581364976857
MID22,SID22,67,2017-03-08 06:53:50,6.281,28,2.0674943926828426
MID20,SID20,67,2017-03-08 06:53:50,6.281,25,2.382777359865986
MID79,SID79,67,2017-03-08 06:53:50,4.486,26,2.2337973524713224
MID78,SID78,67,2017-03-08 06:53:50,7.178,34,2.068869538811414
MID71,SID71,67,2017-03-08 06:53:50,5.383,29,2.308942778429834
MID90,SID90,67,2017-03-08 06:53:50,7.178,32,2.4315878036418783
MID88,SID88,67,2017-03-08 06:53:50,7.178,33,2.3163997181495075
MID86,SID86,67,2017-03-08 06:53:50,5.383,25,2.481898328986071
MID55,SID55,67,2017-03-08 06:53:50,7.178,25,2.139952563839491
MID67,SID67,67,2017-03-08 06:53:50,8.075,26,2.177457961650897
MID65,SID65,67,2017-03-08 06:53:50,8.075,33,2.3911268523328815
MID63,SID63,67,2017-03-08 06:53:50,5.383,25,2.4812143078488775
MID38,SID38,67,2017-03-08 06:53:50,6.281,26,2.0267267132554636
MID37,SID37,67,2017-03-08 06:53:50,7.178,33,2.360110639785999
MID34,SID34,67,2017-03-08 06:53:50,4.486,27,2.3829982000309005
MID11,SID11,67,2017-03-08 06:54:00,9.000,26,2.235843870317644
MID96,SID96,67,2017-03-08 06:54:00,8.100,25,2.3697421869045048
MID1,SID1,67,2017-03-08 06:54:00,6.300,32,2.4921963167415915
MID24,SID24,67,2017-03-08 06:54:00,4.500,32,2.4071939041509993
MID22,SID22,67,2017-03-08 06:54:00,6.300,28,2.4505182020873386
MID20,SID20,67,2017-03-08 06:54:00,6.300,32,2.192529125484961
MID79,SID79,67,2017-03-08 06:54:00,4.500,28,2.151191771076582
MID78,SID78,67,2017-03-08 06:54:00,7.200,34,2.286798160660659
MID71,SID71,67,2017-03-08 06:54:00,5.400,25,2.3206588567846986
MID90,SID90,67,2017-03-08 06:54:00,7.200,29,2.1220522967990485
MID88,SID88,67,2017-03-08 06:54:00,7.200,32,2.145752278076638
MID86,SID86,67,2017-03-08 06:54:00,5.400,29,2.284082491548867
MID55,SID55,67,2017-03-08 06:54:00,7.200,32,2.3750922826460843
MID67,SID67,67,2017-03-08 06:54:00,8.100,25,2.118797455795202
MID65,SID65,67,2017-03-08 06:54:00,8.100,29,2.246309306948187
MID63,SID63,67,2017-03-08 06:54:00,5.400,31,2.252719808107012
MID38,SID38,67,2017-03-08 06:54:00,6.300,33,2.013710197741944
MID37,SID37,67,2017-03-08 06:54:00,7.200,32,2.3348987094716507
MID34,SID34,67,2017-03-08 06:54:00,4.500,32,2.352145930011628
MID11,SID11,67,2017-03-08 06:54:10,9.028,34,2.0377163509953022
MID96,SID96,67,2017-03-08 06:54:10,8.125,31,2.143449027600091
MID24,SID24,67,2017-03-08 06:54:10,4.514,32,2.3246603045511236
MID22,SID22,67,2017-03-08 06:54:10,6.319,30,2.37626222099945
MID20,SID20,67,2017-03-08 06:54:10,6.319,34,2.3675539517323454
MID79,SID79,67,2017-03-08 06:54:10,4.514,31,2.3443932246177965
MID78,SID78,67,2017-03-08 06:54:10,7.222,30,2.4672952644933197
MID71,SID71,67,2017-03-08 06:54:10,5.417,25,2.2895843290634463
MID88,SID88,67,2017-03-08 06:54:10,7.222,25,2.495056088616413
MID86,SID86,67,2017-03-08 06:54:10,5.417,31,2.1077146588823137
MID55,SID55,67,2017-03-08 06:54:10,7.222,32,2.237996402828119
MID67,SID67,67,2017-03-08 06:54:10,8.125,32,2.1383308691090432
MID65,SID65,67,2017-03-08 06:54:10,8.125,34,2.163839969018518
MID63,SID63,67,2017-03-08 06:54:10,5.417,31,2.335373995954039
MID38,SID38,67,2017-03-08 06:54:10,6.319,33,2.0647224638359996
MID37,SID37,67,2017-03-08 06:54:10,7.222,32,2.47673205511661
MID34,SID34,67,2017-03-08 06:54:10,4.514,33,2.151234621306562
MID11,SID11,67,2017-03-08 06:54:20,9.056,28,2.1385795561690193
MID96,SID96,67,2017-03-08 06:54:20,8.150,29,2.4258498993682034
MID24,SID24,67,2017-03-08 06:54:20,4.528,28,2.0032614225563283
MID22,SID22,67,2017-03-08 06:54:20,6.339,34,2.216788521729701
MID20,SID20,67,2017-03-08 06:54:20,6.339,28,2.3899291167770924
MID79,SID79,67,2017-03-08 06:54:20,4.528,33,2.3492245062501995
MID78,SID78,67,2017-03-08 06:54:20,7.244,29,2.088540779035179
MID71,SID71,67,2017-03-08 06:54:20,5.433,33,2.49865338910719
MID88,SID88,67,2017-03-08 06:54:20,7.244,27,2.4141598401690363
MID86,SID86,67,2017-03-08 06:54:20,5.433,33,2.016237163779787
MID55,SID55,67,2017-03-08 06:54:20,7.244,29,2.4222301909812165
MID67,SID67,67,2017-03-08 06:54:20,8.150,30,2.465455094825291
MID65,SID65,67,2017-03-08 06:54:20,8.150,33,2.4369375155181383
MID63,SID63,67,2017-03-08 06:54:20,5.433,33,2.3231158981284166
MID38,SID38,67,2017-03-08 06:54:20,6.339,33,2.3755584521935305
MID37,SID37,67,2017-03-08 06:54:20,7.244,33,2.322756672765727
MID34,SID34,67,2017-03-08 06:54:20,4.528,33,2.2037022401452706
MID11,SID11,67,2017-03-08 06:54:30,9.083,33,2.34137150439779
MID96,SID96,67,2017-03-08 06:54:30,8.175,32,2.293821113661637
MID24,SID24,67,2017-03-08 06:54:30,4.542,34,2.2033436284496073
MID22,SID22,67,2017-03-08 06:54:30,6.358,33,2.2380927016987844
MID20,SID20,67,2017-03-08 06:54:30,6.358,33,2.469198984260653
MID79,SID79,67,2017-03-08 06:54:30,4.542,31,2.358897242001593
MID78,SID78,67,2017-03-08 06:54:30,7.267,27,2.108976099897361
MID71,SID71,67,2017-03-08 06:54:30,5.450,32,2.2206102978834465
MID88,SID88,67,2017-03-08 06:54:30,7.267,27,2.3800621505836896
MID86,SID86,67,2017-03-08 06:54:30,5.450,34,2.3792522271312397
MID55,SID55,67,2017-03-08 06:54:30,7.267,28,2.37077682731803
MID67,SID67,67,2017-03-08 06:54:30,8.175,34,2.2325745663541
MID65,SID65,67,2017-03-08 06:54:30,8.175,31,2.051809798815164
MID63,SID63,67,2017-03-08 06:54:30,5.450,25,2.0459899438484346
MID38,SID38,67,2017-03-08 06:54:30,6.358,27,2.0063733634163086
MID37,SID37,67,2017-03-08 06:54:30,7.267,25,2.210986188643382
MID34,SID34,67,2017-03-08 06:54:30,4.542,29,2.462526737583672
MID11,SID11,67,2017-03-08 06:54:40,9.111,29,2.3155158058075545
MID96,SID96,67,2017-03-08 06:54:40,8.200,32,2.2555209461722763
MID24,SID24,67,2017-03-08 06:54:40,4.556,25,2.2269798213389755
MID22,SID22,67,2017-03-08 06:54:40,6.378,30,2.414549971917457
MID20,SID20,67,2017-03-08 06:54:40,6.378,33,2.2925534250408908
MID79,SID79,67,2017-03-08 06:54:40,4.556,25,2.45857921819958
MID78,SID78,67,2017-03-08 06:54:40,7.289,30,2.294992379983892
MID71,SID71,67,2017-03-08 06:54:40,5.467,29,2.0212646643102494
MID88,SID88,67,2017-03-08 06:54:40,7.289,33,2.2938412323307733
MID86,SID86,67,2017-03-08 06:54:40,5.467,26,2.0699005628713167
MID55,SID55,67,2017-03-08 06:54:40,7.289,32,2.060228512925156
MID67,SID67,67,2017-03-08 06:54:40,8.200,30,2.212491684263075
MID65,SID65,67,2017-03-08 06:54:40,8.200,33,2.0612237049257045
MID63,SID63,67,2017-03-08 06:54:40,5.467,29,2.38874637735718
MID38,SID38,67,2017-03-08 06:54:40,6.378,26,2.2575625771569117
MID37,SID37,67,2017-03-08 06:54:40,7.289,26,2.08207918164552
MID34,SID34,67,2017-03-08 06:54:40,4.556,32,2.0109230573577555
MID11,SID11,67,2017-03-08 06:54:50,9.139,30,2.125250027474017
MID96,SID96,67,2017-03-08 06:54:50,8.225,30,2.1926171924598465
MID24,SID24,67,2017-03-08 06:54:50,4.569,26,2.4146769249248115
MID22,SID22,67,2017-03-08 06:54:50,6.397,31,2.2984304833248985
MID20,SID20,67,2017-03-08 06:54:50,6.397,26,2.164396494833516
MID79,SID79,67,2017-03-08 06:54:50,4.569,31,2.2099877274168627
MID78,SID78,67,2017-03-08 06:54:50,7.311,27,2.0297287977193452
MID71,SID71,67,2017-03-08 06:54:50,5.483,31,2.3318201446299196
MID88,SID88,67,2017-03-08 06:54:50,7.311,31,2.345804067565067
MID86,SID86,67,2017-03-08 06:54:50,5.483,30,2.451901853315864
MID55,SID55,67,2017-03-08 06:54:50,7.311,30,2.2349196794028603
MID67,SID67,67,2017-03-08 06:54:50,8.225,31,2.144696164826433
MID65,SID65,67,2017-03-08 06:54:50,8.225,29,2.182688177923859
MID63,SID63,67,2017-03-08 06:54:50,5.483,30,2.3280639429358705
MID38,SID38,67,2017-03-08 06:54:50,6.397,32,2.4189151785908805
MID37,SID37,67,2017-03-08 06:54:50,7.311,34,2.398783599136067
MID34,SID34,67,2017-03-08 06:54:50,4.569,25,2.1689685912547447
MID11,SID11,67,2017-03-08 06:55:00,9.167,28,2.1708543207080098
MID96,SID96,67,2017-03-08 06:55:00,8.250,34,2.4972024528976737
MID24,SID24,67,2017-03-08 06:55:00,4.583,30,2.372074087838965
MID22,SID22,67,2017-03-08 06:55:00,6.417,34,2.070252471575358
MID20,SID20,67,2017-03-08 06:55:00,6.417,34,2.1988413569910747
MID79,SID79,67,2017-03-08 06:55:00,4.583,30,2.252782862742573
MID78,SID78,67,2017-03-08 06:55:00,7.333,30,2.408848364662769
MID71,SID71,67,2017-03-08 06:55:00,5.500,25,2.10334584457781
MID88,SID88,67,2017-03-08 06:55:00,7.333,25,2.23232524229508
MID86,SID86,67,2017-03-08 06:55:00,5.500,29,2.323247968846731
MID55,SID55,67,2017-03-08 06:55:00,7.333,34,2.3937624853061266
MID67,SID67,67,2017-03-08 06:55:00,8.250,32,2.3935057792677354
MID65,SID65,67,2017-03-08 06:55:00,8.250,34,2.3439224673835914
MID63,SID63,67,2017-03-08 06:55:00,5.500,28,2.228064492252104
MID38,SID38,67,2017-03-08 06:55:00,6.417,32,2.2409040092788794
MID37,SID37,67,2017-03-08 06:55:00,7.333,33,2.4833026078398435
MID34,SID34,67,2017-03-08 06:55:00,4.583,30,2.0304003860087896
MID11,SID11,67,2017-03-08 06:55:10,9.194,31,2.434181604664178
MID96,SID96,67,2017-03-08 06:55:10,8.275,26,2.391705673519831
MID24,SID24,67,2017-03-08 06:55:10,4.597,25,2.3012398818961852
MID22,SID22,67,2017-03-08 06:55:10,6.436,29,2.381606971565355
MID20,SID20,67,2017-03-08 06:55:10,6.436,28,2.458224124678975
MID79,SID79,67,2017-03-08 06:55:10,4.597,30,2.1888762413348157
MID78,SID78,67,2017-03-08 06:55:10,7.356,29,2.2898486662008115
MID88,SID88,67,2017-03-08 06:55:10,7.356,26,2.08138242410483
MID55,SID55,67,2017-03-08 06:55:10,7.356,32,2.3326364241653006
MID67,SID67,67,2017-03-08 06:55:10,8.275,29,2.0833122164417093
MID65,SID65,67,2017-03-08 06:55:10,8.275,25,2.4948444384253765
MID63,SID63,67,2017-03-08 06:55:10,5.517,28,2.067350528105627
MID38,SID38,67,2017-03-08 06:55:10,6.436,27,2.3766972683768897
MID37,SID37,67,2017-03-08 06:55:10,7.356,32,2.401089210409091
MID34,SID34,67,2017-03-08 06:55:10,4.597,32,2.2978039597271858
MID11,SID11,67,2017-03-08 06:55:20,9.222,28,2.378830043778927
MID96,SID96,67,2017-03-08 06:55:20,8.300,29,2.0806949880095185
MID24,SID24,67,2017-03-08 06:55:20,4.611,32,2.344784663407838
MID22,SID22,67,2017-03-08 06:55:20,6.456,25,2.067794575472755
MID20,SID20,67,2017-03-08 06:55:20,6.456,26,2.2348814874897074
MID79,SID79,67,2017-03-08 06:55:20,4.611,27,2.1771090101883037
MID78,SID78,67,2017-03-08 06:55:20,7.378,31,2.199128330761072
MID88,SID88,67,2017-03-08 06:55:20,7.378,29,2.141606073263501
MID55,SID55,67,2017-03-08 06:55:20,7.378,31,2.21684706761975
MID67,SID67,67,2017-03-08 06:55:20,8.300,27,2.0081532940734306
MID65,SID65,67,2017-03-08 06:55:20,8.300,25,2.00123642903815
MID63,SID63,67,2017-03-08 06:55:20,5.533,25,2.4338097738662534
MID38,SID38,67,2017-03-08 06:55:20,6.456,32,2.1312979030056063
MID37,SID37,67,2017-03-08 06:55:20,7.378,28,2.4640711569454874
MID34,SID34,67,2017-03-08 06:55:20,4.611,34,2.052749880407791
MID11,SID11,67,2017-03-08 06:55:30,9.250,30,2.058357389028721
MID96,SID96,67,2017-03-08 06:55:30,8.325,30,2.24371482185789
MID24,SID24,67,2017-03-08 06:55:30,4.625,31,2.02347378214278
MID22,SID22,67,2017-03-08 06:55:30,6.475,31,2.0443335588890306
MID20,SID20,67,2017-03-08 06:55:30,6.475,34,2.4318534311430247
MID79,SID79,67,2017-03-08 06:55:30,4.625,34,2.0336187711082845
MID78,SID78,67,2017-03-08 06:55:30,7.400,32,2.304024136773826
MID88,SID88,67,2017-03-08 06:55:30,7.400,34,2.3624339789297513
MID55,SID55,67,2017-03-08 06:55:30,7.400,34,2.0484203057561174
MID67,SID67,67,2017-03-08 06:55:30,8.325,27,2.36883089923063
MID65,SID65,67,2017-03-08 06:55:30,8.325,26,2.0111112243018665
MID63,SID63,67,2017-03-08 06:55:30,5.550,29,2.413033048316021
MID38,SID38,67,2017-03-08 06:55:30,6.475,25,2.078099331046658
MID37,SID37,67,2017-03-08 06:55:30,7.400,25,2.167629324234346
MID34,SID34,67,2017-03-08 06:55:30,4.625,25,2.366631964324707
MID11,SID11,67,2017-03-08 06:55:40,9.278,32,2.090632757085121
MID96,SID96,67,2017-03-08 06:55:40,8.350,28,2.323936873448591
MID24,SID24,67,2017-03-08 06:55:40,4.639,30,2.3286012063891026
MID22,SID22,67,2017-03-08 06:55:40,6.494,26,2.351032638331679
MID20,SID20,67,2017-03-08 06:55:40,6.494,25,2.4182395005457655
MID79,SID79,67,2017-03-08 06:55:40,4.639,29,2.4649923636811235
MID78,SID78,67,2017-03-08 06:55:40,7.422,25,2.0376331738675475
MID88,SID88,67,2017-03-08 06:55:40,7.422,31,2.0881557239093227
MID55,SID55,67,2017-03-08 06:55:40,7.422,34,2.442832843559965
MID67,SID67,67,2017-03-08 06:55:40,8.350,25,2.3605417538592754
MID65,SID65,67,2017-03-08 06:55:40,8.350,26,2.0978016311982004
MID63,SID63,67,2017-03-08 06:55:40,5.567,30,2.192437756061204
MID38,SID38,67,2017-03-08 06:55:40,6.494,25,2.238821574349307
MID37,SID37,67,2017-03-08 06:55:40,7.422,30,2.1544361792518814
MID34,SID34,67,2017-03-08 06:55:40,4.639,26,2.066826208849055
MID11,SID11,67,2017-03-08 06:55:50,9.306,28,2.441094405150198
MID96,SID96,67,2017-03-08 06:55:50,8.375,29,2.22319222260428
MID24,SID24,67,2017-03-08 06:55:50,4.653,29,2.2168286125838783
MID22,SID22,67,2017-03-08 06:55:50,6.514,25,2.231846266096969
MID20,SID20,67,2017-03-08 06:55:50,6.514,25,2.0010109126818043
MID79,SID79,67,2017-03-08 06:55:50,4.653,34,2.494423399393626
MID78,SID78,67,2017-03-08 06:55:50,7.444,25,2.333645513906391
MID88,SID88,67,2017-03-08 06:55:50,7.444,28,2.0439197404547143
MID55,SID55,67,2017-03-08 06:55:50,7.444,26,2.2129505354597767
MID67,SID67,67,2017-03-08 06:55:50,8.375,33,2.268770570222605
MID65,SID65,67,2017-03-08 06:55:50,8.375,29,2.1908924550640827
MID63,SID63,67,2017-03-08 06:55:50,5.583,32,2.173763460966328
MID38,SID38,67,2017-03-08 06:55:50,6.514,32,2.249464350265508
MID37,SID37,67,2017-03-08 06:55:50,7.444,30,2.120420874462782
MID34,SID34,67,2017-03-08 06:55:50,4.653,28,2.2913806654584596
MID11,SID11,67,2017-03-08 06:56:00,9.333,32,2.1758728454664835
MID96,SID96,67,2017-03-08 06:56:00,8.400,34,2.3282999693037043
MID24,SID24,67,2017-03-08 06:56:00,4.667,33,2.3029335763123235
MID22,SID22,67,2017-03-08 06:56:00,6.533,34,2.4776695261968644
MID20,SID20,67,2017-03-08 06:56:00,6.533,25,2.4875098252221024
MID79,SID79,67,2017-03-08 06:56:00,4.667,29,2.0280035238461913
MID78,SID78,67,2017-03-08 06:56:00,7.467,34,2.2355762123135876
MID88,SID88,67,2017-03-08 06:56:00,7.467,31,2.489887026348204
MID55,SID55,67,2017-03-08 06:56:00,7.467,29,2.427674831822398
MID67,SID67,67,2017-03-08 06:56:00,8.400,33,2.333079334132162
MID65,SID65,67,2017-03-08 06:56:00,8.400,33,2.0186298350615774
MID63,SID63,67,2017-03-08 06:56:00,5.600,31,2.0221421893464555
MID38,SID38,67,2017-03-08 06:56:00,6.533,31,2.344840912833627
MID37,SID37,67,2017-03-08 06:56:00,7.467,34,2.2544033017412626
MID34,SID34,67,2017-03-08 06:56:00,4.667,27,2.1238728250469445
MID11,SID11,67,2017-03-08 06:56:10,9.361,30,2.056155656765021
MID96,SID96,67,2017-03-08 06:56:10,8.425,34,2.066453108720282
MID24,SID24,67,2017-03-08 06:56:10,4.681,32,2.434784774327702
MID22,SID22,67,2017-03-08 06:56:10,6.553,34,2.1705033736664143
MID79,SID79,67,2017-03-08 06:56:10,4.681,29,2.263516687523311
MID88,SID88,67,2017-03-08 06:56:10,7.489,26,2.098988639796389
MID55,SID55,67,2017-03-08 06:56:10,7.489,34,2.084087145127203
MID67,SID67,67,2017-03-08 06:56:10,8.425,34,2.334630566343076
MID65,SID65,67,2017-03-08 06:56:10,8.425,28,2.105879706904341
MID63,SID63,67,2017-03-08 06:56:10,5.617,26,2.065291693749956
MID37,SID37,67,2017-03-08 06:56:10,7.489,28,2.453159949431552
MID34,SID34,67,2017-03-08 06:56:10,4.681,25,2.470372154382174
MID11,SID11,67,2017-03-08 06:56:20,9.389,32,2.394276992442891
MID96,SID96,67,2017-03-08 06:56:20,8.450,28,2.02649843365311
MID24,SID24,67,2017-03-08 06:56:20,4.694,31,2.084071970752308
MID22,SID22,67,2017-03-08 06:56:20,6.572,25,2.441441884605421
MID79,SID79,67,2017-03-08 06:56:20,4.694,34,2.2958864500544847
MID88,SID88,67,2017-03-08 06:56:20,7.511,32,2.0642899940229817
MID55,SID55,67,2017-03-08 06:56:20,7.511,31,2.054253996251329
MID67,SID67,67,2017-03-08 06:56:20,8.450,26,2.4849334040771254
MID65,SID65,67,2017-03-08 06:56:20,8.450,31,2.4210713028359003
MID63,SID63,67,2017-03-08 06:56:20,5.633,31,2.3960446035207426
MID37,SID37,67,2017-03-08 06:56:20,7.511,32,2.113414963767377
MID34,SID34,67,2017-03-08 06:56:20,4.694,28,2.4017455474604477
MID11,SID11,67,2017-03-08 06:56:30,9.417,30,2.4219817887420345
MID96,SID96,67,2017-03-08 06:56:30,8.475,26,2.249408552321711
MID24,SID24,67,2017-03-08 06:56:30,4.708,33,2.1552259679397547
MID22,SID22,67,2017-03-08 06:56:30,6.592,26,2.408242318239172
MID79,SID79,67,2017-03-08 06:56:30,4.708,25,2.448996282436179
MID88,SID88,67,2017-03-08 06:56:30,7.533,33,2.432055001023906
MID55,SID55,67,2017-03-08 06:56:30,7.533,29,2.451999204395473
MID67,SID67,67,2017-03-08 06:56:30,8.475,27,2.1989758073164904
MID65,SID65,67,2017-03-08 06:56:30,8.475,33,2.2756406888581853
MID63,SID63,67,2017-03-08 06:56:30,5.650,26,2.1134807696189224
MID37,SID37,67,2017-03-08 06:56:30,7.533,34,2.467965270308392
MID34,SID34,67,2017-03-08 06:56:30,4.708,31,2.1443052305614123
MID11,SID11,67,2017-03-08 06:56:40,9.444,32,2.320143967725079
MID96,SID96,67,2017-03-08 06:56:40,8.500,29,2.3413501175287457
MID24,SID24,67,2017-03-08 06:56:40,4.722,30,2.400743614156493
MID22,SID22,67,2017-03-08 06:56:40,6.611,34,2.4627014753454954
MID79,SID79,67,2017-03-08 06:56:40,4.722,31,2.0725316355569463
MID88,SID88,67,2017-03-08 06:56:40,7.556,33,2.1517356571313844
MID55,SID55,67,2017-03-08 06:56:40,7.556,32,2.1612478595120055
MID67,SID67,67,2017-03-08 06:56:40,8.500,31,2.229772003009192
MID65,SID65,67,2017-03-08 06:56:40,8.500,32,2.3956907274610173
MID63,SID63,67,2017-03-08 06:56:40,5.667,33,2.167366061743105
MID37,SID37,67,2017-03-08 06:56:40,7.556,33,2.0108261045396123
MID34,SID34,67,2017-03-08 06:56:40,4.722,26,2.2860550144889373
MID11,SID11,67,2017-03-08 06:56:50,9.472,27,2.311778730387302
MID96,SID96,67,2017-03-08 06:56:50,8.525,33,2.0783741460193133
MID24,SID24,67,2017-03-08 06:56:50,4.736,26,2.0244036772493663
MID22,SID22,67,2017-03-08 06:56:50,6.631,31,2.477787673067671
MID79,SID79,67,2017-03-08 06:56:50,4.736,30,2.3172381219589373
MID88,SID88,67,2017-03-08 06:56:50,7.578,25,2.431478448297071
MID55,SID55,67,2017-03-08 06:56:50,7.578,26,2.4343318629716215
MID67,SID67,67,2017-03-08 06:56:50,8.525,27,2.409732301373015
MID65,SID65,67,2017-03-08 06:56:50,8.525,27,2.4447919499701007
MID63,SID63,67,2017-03-08 06:56:50,5.683,34,2.0551611608875064
MID37,SID37,67,2017-03-08 06:56:50,7.578,28,2.397036436541455
MID34,SID34,67,2017-03-08 06:56:50,4.736,33,2.4173845567550143
MID11,SID11,67,2017-03-08 06:57:00,9.500,30,2.407023473115385
MID96,SID96,67,2017-03-08 06:57:00,8.550,26,2.0593382679567167
MID24,SID24,67,2017-03-08 06:57:00,4.750,34,2.3213765366414627
MID22,SID22,67,2017-03-08 06:57:00,6.650,29,2.4195208330815063
MID79,SID79,67,2017-03-08 06:57:00,4.750,34,2.4130962607544526
MID88,SID88,67,2017-03-08 06:57:00,7.600,30,2.131076191034589
MID55,SID55,67,2017-03-08 06:57:00,7.600,25,2.406196252880979
MID67,SID67,67,2017-03-08 06:57:00,8.550,32,2.123844155782609
MID65,SID65,67,2017-03-08 06:57:00,8.550,30,2.1045834101286522
MID63,SID63,67,2017-03-08 06:57:00,5.700,28,2.3156211159234927
MID37,SID37,67,2017-03-08 06:57:00,7.600,27,2.130929998080101
MID34,SID34,67,2017-03-08 06:57:00,4.750,34,2.3404530686540874
MID11,SID11,67,2017-03-08 06:57:10,9.528,34,2.1095914533532425
MID96,SID96,67,2017-03-08 06:57:10,8.575,27,2.027061741613204
MID24,SID24,67,2017-03-08 06:57:10,4.764,28,2.4385004480745454
MID22,SID22,67,2017-03-08 06:57:10,6.669,27,2.083518655426817
MID88,SID88,67,2017-03-08 06:57:10,7.622,33,2.229940327820696
MID55,SID55,67,2017-03-08 06:57:10,7.622,27,2.2440434378462033
MID67,SID67,67,2017-03-08 06:57:10,8.575,28,2.4202945947259544
MID65,SID65,67,2017-03-08 06:57:10,8.575,29,2.2997204513373024
MID63,SID63,67,2017-03-08 06:57:10,5.717,27,2.4281080068225136
MID37,SID37,67,2017-03-08 06:57:10,7.622,30,2.2645696671722977
MID34,SID34,67,2017-03-08 06:57:10,4.764,28,2.40324193203395
MID11,SID11,67,2017-03-08 06:57:20,9.556,30,2.461211043774229
MID96,SID96,67,2017-03-08 06:57:20,8.600,25,2.351046274975668
MID24,SID24,67,2017-03-08 06:57:20,4.778,26,2.418643790839363
MID22,SID22,67,2017-03-08 06:57:20,6.689,26,2.3037508581955786
MID88,SID88,67,2017-03-08 06:57:20,7.644,28,2.1112974753334064
MID55,SID55,67,2017-03-08 06:57:20,7.644,26,2.3708480957418923
MID67,SID67,67,2017-03-08 06:57:20,8.600,34,2.1670750754800414
MID65,SID65,67,2017-03-08 06:57:20,8.600,34,2.211504041896395
MID63,SID63,67,2017-03-08 06:57:20,5.733,30,2.0549179871993086
MID37,SID37,67,2017-03-08 06:57:20,7.644,25,2.3970147590485404
MID34,SID34,67,2017-03-08 06:57:20,4.778,26,2.2121694202896425
MID11,SID11,67,2017-03-08 06:57:30,9.583,30,2.1290322512406337
MID96,SID96,67,2017-03-08 06:57:30,8.625,30,2.3891462238044907
MID24,SID24,67,2017-03-08 06:57:30,4.792,31,2.1514288769234904
MID22,SID22,67,2017-03-08 06:57:30,6.708,34,2.2731783076648435
MID88,SID88,67,2017-03-08 06:57:30,7.667,27,2.4522880256177277
MID55,SID55,67,2017-03-08 06:57:30,7.667,34,2.17457418428499
MID67,SID67,67,2017-03-08 06:57:30,8.625,28,2.2415531103718376
MID65,SID65,67,2017-03-08 06:57:30,8.625,30,2.1777977551353236
MID63,SID63,67,2017-03-08 06:57:30,5.750,32,2.1250054991314546
MID37,SID37,67,2017-03-08 06:57:30,7.667,28,2.050719309060768
MID34,SID34,67,2017-03-08 06:57:30,4.792,25,2.2567603430124143
MID11,SID11,67,2017-03-08 06:57:40,9.611,29,2.3054349260888394
MID96,SID96,67,2017-03-08 06:57:40,8.650,30,2.255699520383988
MID24,SID24,67,2017-03-08 06:57:40,4.806,33,2.2917104753548
MID22,SID22,67,2017-03-08 06:57:40,6.728,27,2.1044299345614634
MID88,SID88,67,2017-03-08 06:57:40,7.689,34,2.490384497286132
MID55,SID55,67,2017-03-08 06:57:40,7.689,32,2.0326794301411946
MID67,SID67,67,2017-03-08 06:57:40,8.650,32,2.4758487119156256
MID65,SID65,67,2017-03-08 06:57:40,8.650,31,2.1193467480568757
MID63,SID63,67,2017-03-08 06:57:40,5.767,32,2.4855218007636055
MID37,SID37,67,2017-03-08 06:57:40,7.689,34,2.376831620890729
MID34,SID34,67,2017-03-08 06:57:40,4.806,30,2.2509011590917813
MID11,SID11,67,2017-03-08 06:57:50,9.639,26,2.4212646162151183
MID96,SID96,67,2017-03-08 06:57:50,8.675,25,2.0601664951127177
MID24,SID24,67,2017-03-08 06:57:50,4.819,30,2.3442988109550416
MID22,SID22,67,2017-03-08 06:57:50,6.747,34,2.150281480093027
MID88,SID88,67,2017-03-08 06:57:50,7.711,28,2.433936538186318
MID55,SID55,67,2017-03-08 06:57:50,7.711,32,2.1690955541454873
MID67,SID67,67,2017-03-08 06:57:50,8.675,27,2.05980708689092
MID65,SID65,67,2017-03-08 06:57:50,8.675,30,2.467501181455513
MID63,SID63,67,2017-03-08 06:57:50,5.783,32,2.1286970085769616
MID37,SID37,67,2017-03-08 06:57:50,7.711,26,2.14328817935536
MID34,SID34,67,2017-03-08 06:57:50,4.819,27,2.1643711573143642
MID11,SID11,67,2017-03-08 06:58:00,9.667,27,2.048939265261125
MID96,SID96,67,2017-03-08 06:58:00,8.700,30,2.0199648635642036
MID24,SID24,67,2017-03-08 06:58:00,4.833,32,2.3049649275410724
MID22,SID22,67,2017-03-08 06:58:00,6.767,31,2.082929815164603
MID88,SID88,67,2017-03-08 06:58:00,7.733,32,2.4549939707932573
MID55,SID55,67,2017-03-08 06:58:00,7.733,25,2.1085381787887947
MID67,SID67,67,2017-03-08 06:58:00,8.700,31,2.4627845541205176
MID65,SID65,67,2017-03-08 06:58:00,8.700,26,2.030435623161698
MID63,SID63,67,2017-03-08 06:58:00,5.800,26,2.2354264569502025
MID37,SID37,67,2017-03-08 06:58:00,7.733,33,2.249330344882477
MID34,SID34,67,2017-03-08 06:58:00,4.833,32,2.296399734736282
MID96,SID96,67,2017-03-08 06:58:10,8.725,27,2.3826018156610247
MID24,SID24,67,2017-03-08 06:58:10,4.847,32,2.0355899393305155
MID22,SID22,67,2017-03-08 06:58:10,6.786,26,2.270438293581227
MID88,SID88,67,2017-03-08 06:58:10,7.756,27,2.4839505941285087
MID55,SID55,67,2017-03-08 06:58:10,7.756,29,2.4585603423491365
MID67,SID67,67,2017-03-08 06:58:10,8.725,27,2.0898298944039437
MID65,SID65,67,2017-03-08 06:58:10,8.725,27,2.141125561173951
MID63,SID63,67,2017-03-08 06:58:10,5.817,27,2.406218940309763
MID96,SID96,67,2017-03-08 06:58:20,8.750,30,2.2588972665153744
MID24,SID24,67,2017-03-08 06:58:20,4.861,33,2.4430718785080336
MID22,SID22,67,2017-03-08 06:58:20,6.806,25,2.285805350249505
MID88,SID88,67,2017-03-08 06:58:20,7.778,31,2.3394764504387204
MID55,SID55,67,2017-03-08 06:58:20,7.778,33,2.455472693414141
MID67,SID67,67,2017-03-08 06:58:20,8.750,30,2.236615081581032
MID65,SID65,67,2017-03-08 06:58:20,8.750,28,2.013921081989861
MID63,SID63,67,2017-03-08 06:58:20,5.833,33,2.0360749826228206
MID96,SID96,67,2017-03-08 06:58:30,8.775,26,2.108471037720301
MID24,SID24,67,2017-03-08 06:58:30,4.875,28,2.4263610753454388
MID22,SID22,67,2017-03-08 06:58:30,6.825,30,2.0876362494455525
MID88,SID88,67,2017-03-08 06:58:30,7.800,30,2.4432578648916525
MID55,SID55,67,2017-03-08 06:58:30,7.800,31,2.3067469606025486
MID67,SID67,67,2017-03-08 06:58:30,8.775,27,2.1271917349884766
MID65,SID65,67,2017-03-08 06:58:30,8.775,30,2.1289860177912754
MID63,SID63,67,2017-03-08 06:58:30,5.850,27,2.3487955566097316
MID96,SID96,67,2017-03-08 06:58:40,8.800,32,2.3181632123332556
MID24,SID24,67,2017-03-08 06:58:40,4.889,26,2.3627852581417024
MID22,SID22,67,2017-03-08 06:58:40,6.844,29,2.0517230980768697
MID88,SID88,67,2017-03-08 06:58:40,7.822,25,2.056959777001471
MID55,SID55,67,2017-03-08 06:58:40,7.822,30,2.191919105685718
MID67,SID67,67,2017-03-08 06:58:40,8.800,33,2.4027091071281017
MID65,SID65,67,2017-03-08 06:58:40,8.800,30,2.491574140588744
MID63,SID63,67,2017-03-08 06:58:40,5.867,26,2.417318456257678
MID96,SID96,67,2017-03-08 06:58:50,8.825,30,2.4789511975748693
MID24,SID24,67,2017-03-08 06:58:50,4.903,25,2.3498804107793183
MID22,SID22,67,2017-03-08 06:58:50,6.864,32,2.4380990624176873
MID88,SID88,67,2017-03-08 06:58:50,7.844,30,2.22628578455733
MID55,SID55,67,2017-03-08 06:58:50,7.844,33,2.060706520535253
MID67,SID67,67,2017-03-08 06:58:50,8.825,34,2.10606462214675
MID65,SID65,67,2017-03-08 06:58:50,8.825,26,2.4430432373486974
MID63,SID63,67,2017-03-08 06:58:50,5.883,33,2.222625860896363
MID96,SID96,67,2017-03-08 06:59:00,8.850,25,2.2314136237332756
MID24,SID24,67,2017-03-08 06:59:00,4.917,27,2.231889864704442
MID22,SID22,67,2017-03-08 06:59:00,6.883,34,2.3932130167871835
MID88,SID88,67,2017-03-08 06:59:00,7.867,27,2.233302719173877
MID55,SID55,67,2017-03-08 06:59:00,7.867,30,2.4351375374832696
MID67,SID67,67,2017-03-08 06:59:00,8.850,30,2.327452744486066
MID65,SID65,67,2017-03-08 06:59:00,8.850,25,2.2326194324944026
MID63,SID63,67,2017-03-08 06:59:00,5.900,28,2.1395540834068405
MID67,SID67,67,2017-03-08 06:59:10,8.875,26,2.0825947897335313
MID63,SID63,67,2017-03-08 06:59:10,5.917,27,2.104522722065986
MID67,SID67,67,2017-03-08 06:59:20,8.900,27,2.4802487155271833
MID63,SID63,67,2017-03-08 06:59:20,5.933,29,2.1871186917593737
MID67,SID67,67,2017-03-08 06:59:30,8.925,25,2.2508923941783645
MID63,SID63,67,2017-03-08 06:59:30,5.950,25,2.4074988147975644
MID67,SID67,67,2017-03-08 06:59:40,8.950,31,2.0490096720554076
MID63,SID63,67,2017-03-08 06:59:40,5.967,34,2.278248787149698
MID67,SID67,67,2017-03-08 06:59:50,8.975,32,2.154121282245437
MID63,SID63,67,2017-03-08 06:59:50,5.983,30,2.0566272701902246
MID67,SID67,67,2017-03-08 07:00:00,9.000,30,2.465059596345487
MID63,SID63,67,2017-03-08 07:00:00,6.000,26,2.2611544455303463
